condition_label,target,rotation_deg,cursorjump,targetjump,arrow_offset,aiming_target,aiming_direction,aiming_type,feedback_type,hold_duration,hold_target,phase,trialtype,mousex_rel,mousey_rel,mouse_time,step,points,cumulativetime,version,trials.thisRepN,trials.thisTrialN,trials.thisN,trials.thisIndex,trials.ran,participant,condition,qualtrics,group,date,expName,psychopyVersion,OS,frameRate
cursorjump,135,0,0.5,10,NA,0,NA,0,1,0.5,FALSE,practice,1,"[-0.00625,-0.002083,0,0.002083,0.004167,0.002083,-0.00625,-0.008333,-0.0125,-0.0125,-0.0125,-0.0125,-0.0125,-0.014583,-0.010417,-0.00625,0.008333,0.01875,0.020833,0.020833,0.020833,0.022917,0.022917,0.022917,0.01875,0.016667,0.010417,0.00625,0.002083,0,0.004167,0.0125,0.033333,0.045833,0.075,0.104167,0.122917,0.129167,0.1375,0.141667,0.139583,0.13125,0.116667,0.108333,0.089583,0.079167,0.05625,0.03125,0,-0.014583,-0.04375,-0.054167,-0.075,-0.09375,-0.108333,-0.114583,-0.125,-0.127083,-0.127083,-0.127083,-0.13125,-0.135417,-0.145833,-0.152083,-0.164583,-0.185417,-0.20625,-0.2125,-0.227083,-0.233333,-0.252083,-0.277083,-0.304167,-0.31875,-0.345833,-0.35625,-0.377083,-0.391667,-0.404167,-0.408333,-0.414583,-0.416667,-0.420833,-0.427083,-0.43125,-0.435417,-0.439583,-0.441667,-0.441667,-0.445833,-0.45,-0.454167,-0.460417,-0.46875,-0.470833,-0.479167,-0.483333,-0.489583,-0.49375,-0.495833,-0.497917,-0.5,-0.502083,-0.50625,-0.510417,-0.5125,-0.516667,-0.522917,-0.525,-0.535417,-0.545833,-0.55625,-0.560417,-0.570833,-0.577083,-0.5875,-0.597917,-0.608333,-0.6125,-0.620833,-0.625,-0.629167,-0.633333,-0.6375,-0.641667,-0.65,-0.654167,-0.664583,-0.670833,-0.677083,-0.679167,-0.685417,-0.6875,-0.689583,-0.69375,-0.69375,-0.695833,-0.695833,-0.697917,-0.7,-0.7,-0.702083,-0.702083,-0.702083,-0.704167,-0.702083,-0.7,-0.695833,-0.69375,-0.691667,-0.691667,-0.69375,-0.69375,-0.697917,-0.697917,-0.697917,-0.697917,-0.7,-0.7,-0.702083,-0.702083,-0.702083,-0.702083,-0.702083,-0.70625,-0.708333,-0.714583,-0.716667,-0.716667,-0.714583,-0.710417,-0.708333,-0.702083,-0.695833,-0.691667,-0.685417,-0.6875,-0.6875,-0.6875,-0.689583,-0.689583,-0.6875,-0.679167,-0.670833,-0.645833,-0.61875,-0.60625,-0.575,-0.533333,-0.516667,-0.489583,-0.46875,-0.458333,-0.441667,-0.425,-0.416667,-0.397917,-0.379167,-0.379167,-0.375,-0.358333,-0.345833,-0.310417,-0.270833,-0.247917,-0.20625,-0.1625,-0.141667,-0.104167,-0.070833,-0.05625,-0.033333,-0.0125,-0.002083,0.016667,0.027083,0.029167,0.029167,0.025,0.022917,0.0125,0.008333,0.002083,0,0,0.002083,0.00625,0.008333,0.010417,0.01875,0.029167,0.033333,0.041667,0.04375,0.045833,0.047917,0.05,0.052083,0.054167,0.054167,0.054167,0.052083,0.052083,0.05,0.047917,0.047917,0.05,0.05,0.052083,0.052083,0.05,0.05,0.045833,0.041667,0.0375]","[0.013778,0.016889,0.016889,0.02,0.02,0.023111,0.035556,0.041778,0.054222,0.057333,0.060444,0.072889,0.088444,0.094667,0.113333,0.122667,0.141333,0.153778,0.16,0.163111,0.16,0.16,0.153778,0.144444,0.128889,0.113333,0.079111,0.057333,0.013778,-0.029778,-0.054667,-0.057778,-0.060889,-0.067111,-0.088889,-0.116889,-0.151111,-0.166667,-0.188444,-0.197778,-0.204,-0.204,-0.197778,-0.194667,-0.185333,-0.182222,-0.169778,-0.157333,-0.144889,-0.138667,-0.12,-0.110667,-0.092,-0.079556,-0.067111,-0.060889,-0.054667,-0.048444,-0.042222,-0.032889,-0.023556,-0.020444,-0.011111,-0.008,0.007556,0.029333,0.054222,0.063556,0.076,0.079111,0.091556,0.104,0.116444,0.122667,0.132,0.135111,0.144444,0.156889,0.169333,0.172444,0.184889,0.188,0.197333,0.206667,0.209778,0.222222,0.231556,0.244,0.250222,0.262667,0.268889,0.281333,0.290667,0.296889,0.3,0.303111,0.306222,0.312444,0.315556,0.318667,0.321778,0.328,0.331111,0.340444,0.352889,0.356,0.368444,0.380889,0.384,0.396444,0.408889,0.421333,0.424444,0.430667,0.433778,0.44,0.446222,0.452444,0.455556,0.461778,0.464889,0.471111,0.477333,0.483556,0.483556,0.489778,0.492889,0.496,0.502222,0.505333,0.508444,0.511556,0.511556,0.517778,0.520889,0.527111,0.530222,0.536444,0.539556,0.548889,0.561333,0.570667,0.576889,0.589333,0.595556,0.608,0.620444,0.632889,0.636,0.648444,0.651556,0.660889,0.664,0.670222,0.670222,0.673333,0.673333,0.676444,0.676444,0.679556,0.682667,0.685778,0.685778,0.685778,0.688889,0.692,0.698222,0.698222,0.698222,0.698222,0.695111,0.695111,0.695111,0.692,0.688889,0.682667,0.679556,0.679556,0.676444,0.670222,0.670222,0.664,0.654667,0.648444,0.629778,0.601778,0.583111,0.539556,0.492889,0.471111,0.436889,0.399556,0.384,0.359111,0.349778,0.346667,0.343556,0.334222,0.334222,0.328,0.315556,0.306222,0.278222,0.247111,0.228444,0.191111,0.156889,0.144444,0.119556,0.104,0.097778,0.091556,0.091556,0.091556,0.094667,0.097778,0.097778,0.097778,0.100889,0.100889,0.100889,0.100889,0.100889,0.100889,0.097778,0.097778,0.088444,0.085333,0.082222,0.076,0.069778,0.063556,0.057333,0.054222,0.054222,0.051111,0.048,0.048,0.044889,0.044889,0.044889,0.041778,0.041778,0.041778,0.035556,0.032444,0.026222,0.023111,0.02,0.02,0.016889,0.010667,0.004444,0.001333,-0.001778]","[0.0019,0.0294,0.0427,0.0476,0.0656,0.0815,0.0985,0.115,0.132,0.1491,0.1649,0.1819,0.199,0.2154,0.2321,0.2493,0.2651,0.2821,0.2987,0.3155,0.332,0.3488,0.3654,0.3819,0.3984,0.4156,0.4322,0.4488,0.4653,0.4821,0.499,0.5153,0.5322,0.5487,0.5651,0.5819,0.5988,0.6154,0.6322,0.6495,0.6658,0.682,0.699,0.7157,0.7325,0.7485,0.7655,0.7824,0.7985,0.8156,0.8325,0.849,0.8659,0.8824,0.899,0.916,0.9328,0.9487,0.9658,0.9826,0.9994,1.0154,1.0325,1.0488,1.0657,1.0826,1.0994,1.1155,1.1324,1.1493,1.1661,1.1829,1.1989,1.2161,1.2325,1.2492,1.2662,1.2825,1.2995,1.3162,1.3332,1.3501,1.366,1.383,1.3992,1.4167,1.4328,1.4499,1.4658,1.4828,1.4997,1.5167,1.5326,1.5497,1.5665,1.5835,1.5996,1.6159,1.6329,1.6499,1.6657,1.6827,1.6999,1.7162,1.7334,1.7491,1.7661,1.7834,1.7996,1.8169,1.8327,1.8496,1.8666,1.8829,1.9,1.9161,1.9331,1.9496,1.9664,1.9837,1.9998,2.0169,2.0331,2.0501,2.067,2.0835,2.101,2.1167,2.1335,2.1512,2.1672,2.1832,2.1998,2.2167,2.2333,2.2502,2.2668,2.2831,2.3002,2.3163,2.3333,2.3501,2.3667,2.3835,2.3999,2.4167,2.4334,2.4499,2.4667,2.4837,2.4999,2.5169,2.5336,2.5508,2.5669,2.5831,2.6005,2.6166,2.6333,2.6502,2.6667,2.6835,2.7002,2.7169,2.7337,2.7504,2.7682,2.7838,2.8008,2.817,2.8338,2.8506,2.8668,2.8835,2.9002,2.9168,2.9339,2.9509,2.9672,2.9842,3.0002,3.0173,3.0342,3.05,3.0678,3.0848,3.1007,3.1181,3.1342,3.1505,3.1678,3.1843,3.2007,3.2176,3.2339,3.2508,3.2674,3.2838,3.3005,3.3175,3.3342,3.3513,3.3676,3.3834,3.4014,3.4177,3.4336,3.4507,3.4678,3.484,3.5009,3.5183,3.5353,3.5516,3.5684,3.5845,3.6007,3.618,3.634,3.6514,3.6676,3.6847,3.7005,3.7174,3.7343,3.7517,3.7685,3.7845,3.8014,3.8176,3.8345,3.8517,3.8681,3.8842,3.9011,3.9181,3.9354,3.9517,3.9682,3.9843,4.0011,4.0181,4.0352,4.0512,4.0682,4.0844,4.1008,4.1177,4.1348,4.1518,4.1676,4.1845,4.2016,4.2179,4.2351]","[1,1,1,1,1,1,1,1,1,1,1,1,1,1,1,1,1,1,1,1,1,1,1,1,1,1,1,1,1,1,1,1,1,1,1,1,1,1,1,1,1,1,1,1,1,1,1,1,1,1,1,1,1,1,1,1,1,1,1,1,1,1,1,1,1,1,1,1,1,1,1,1,1,1,1,1,1,1,1,1,1,1,1,1,1,1,1,1,1,1,1,1,1,1,1,1,1,1,1,1,1,1,1,1,1,1,1,1,1,1,1,1,1,1,1,1,1,1,1,1,1,1,1,1,1,1,1,1,1,1,1,1,1,1,1,1,1,1,1,1,1,1,1,1,1,1,1,1,1,1,1,1,2,2,2,2,2,2,2,2,2,2,2,2,2,2,2,2,2,2,2,2,2,2,2,2,2,2,2,2,2,2,2,2,2,2,2,2,2,2,2,2,2,2,2,2,2,2,2,2,2,2,2,2,2,2,2,2,2,2,2,2,2,2,2,2,2,2,2,2,2,2,2,2,2,2,2,2,2,2,2,2,2,2,2,2,2,2,2,2,2,2,2,2,2,2,2,2,2,2,2,2,2,2,2]",0,20.9213,4,0,0,0,0,1,229579,4,SV_73ADPjbMtd0KUBg,304,2022-03-02_15h06.07.165,implicit_time,2021.1.4,Linux x86_64,59.95563283
cursorjump,125,0,0,10,NA,0,NA,0,0,0.5,FALSE,practice,0,"[0.002083,0.002083,0.002083,0,0,0,0,0,0,0,0,0,0,0,0,0,0,0,0,0,-0.002083,-0.002083,-0.00625,-0.010417,-0.01875,-0.033333,-0.05625,-0.06875,-0.095833,-0.110417,-0.141667,-0.170833,-0.2,-0.2125,-0.233333,-0.241667,-0.260417,-0.279167,-0.295833,-0.302083,-0.308333,-0.3125,-0.31875,-0.329167,-0.339583,-0.34375,-0.354167,-0.360417,-0.375,-0.3875,-0.395833,-0.4,-0.408333,-0.414583,-0.425,-0.4375,-0.44375,-0.452083,-0.458333,-0.4625,-0.470833,-0.479167,-0.483333,-0.491667,-0.502083,-0.508333,-0.520833,-0.533333,-0.547917,-0.554167,-0.566667,-0.572917,-0.5875,-0.597917,-0.602083,-0.60625,-0.608333,-0.610417,-0.614583,-0.61875,-0.620833,-0.627083,-0.63125,-0.633333,-0.639583,-0.641667,-0.652083,-0.660417,-0.670833,-0.677083,-0.6875,-0.69375,-0.704167,-0.716667,-0.73125,-0.7375,-0.75,-0.754167,-0.766667,-0.772917,-0.772917,-0.772917,-0.772917,-0.772917,-0.772917,-0.772917,-0.772917,-0.772917,-0.772917,-0.772917,-0.772917,-0.772917,-0.772917,-0.772917,-0.772917,-0.772917,-0.772917,-0.772917,-0.772917,-0.770833,-0.764583,-0.752083,-0.74375,-0.71875,-0.677083,-0.652083,-0.602083,-0.5625,-0.545833,-0.51875,-0.49375,-0.483333,-0.466667,-0.458333,-0.454167,-0.452083,-0.447917,-0.447917,-0.44375,-0.43125,-0.425,-0.40625,-0.3875,-0.379167,-0.35625,-0.329167,-0.31875,-0.302083,-0.29375,-0.28125,-0.260417,-0.233333,-0.220833,-0.19375,-0.183333,-0.166667,-0.154167,-0.139583,-0.133333,-0.11875,-0.1125,-0.104167,-0.097917,-0.089583,-0.083333,-0.072917,-0.06875,-0.060417,-0.05625,-0.052083,-0.052083,-0.05,-0.05,-0.05,-0.05,-0.047917,-0.045833,-0.04375,-0.04375,-0.041667,-0.0375,-0.027083,-0.020833,-0.008333,-0.00625,-0.002083,0,0.004167,0.008333,0.014583,0.016667,0.01875,0.016667,0.016667,0.01875,0.022917,0.027083,0.029167,0.03125,0.03125,0.033333,0.039583,0.04375,0.047917,0.047917,0.04375,0.041667,0.0375,0.035417,0.035417,0.035417,0.035417,0.035417,0.033333]","[-0.011111,-0.011111,-0.011111,-0.011111,-0.011111,-0.011111,-0.011111,-0.011111,-0.011111,-0.011111,-0.011111,-0.011111,-0.011111,-0.011111,-0.011111,-0.011111,-0.011111,-0.011111,-0.011111,-0.011111,-0.011111,-0.008,-0.008,-0.008,0.001333,0.02,0.044889,0.057333,0.088444,0.104,0.138222,0.166222,0.191111,0.200444,0.219111,0.225333,0.237778,0.250222,0.262667,0.268889,0.278222,0.281333,0.293778,0.309333,0.324889,0.334222,0.356,0.368444,0.387111,0.408889,0.424444,0.430667,0.446222,0.455556,0.471111,0.483556,0.489778,0.496,0.502222,0.502222,0.508444,0.514667,0.517778,0.520889,0.527111,0.533333,0.542667,0.552,0.561333,0.564444,0.573778,0.58,0.592444,0.604889,0.611111,0.617333,0.623556,0.623556,0.629778,0.636,0.639111,0.645333,0.654667,0.657778,0.667111,0.670222,0.685778,0.698222,0.710667,0.716889,0.729333,0.738667,0.748,0.757333,0.766667,0.769778,0.776,0.782222,0.791556,0.797778,0.797778,0.797778,0.797778,0.794667,0.794667,0.794667,0.794667,0.794667,0.794667,0.794667,0.794667,0.794667,0.794667,0.794667,0.794667,0.794667,0.794667,0.794667,0.794667,0.791556,0.782222,0.766667,0.757333,0.741778,0.723111,0.710667,0.688889,0.664,0.651556,0.632889,0.617333,0.611111,0.601778,0.595556,0.592444,0.586222,0.576889,0.570667,0.558222,0.548889,0.542667,0.530222,0.520889,0.514667,0.499111,0.486667,0.477333,0.468,0.461778,0.449333,0.436889,0.418222,0.405778,0.384,0.374667,0.362222,0.352889,0.343556,0.340444,0.331111,0.328,0.324889,0.321778,0.315556,0.312444,0.3,0.293778,0.281333,0.275111,0.268889,0.265778,0.262667,0.262667,0.262667,0.262667,0.259556,0.256444,0.250222,0.247111,0.240889,0.228444,0.212889,0.206667,0.191111,0.184889,0.175556,0.172444,0.16,0.153778,0.138222,0.128889,0.119556,0.110222,0.100889,0.097778,0.088444,0.085333,0.079111,0.079111,0.079111,0.076,0.066667,0.063556,0.054222,0.051111,0.048,0.048,0.041778,0.041778,0.035556,0.032444,0.029333,0.026222,0.023111]","[0.0009,0.0164,0.0335,0.0493,0.0661,0.0828,0.0995,0.1162,0.1326,0.1496,0.1661,0.183,0.1995,0.216,0.2327,0.2488,0.2659,0.2825,0.2993,0.3161,0.3327,0.3495,0.3663,0.383,0.3997,0.4165,0.433,0.4501,0.4663,0.4834,0.4993,0.5163,0.5333,0.5502,0.5662,0.5835,0.5999,0.6165,0.6332,0.6508,0.6671,0.6839,0.6998,0.7165,0.7332,0.7497,0.7667,0.7838,0.7999,0.8172,0.8333,0.85,0.8671,0.884,0.9,0.917,0.9341,0.95,0.9669,0.9835,1.0001,1.017,1.0336,1.0502,1.0671,1.0835,1.1003,1.1167,1.1334,1.1499,1.1667,1.1835,1.2003,1.217,1.2334,1.2503,1.267,1.2835,1.3004,1.3171,1.3341,1.3501,1.3671,1.384,1.3999,1.4169,1.434,1.451,1.467,1.4836,1.5002,1.517,1.5347,1.5509,1.5667,1.5837,1.6006,1.6173,1.6342,1.651,1.6673,1.6838,1.7005,1.7174,1.7342,1.7505,1.767,1.7837,1.8002,1.817,1.8338,1.8504,1.867,1.8837,1.9005,1.9173,1.934,1.951,1.9674,1.984,2.0007,2.0177,2.0345,2.0515,2.0676,2.0842,2.1013,2.1179,2.134,2.1509,2.1677,2.1848,2.2014,2.2175,2.2344,2.2514,2.2674,2.2846,2.3014,2.3181,2.3346,2.3515,2.3682,2.3849,2.4015,2.4173,2.4342,2.451,2.4678,2.4847,2.5017,2.5183,2.5352,2.5508,2.5677,2.5846,2.6014,2.6181,2.6347,2.6515,2.6678,2.6846,2.7012,2.7178,2.7344,2.7512,2.7679,2.7847,2.8014,2.8181,2.8349,2.8515,2.8681,2.8848,2.9015,2.9182,2.9349,2.9515,2.9684,2.9851,3.0019,3.0185,3.0353,3.052,3.0685,3.0854,3.1018,3.1186,3.1353,3.152,3.1686,3.1855,3.2017,3.2193,3.235,3.2518,3.2687,3.2855,3.3012,3.3181,3.3351,3.3519,3.3689,3.3847,3.4014,3.4181,3.4349,3.4517,3.4686,3.4855,3.5022,3.519,3.5358,3.5525]","[1,1,1,1,1,1,1,1,1,1,1,1,1,1,1,1,1,1,1,1,1,1,1,1,1,1,1,1,1,1,1,1,1,1,1,1,1,1,1,1,1,1,1,1,1,1,1,1,1,1,1,1,1,1,1,1,1,1,1,1,1,1,1,1,1,1,1,1,1,1,1,1,1,1,1,1,1,1,1,1,1,1,1,1,1,1,1,2,2,2,2,2,2,2,2,2,2,2,2,2,2,2,2,2,2,2,2,2,2,2,2,2,2,2,2,2,2,2,2,2,2,2,2,2,2,2,2,2,2,2,2,2,2,2,2,2,2,2,2,2,2,2,2,2,2,2,2,2,2,2,2,2,2,2,2,2,2,2,2,2,2,2,2,2,2,2,2,2,2,2,2,2,2,2,2,2,2,2,2,2,2,2,2,2,2,2,2,2,2,2,2,2,2,2,2,2,2,2,2,2,2,2,2,2,2,2,2,2,2,2,2,2,2,2]",0,24.9902,4,1,0,1,0,1,229579,4,SV_73ADPjbMtd0KUBg,304,2022-03-02_15h06.07.165,implicit_time,2021.1.4,Linux x86_64,59.95563283
cursorjump,45,0,0.5,10,NA,0,NA,0,1,0.5,FALSE,practice,1,"[-0.008333,-0.008333,-0.010417,-0.010417,-0.010417,-0.010417,-0.010417,-0.010417,-0.010417,-0.010417,-0.010417,-0.010417,-0.010417,-0.010417,-0.010417,-0.010417,-0.010417,-0.010417,-0.010417,-0.010417,-0.010417,-0.010417,-0.010417,-0.010417,-0.010417,-0.010417,-0.010417,-0.010417,-0.010417,-0.010417,-0.008333,0,0.0125,0.020833,0.0375,0.058333,0.06875,0.089583,0.1125,0.120833,0.1375,0.145833,0.15,0.15,0.15,0.147917,0.14375,0.139583,0.1375,0.135417,0.139583,0.141667,0.15,0.15625,0.160417,0.170833,0.1875,0.197917,0.216667,0.23125,0.235417,0.245833,0.260417,0.26875,0.2875,0.308333,0.316667,0.327083,0.339583,0.345833,0.36875,0.395833,0.416667,0.422917,0.433333,0.4375,0.441667,0.445833,0.458333,0.464583,0.477083,0.483333,0.495833,0.50625,0.514583,0.533333,0.552083,0.558333,0.56875,0.570833,0.572917,0.579167,0.5875,0.591667,0.602083,0.60625,0.610417,0.6125,0.614583,0.61875,0.627083,0.63125,0.639583,0.64375,0.645833,0.647917,0.654167,0.658333,0.666667,0.672917,0.675,0.675,0.679167,0.683333,0.69375,0.704167,0.7125,0.714583,0.71875,0.71875,0.71875,0.71875,0.71875,0.71875,0.71875,0.71875,0.71875,0.71875,0.71875,0.71875,0.71875,0.716667,0.714583,0.710417,0.70625,0.704167,0.695833,0.689583,0.672917,0.652083,0.622917,0.60625,0.564583,0.525,0.50625,0.477083,0.454167,0.445833,0.427083,0.410417,0.40625,0.397917,0.389583,0.3875,0.38125,0.372917,0.366667,0.358333,0.354167,0.35,0.345833,0.339583,0.3375,0.33125,0.327083,0.316667,0.304167,0.291667,0.283333,0.26875,0.260417,0.241667,0.220833,0.202083,0.191667,0.170833,0.160417,0.14375,0.133333,0.125,0.120833,0.116667,0.114583,0.110417,0.10625,0.1,0.095833,0.083333,0.077083,0.0625,0.047917,0.039583,0.035417,0.029167,0.027083,0.025,0.022917,0.022917,0.022917]","[-0.004889,-0.004889,-0.001778,-0.001778,-0.001778,-0.001778,-0.001778,-0.001778,0.001333,0.001333,0.001333,0.001333,0.001333,0.001333,0.001333,0.001333,0.001333,0.001333,0.001333,0.001333,0.001333,0.001333,0.001333,0.001333,0.001333,0.001333,0.001333,0.001333,0.001333,0.001333,0.004444,0.013778,0.038667,0.054222,0.091556,0.135111,0.153778,0.191111,0.228444,0.247111,0.278222,0.296889,0.303111,0.309333,0.309333,0.309333,0.306222,0.3,0.296889,0.296889,0.296889,0.3,0.306222,0.312444,0.312444,0.321778,0.331111,0.337333,0.352889,0.365333,0.368444,0.377778,0.393333,0.402667,0.421333,0.443111,0.452444,0.464889,0.474222,0.480444,0.499111,0.517778,0.533333,0.536444,0.542667,0.545778,0.548889,0.555111,0.567556,0.573778,0.583111,0.589333,0.598667,0.608,0.614222,0.626667,0.636,0.642222,0.645333,0.645333,0.648444,0.651556,0.654667,0.657778,0.664,0.664,0.667111,0.670222,0.670222,0.673333,0.682667,0.688889,0.698222,0.701333,0.704444,0.704444,0.707556,0.707556,0.710667,0.710667,0.710667,0.710667,0.710667,0.710667,0.713778,0.716889,0.716889,0.716889,0.716889,0.713778,0.713778,0.710667,0.707556,0.707556,0.707556,0.707556,0.707556,0.707556,0.707556,0.707556,0.707556,0.707556,0.704444,0.701333,0.698222,0.695111,0.685778,0.679556,0.660889,0.636,0.604889,0.586222,0.545778,0.499111,0.477333,0.433778,0.396444,0.377778,0.346667,0.321778,0.312444,0.3,0.287556,0.284444,0.275111,0.268889,0.262667,0.247111,0.237778,0.209778,0.178667,0.156889,0.144444,0.125778,0.116444,0.097778,0.079111,0.066667,0.060444,0.051111,0.048,0.032444,0.016889,-0.001778,-0.008,-0.020444,-0.026667,-0.036,-0.042222,-0.045333,-0.045333,-0.048444,-0.048444,-0.045333,-0.045333,-0.045333,-0.045333,-0.048444,-0.048444,-0.048444,-0.048444,-0.048444,-0.048444,-0.048444,-0.048444,-0.045333,-0.039111,-0.036,-0.032889]","[0.0006,0.0163,0.0331,0.0498,0.0666,0.0833,0.0998,0.1169,0.1324,0.1493,0.1661,0.1829,0.1998,0.2167,0.2335,0.2492,0.2656,0.2827,0.2995,0.3165,0.3328,0.3495,0.3668,0.3828,0.3989,0.4162,0.4328,0.4497,0.4666,0.4828,0.4994,0.5163,0.5329,0.5493,0.566,0.583,0.5996,0.6163,0.6331,0.6497,0.6664,0.683,0.6995,0.7162,0.7327,0.7505,0.7663,0.7831,0.7995,0.8164,0.8329,0.8496,0.8664,0.8831,0.8998,0.9166,0.9333,0.95,0.9666,0.9832,1.0001,1.0165,1.0329,1.0499,1.0664,1.083,1.0994,1.1168,1.1335,1.1502,1.1669,1.1836,1.2001,1.2165,1.2327,1.2501,1.2672,1.2839,1.3005,1.3172,1.3336,1.3519,1.3664,1.3841,1.4008,1.4168,1.4329,1.4505,1.4672,1.4841,1.5003,1.5168,1.5332,1.5497,1.5671,1.5833,1.5998,1.6167,1.6336,1.6501,1.6663,1.6835,1.6999,1.7171,1.7335,1.7497,1.7668,1.7832,1.8008,1.8175,1.834,1.8502,1.8665,1.8835,1.9003,1.9168,1.9341,1.9506,1.9669,1.9844,2.0003,2.0168,2.0339,2.0502,2.067,2.0843,2.1005,2.117,2.134,2.1503,2.1674,2.185,2.2001,2.2171,2.2337,2.251,2.2674,2.2839,2.3011,2.3173,2.3348,2.3502,2.3672,2.384,2.4004,2.4176,2.4338,2.4511,2.4669,2.4841,2.5013,2.5179,2.5341,2.5504,2.5674,2.5842,2.6009,2.617,2.6342,2.6512,2.6676,2.6837,2.7007,2.7177,2.7349,2.7505,2.7674,2.7844,2.8012,2.8173,2.8345,2.8506,2.8677,2.8849,2.901,2.9179,2.9342,2.9514,2.9673,2.9842,3.0013,3.0175,3.0344,3.0515,3.0676,3.085,3.101,3.1179,3.1349,3.1512,3.168,3.185,3.2011,3.2178,3.2347,3.2516,3.2675,3.2843,3.3011]","[1,1,1,1,1,1,1,1,1,1,1,1,1,1,1,1,1,1,1,1,1,1,1,1,1,1,1,1,1,1,1,1,1,1,1,1,1,1,1,1,1,1,1,1,1,1,1,1,1,1,1,1,1,1,1,1,1,1,1,1,1,1,1,1,1,1,1,1,1,1,1,1,1,1,1,1,1,1,1,1,1,1,1,1,1,1,1,1,1,1,1,1,1,1,1,1,1,1,1,1,1,1,1,1,1,1,2,2,2,2,2,2,2,2,2,2,2,2,2,2,2,2,2,2,2,2,2,2,2,2,2,2,2,2,2,2,2,2,2,2,2,2,2,2,2,2,2,2,2,2,2,2,2,2,2,2,2,2,2,2,2,2,2,2,2,2,2,2,2,2,2,2,2,2,2,2,2,2,2,2,2,2,2,2,2,2,2,2,2,2,2,2,2,2,2,2,2,2,2]",0,30.5595,4,2,0,2,0,1,229579,4,SV_73ADPjbMtd0KUBg,304,2022-03-02_15h06.07.165,implicit_time,2021.1.4,Linux x86_64,59.95563283
cursorjump,35,0,0,10,NA,0,NA,0,0,0.5,FALSE,practice,0,"[0.004167,0.004167,0.004167,0.004167,0.004167,0.002083,0.002083,0.002083,0.002083,0.002083,0.002083,0.002083,0.002083,0.002083,0.002083,0.002083,0.002083,0.002083,0.002083,0,0,0.002083,0.004167,0.0125,0.027083,0.035417,0.05625,0.075,0.085417,0.104167,0.122917,0.133333,0.15,0.164583,0.170833,0.183333,0.197917,0.20625,0.21875,0.23125,0.2375,0.247917,0.264583,0.272917,0.291667,0.308333,0.316667,0.329167,0.34375,0.35,0.364583,0.377083,0.383333,0.39375,0.404167,0.408333,0.420833,0.435417,0.441667,0.45625,0.475,0.485417,0.504167,0.529167,0.541667,0.564583,0.575,0.597917,0.61875,0.639583,0.65,0.666667,0.675,0.685417,0.69375,0.697917,0.7,0.697917,0.697917,0.697917,0.697917,0.697917,0.697917,0.697917,0.697917,0.697917,0.695833,0.68125,0.670833,0.64375,0.627083,0.589583,0.554167,0.520833,0.50625,0.475,0.458333,0.427083,0.395833,0.364583,0.35,0.320833,0.310417,0.289583,0.270833,0.254167,0.245833,0.23125,0.220833,0.216667,0.208333,0.197917,0.19375,0.1875,0.183333,0.179167,0.170833,0.160417,0.15625,0.147917,0.145833,0.1375,0.13125,0.125,0.122917,0.120833,0.11875,0.11875,0.11875,0.114583,0.1125,0.108333,0.102083,0.1,0.091667,0.089583,0.083333,0.077083,0.072917,0.064583,0.05625,0.052083,0.045833,0.041667,0.0375]","[-0.023556,-0.023556,-0.023556,-0.020444,-0.020444,-0.017333,-0.014222,-0.014222,-0.011111,-0.008,-0.008,-0.008,-0.008,-0.008,-0.008,-0.008,-0.008,-0.004889,-0.004889,-0.004889,-0.001778,0.001333,0.007556,0.02,0.041778,0.054222,0.079111,0.110222,0.122667,0.153778,0.181778,0.194222,0.222222,0.244,0.253333,0.272,0.287556,0.296889,0.309333,0.321778,0.328,0.340444,0.356,0.365333,0.384,0.402667,0.412,0.427556,0.44,0.449333,0.461778,0.474222,0.477333,0.486667,0.492889,0.496,0.505333,0.517778,0.524,0.536444,0.555111,0.564444,0.586222,0.608,0.620444,0.645333,0.657778,0.676444,0.695111,0.716889,0.726222,0.741778,0.751111,0.760444,0.769778,0.772889,0.772889,0.772889,0.772889,0.772889,0.772889,0.772889,0.772889,0.772889,0.772889,0.772889,0.772889,0.760444,0.748,0.723111,0.710667,0.673333,0.632889,0.589333,0.567556,0.524,0.502222,0.464889,0.433778,0.402667,0.387111,0.362222,0.352889,0.337333,0.321778,0.309333,0.303111,0.290667,0.275111,0.268889,0.256444,0.237778,0.228444,0.206667,0.197333,0.181778,0.166222,0.150667,0.141333,0.125778,0.119556,0.110222,0.100889,0.091556,0.088444,0.085333,0.082222,0.082222,0.082222,0.082222,0.079111,0.072889,0.066667,0.060444,0.054222,0.048,0.041778,0.035556,0.032444,0.023111,0.016889,0.013778,0.007556,0.001333,-0.001778]","[0.0008,0.0167,0.0338,0.0507,0.0667,0.0836,0.1009,0.1169,0.1339,0.1501,0.1673,0.1833,0.2002,0.2172,0.2341,0.25,0.2673,0.2834,0.3004,0.3175,0.3334,0.3503,0.3675,0.3837,0.401,0.417,0.4339,0.4501,0.467,0.4841,0.5003,0.5174,0.5337,0.5505,0.5675,0.5836,0.6004,0.6171,0.6341,0.6548,0.6676,0.6839,0.7009,0.7173,0.7339,0.7504,0.7675,0.7837,0.8008,0.817,0.8339,0.851,0.8671,0.8841,0.9006,0.9174,0.9339,0.9512,0.9672,0.9855,1.0008,1.0177,1.034,1.051,1.068,1.0841,1.1012,1.1176,1.1347,1.1508,1.1677,1.1842,1.2011,1.2179,1.2341,1.2512,1.2677,1.2846,1.3013,1.3177,1.3348,1.3511,1.3681,1.3842,1.4012,1.4182,1.4367,1.4512,1.468,1.4841,1.5014,1.5184,1.5346,1.5515,1.5676,1.5847,1.6017,1.6177,1.6348,1.6518,1.6677,1.6847,1.7013,1.7184,1.7344,1.7516,1.7678,1.7849,1.8018,1.8179,1.8352,1.8514,1.8685,1.8854,1.9015,1.9186,1.9347,1.9517,1.9686,1.9845,2.0015,2.0187,2.0349,2.0521,2.0683,2.0852,2.1015,2.1187,2.1348,2.1517,2.1686,2.1852,2.202,2.2183,2.2356,2.2519,2.2682,2.2871,2.3015,2.3187,2.3348,2.3516,2.3686,2.3856,2.4018]","[1,1,1,1,1,1,1,1,1,1,1,1,1,1,1,1,1,1,1,1,1,1,1,1,1,1,1,1,1,1,1,1,1,1,1,1,1,1,1,1,1,1,1,1,1,1,1,1,1,1,1,1,1,1,1,1,1,1,1,1,1,1,1,1,1,1,1,1,1,2,2,2,2,2,2,2,2,2,2,2,2,2,2,2,2,2,2,2,2,2,2,2,2,2,2,2,2,2,2,2,2,2,2,2,2,2,2,2,2,2,2,2,2,2,2,2,2,2,2,2,2,2,2,2,2,2,2,2,2,2,2,2,2,2,2,2,2,2,2,2,2,2,2,2,2]",0,33.4781,4,3,0,3,0,1,229579,4,SV_73ADPjbMtd0KUBg,304,2022-03-02_15h06.07.165,implicit_time,2021.1.4,Linux x86_64,59.95563283
cursorjump,225,0,0.5,10,NA,0,NA,0,1,0.5,FALSE,practice,1,"[0.002083,0.002083,0.002083,0.002083,0.002083,0.002083,0.002083,0.002083,0.002083,0.002083,0,-0.002083,-0.002083,-0.002083,-0.002083,-0.002083,-0.002083,-0.002083,-0.002083,-0.002083,-0.002083,-0.002083,-0.004167,-0.00625,-0.00625,-0.010417,-0.0125,-0.022917,-0.035417,-0.04375,-0.058333,-0.070833,-0.077083,-0.089583,-0.102083,-0.110417,-0.122917,-0.135417,-0.141667,-0.152083,-0.158333,-0.1625,-0.16875,-0.172917,-0.175,-0.18125,-0.1875,-0.189583,-0.2,-0.210417,-0.216667,-0.229167,-0.24375,-0.252083,-0.270833,-0.289583,-0.3,-0.314583,-0.320833,-0.31875,-0.3,-0.252083,-0.216667,-0.127083,-0.025,0.027083,0.120833,0.2,0.229167,0.275,0.295833,0.297917,0.291667,0.275,0.266667,0.247917,0.227083,0.20625,0.197917,0.18125,0.164583,0.15625,0.1375,0.127083,0.102083,0.075,0.058333,0.029167,-0.002083,-0.014583,-0.04375,-0.070833,-0.083333,-0.104167,-0.120833,-0.129167,-0.141667,-0.158333,-0.166667,-0.183333,-0.204167,-0.214583,-0.235417,-0.245833,-0.2625,-0.277083,-0.291667,-0.297917,-0.310417,-0.316667,-0.329167,-0.341667,-0.358333,-0.366667,-0.38125,-0.3875,-0.4,-0.414583,-0.429167,-0.439583,-0.4625,-0.472917,-0.49375,-0.510417,-0.527083,-0.535417,-0.55,-0.554167,-0.564583,-0.572917,-0.583333,-0.589583,-0.604167,-0.610417,-0.622917,-0.633333,-0.639583,-0.641667,-0.64375,-0.64375,-0.64375,-0.64375,-0.641667,-0.641667,-0.64375,-0.645833,-0.65,-0.65625,-0.6625,-0.666667,-0.672917,-0.677083,-0.679167,-0.68125,-0.68125,-0.68125,-0.677083,-0.675,-0.670833,-0.6625,-0.65,-0.64375,-0.625,-0.614583,-0.591667,-0.566667,-0.54375,-0.53125,-0.510417,-0.5,-0.48125,-0.460417,-0.452083,-0.4375,-0.425,-0.4125,-0.40625,-0.391667,-0.385417,-0.366667,-0.347917,-0.335417,-0.3125,-0.2875,-0.275,-0.252083,-0.233333,-0.225,-0.210417,-0.2,-0.19375,-0.185417,-0.177083,-0.172917,-0.160417,-0.147917,-0.141667,-0.13125,-0.120833,-0.110417,-0.10625,-0.089583,-0.08125,-0.060417,-0.045833,-0.039583,-0.0375,-0.033333]","[-0.011111,-0.011111,-0.011111,-0.011111,-0.011111,-0.011111,-0.011111,-0.011111,-0.011111,-0.011111,-0.008,-0.008,-0.008,-0.008,-0.008,-0.008,-0.008,-0.008,-0.008,-0.008,-0.008,-0.008,-0.008,-0.014222,-0.020444,-0.032889,-0.042222,-0.064,-0.085778,-0.095111,-0.12,-0.148,-0.163556,-0.188444,-0.213333,-0.222667,-0.247556,-0.269333,-0.281778,-0.303556,-0.325333,-0.331556,-0.344,-0.356444,-0.362667,-0.372,-0.384444,-0.390667,-0.406222,-0.421778,-0.431111,-0.452889,-0.474667,-0.487111,-0.512,-0.533778,-0.54,-0.546222,-0.533778,-0.521333,-0.480889,-0.409333,-0.368889,-0.272444,-0.179111,-0.135556,-0.060889,-0.001778,0.02,0.048,0.060444,0.063556,0.060444,0.057333,0.054222,0.041778,0.026222,0.004444,0.001333,-0.004889,-0.017333,-0.020444,-0.029778,-0.036,-0.054667,-0.076444,-0.085778,-0.113778,-0.148,-0.163556,-0.194667,-0.225778,-0.241333,-0.266222,-0.284889,-0.294222,-0.306667,-0.322222,-0.328444,-0.347111,-0.362667,-0.375111,-0.393778,-0.406222,-0.431111,-0.456,-0.480889,-0.490222,-0.508889,-0.518222,-0.530667,-0.543111,-0.549333,-0.552444,-0.558667,-0.558667,-0.564889,-0.571111,-0.580444,-0.583556,-0.592889,-0.599111,-0.605333,-0.614667,-0.624,-0.630222,-0.639556,-0.642667,-0.648889,-0.658222,-0.670667,-0.676889,-0.692444,-0.698667,-0.708,-0.717333,-0.726667,-0.726667,-0.729778,-0.729778,-0.729778,-0.729778,-0.726667,-0.726667,-0.726667,-0.726667,-0.726667,-0.726667,-0.723556,-0.720444,-0.717333,-0.717333,-0.714222,-0.711111,-0.708,-0.704889,-0.701778,-0.698667,-0.689333,-0.683111,-0.670667,-0.664444,-0.639556,-0.624,-0.580444,-0.536889,-0.499556,-0.484,-0.446667,-0.431111,-0.396889,-0.365778,-0.350222,-0.325333,-0.300444,-0.275556,-0.26,-0.232,-0.219556,-0.188444,-0.160444,-0.144889,-0.116889,-0.085778,-0.073333,-0.051556,-0.039111,-0.032889,-0.026667,-0.023556,-0.023556,-0.023556,-0.026667,-0.026667,-0.032889,-0.039111,-0.039111,-0.032889,-0.026667,-0.020444,-0.014222,-0.004889,0.001333,0.013778,0.02,0.02,0.02,0.02]","[0.0004,0.0163,0.0333,0.0496,0.0665,0.0835,0.0997,0.1169,0.1331,0.1503,0.1663,0.1835,0.2005,0.2165,0.2335,0.2505,0.2665,0.2837,0.2999,0.317,0.334,0.3502,0.3667,0.3838,0.4003,0.4175,0.4337,0.45,0.467,0.4842,0.5002,0.5171,0.5341,0.5503,0.5676,0.5836,0.6008,0.6167,0.6337,0.651,0.6672,0.6844,0.7004,0.7175,0.7337,0.7508,0.7677,0.7839,0.8006,0.8177,0.8338,0.851,0.8675,0.8846,0.9006,0.9176,0.9336,0.9505,0.9677,0.9837,1.0008,1.0179,1.0339,1.0508,1.0678,1.084,1.1007,1.1172,1.1343,1.1504,1.1673,1.1846,1.2008,1.218,1.2341,1.251,1.2679,1.2841,1.3006,1.3176,1.3347,1.3507,1.368,1.384,1.4009,1.4178,1.4348,1.4507,1.4678,1.4847,1.5007,1.5179,1.5342,1.5516,1.5684,1.5843,1.6016,1.6177,1.6349,1.6509,1.6678,1.6843,1.7016,1.7175,1.7346,1.7516,1.7679,1.785,1.8009,1.8178,1.835,1.8518,1.868,1.8851,1.901,1.9182,1.9344,1.9514,1.9682,1.9852,2.0014,2.0183,2.0344,2.0516,2.0676,2.0845,2.1014,2.1185,2.1346,2.1517,2.1679,2.1849,2.2018,2.2187,2.2349,2.2521,2.2683,2.2851,2.3019,2.318,2.3352,2.3514,2.3684,2.3855,2.4016,2.4186,2.4348,2.4519,2.4682,2.4852,2.5022,2.5183,2.5354,2.5516,2.5688,2.585,2.602,2.6188,2.6359,2.6519,2.6686,2.6855,2.7017,2.7186,2.7356,2.7518,2.769,2.7849,2.8018,2.8189,2.8351,2.8524,2.8686,2.8857,2.9019,2.9191,2.9352,2.9525,2.9687,2.9858,3.0028,3.0189,3.0361,3.0522,3.0694,3.0855,3.1027,3.1189,3.1361,3.1522,3.1692,3.1853,3.2026,3.2189,3.236,3.2521,3.2692,3.2854,3.3025,3.3197,3.3357,3.3526,3.3689,3.3861,3.4024,3.4195,3.4356,3.4529]","[1,1,1,1,1,1,1,1,1,1,1,1,1,1,1,1,1,1,1,1,1,1,1,1,1,1,1,1,1,1,1,1,1,1,1,1,1,1,1,1,1,1,1,1,1,1,1,1,1,1,1,1,1,1,1,1,1,1,1,1,1,1,1,1,1,1,1,1,1,1,1,1,1,1,1,1,1,1,1,1,1,1,1,1,1,1,1,1,1,1,1,1,1,1,1,1,1,1,1,1,1,1,1,1,1,1,1,1,1,1,1,1,1,1,1,1,1,1,1,1,1,1,1,1,1,1,1,1,1,1,1,1,1,1,1,1,2,2,2,2,2,2,2,2,2,2,2,2,2,2,2,2,2,2,2,2,2,2,2,2,2,2,2,2,2,2,2,2,2,2,2,2,2,2,2,2,2,2,2,2,2,2,2,2,2,2,2,2,2,2,2,2,2,2,2,2,2,2,2,2,2,2,2,2,2,2,2,2]",0,37.4489,4,4,0,4,0,1,229579,4,SV_73ADPjbMtd0KUBg,304,2022-03-02_15h06.07.165,implicit_time,2021.1.4,Linux x86_64,59.95563283
cursorjump,235,0,0,10,NA,0,NA,0,0,0.5,FALSE,practice,0,"[-0.002083,-0.002083,-0.002083,-0.004167,-0.004167,-0.004167,-0.004167,-0.004167,-0.004167,-0.004167,-0.004167,-0.004167,-0.004167,-0.004167,-0.004167,-0.004167,-0.004167,-0.004167,-0.004167,-0.004167,-0.00625,-0.00625,-0.008333,-0.0125,-0.014583,-0.025,-0.039583,-0.05,-0.072917,-0.097917,-0.108333,-0.13125,-0.152083,-0.160417,-0.177083,-0.189583,-0.19375,-0.2,-0.204167,-0.204167,-0.208333,-0.2125,-0.214583,-0.216667,-0.220833,-0.222917,-0.225,-0.229167,-0.23125,-0.2375,-0.24375,-0.245833,-0.252083,-0.260417,-0.264583,-0.272917,-0.28125,-0.283333,-0.291667,-0.297917,-0.302083,-0.30625,-0.310417,-0.3125,-0.314583,-0.316667,-0.31875,-0.322917,-0.329167,-0.33125,-0.3375,-0.3375,-0.341667,-0.341667,-0.341667,-0.341667,-0.341667,-0.34375,-0.34375,-0.34375,-0.34375,-0.34375,-0.34375,-0.34375,-0.34375,-0.341667,-0.3375,-0.3375,-0.33125,-0.327083,-0.316667,-0.302083,-0.28125,-0.270833,-0.252083,-0.241667,-0.227083,-0.214583,-0.20625,-0.202083,-0.197917,-0.195833,-0.191667,-0.185417,-0.179167,-0.175,-0.166667,-0.1625,-0.154167,-0.145833,-0.135417,-0.13125,-0.120833,-0.116667,-0.108333,-0.102083,-0.095833,-0.09375,-0.089583,-0.0875,-0.083333,-0.08125,-0.08125,-0.08125,-0.079167,-0.079167,-0.075,-0.072917,-0.070833,-0.06875,-0.064583,-0.0625,-0.058333,-0.054167,-0.05,-0.05,-0.04375,-0.041667,-0.033333,-0.027083]","[-0.011111,-0.011111,-0.011111,-0.011111,-0.011111,-0.011111,-0.011111,-0.011111,-0.011111,-0.011111,-0.011111,-0.011111,-0.011111,-0.011111,-0.011111,-0.011111,-0.011111,-0.011111,-0.011111,-0.011111,-0.011111,-0.011111,-0.014222,-0.020444,-0.026667,-0.048444,-0.073333,-0.088889,-0.116889,-0.151111,-0.169778,-0.210222,-0.253778,-0.278667,-0.325333,-0.368889,-0.390667,-0.431111,-0.468444,-0.484,-0.508889,-0.518222,-0.524444,-0.530667,-0.536889,-0.54,-0.546222,-0.555556,-0.561778,-0.571111,-0.580444,-0.586667,-0.602222,-0.614667,-0.620889,-0.633333,-0.645778,-0.648889,-0.661333,-0.68,-0.689333,-0.714222,-0.748444,-0.767111,-0.804444,-0.838667,-0.857333,-0.888444,-0.916444,-0.925778,-0.947556,-0.96,-0.978667,-0.994222,-1.006667,-1.012889,-1.016,-1.016,-1.019111,-1.022222,-1.028444,-1.031556,-1.034667,-1.034667,-1.028444,-1.016,-0.991111,-0.975556,-0.938222,-0.916444,-0.863556,-0.804444,-0.754667,-0.732889,-0.698667,-0.683111,-0.652,-0.627111,-0.602222,-0.592889,-0.571111,-0.558667,-0.527556,-0.499556,-0.468444,-0.452889,-0.424889,-0.409333,-0.378222,-0.347111,-0.316,-0.300444,-0.269333,-0.253778,-0.228889,-0.210222,-0.191556,-0.182222,-0.166667,-0.157333,-0.144889,-0.138667,-0.138667,-0.138667,-0.138667,-0.135556,-0.132444,-0.129333,-0.126222,-0.123111,-0.116889,-0.110667,-0.098222,-0.082667,-0.067111,-0.060889,-0.048444,-0.042222,-0.029778,-0.017333]","[0.0009,0.0167,0.0328,0.05,0.0659,0.0827,0.0996,0.1165,0.1334,0.1496,0.1668,0.183,0.2002,0.2163,0.2333,0.2495,0.2667,0.283,0.3002,0.3163,0.3333,0.3502,0.3663,0.3835,0.3995,0.4166,0.433,0.4497,0.4669,0.4829,0.4997,0.5166,0.5333,0.5496,0.5665,0.5831,0.6003,0.6165,0.6331,0.6498,0.6667,0.6832,0.7002,0.717,0.7329,0.7501,0.7667,0.7835,0.8,0.8169,0.8339,0.8499,0.8666,0.8837,0.9005,0.9168,0.9338,0.9499,0.9669,0.984,1.0002,1.0169,1.0339,1.0501,1.0672,1.0837,1.1003,1.117,1.1336,1.1506,1.1668,1.1841,1.2005,1.2172,1.2337,1.2503,1.2675,1.2836,1.3008,1.3171,1.3338,1.3505,1.3672,1.3844,1.4007,1.4173,1.4338,1.4504,1.4676,1.4839,1.5005,1.5175,1.5341,1.5504,1.5674,1.5845,1.6007,1.6173,1.6343,1.6505,1.6678,1.6841,1.7007,1.7173,1.7344,1.7506,1.7675,1.784,1.8012,1.8174,1.8344,1.8506,1.8675,1.8845,1.9007,1.918,1.9342,1.9506,1.9678,1.9847,2.0009,2.018,2.0349,2.0511,2.0681,2.0842,2.1015,2.1176,2.1346,2.1508,2.1677,2.1846,2.2016,2.2178,2.2351,2.2512,2.2681,2.2843,2.3016,2.3177]","[1,1,1,1,1,1,1,1,1,1,1,1,1,1,1,1,1,1,1,1,1,1,1,1,1,1,1,1,1,1,1,1,1,1,1,1,1,1,1,1,1,1,1,1,1,1,1,1,1,1,1,1,1,1,1,1,1,1,1,1,1,1,1,1,1,1,1,1,2,2,2,2,2,2,2,2,2,2,2,2,2,2,2,2,2,2,2,2,2,2,2,2,2,2,2,2,2,2,2,2,2,2,2,2,2,2,2,2,2,2,2,2,2,2,2,2,2,2,2,2,2,2,2,2,2,2,2,2,2,2,2,2,2,2,2,2,2,2,2,2]",0,40.2833,4,5,0,5,0,1,229579,4,SV_73ADPjbMtd0KUBg,304,2022-03-02_15h06.07.165,implicit_time,2021.1.4,Linux x86_64,59.95563283
cursorjump,315,0,0.5,10,NA,0,NA,0,1,0.5,FALSE,practice,1,"[0.004167,0.004167,0.004167,0.004167,0.004167,0.004167,0.004167,0.004167,0.004167,0.004167,0.004167,0.004167,0.002083,0.002083,0.002083,0.002083,0.002083,0.002083,0.002083,0.002083,0.002083,0.004167,0.008333,0.016667,0.033333,0.04375,0.064583,0.079167,0.1125,0.147917,0.177083,0.189583,0.208333,0.21875,0.241667,0.270833,0.297917,0.310417,0.329167,0.345833,0.354167,0.372917,0.39375,0.404167,0.422917,0.433333,0.45625,0.48125,0.504167,0.514583,0.529167,0.539583,0.54375,0.552083,0.564583,0.572917,0.5875,0.595833,0.6,0.602083,0.602083,0.604167,0.610417,0.61875,0.622917,0.629167,0.635417,0.639583,0.647917,0.654167,0.658333,0.6625,0.664583,0.664583,0.664583,0.672917,0.679167,0.697917,0.714583,0.720833,0.725,0.727083,0.727083,0.725,0.720833,0.71875,0.714583,0.7125,0.710417,0.708333,0.708333,0.708333,0.708333,0.704167,0.697917,0.679167,0.66875,0.65,0.63125,0.608333,0.59375,0.560417,0.541667,0.508333,0.477083,0.45,0.4375,0.410417,0.395833,0.364583,0.3375,0.314583,0.304167,0.283333,0.272917,0.247917,0.222917,0.204167,0.195833,0.185417,0.177083,0.164583,0.147917,0.133333,0.127083,0.114583,0.10625,0.091667,0.077083,0.066667,0.0625,0.054167,0.05,0.04375,0.0375,0.033333,0.03125,0.029167,0.027083,0.022917,0.016667]","[0.001333,0.001333,0.001333,0.001333,0.001333,0.001333,0.001333,0.001333,0.001333,0.001333,0.001333,-0.001778,-0.001778,-0.001778,-0.001778,-0.001778,-0.001778,-0.001778,-0.001778,-0.001778,-0.001778,-0.001778,-0.001778,-0.008,-0.026667,-0.039111,-0.073333,-0.092,-0.129333,-0.160444,-0.182222,-0.185333,-0.194667,-0.194667,-0.197778,-0.200889,-0.207111,-0.210222,-0.225778,-0.241333,-0.250667,-0.269333,-0.291111,-0.300444,-0.322222,-0.334667,-0.359556,-0.381333,-0.406222,-0.415556,-0.434222,-0.452889,-0.459111,-0.474667,-0.493333,-0.502667,-0.521333,-0.536889,-0.546222,-0.558667,-0.568,-0.574222,-0.583556,-0.596,-0.602222,-0.611556,-0.620889,-0.624,-0.633333,-0.642667,-0.645778,-0.648889,-0.652,-0.652,-0.652,-0.655111,-0.655111,-0.658222,-0.664444,-0.664444,-0.670667,-0.673778,-0.676889,-0.683111,-0.686222,-0.689333,-0.692444,-0.692444,-0.692444,-0.695556,-0.698667,-0.704889,-0.711111,-0.714222,-0.714222,-0.704889,-0.701778,-0.689333,-0.670667,-0.639556,-0.617778,-0.571111,-0.549333,-0.508889,-0.480889,-0.459111,-0.446667,-0.421778,-0.412444,-0.390667,-0.375111,-0.362667,-0.356444,-0.344,-0.337778,-0.325333,-0.309778,-0.294222,-0.288,-0.275556,-0.269333,-0.256889,-0.241333,-0.222667,-0.210222,-0.188444,-0.179111,-0.160444,-0.141778,-0.123111,-0.113778,-0.098222,-0.092,-0.079556,-0.070222,-0.060889,-0.054667,-0.045333,-0.042222,-0.036,-0.026667]","[0.0006,0.0161,0.0333,0.0495,0.0665,0.0828,0.0999,0.1168,0.1328,0.1498,0.167,0.183,0.1999,0.2169,0.2331,0.2503,0.2664,0.2835,0.2995,0.3163,0.3333,0.3505,0.3666,0.3838,0.3998,0.4168,0.4329,0.4502,0.4667,0.4839,0.4998,0.5169,0.5332,0.5519,0.5672,0.5833,0.6001,0.6169,0.6331,0.6504,0.667,0.6834,0.7003,0.7167,0.734,0.7502,0.7673,0.7834,0.8003,0.8173,0.8334,0.8504,0.8673,0.8835,0.9005,0.9165,0.9337,0.9509,0.9672,0.9833,1.0003,1.0175,1.0337,1.0509,1.0671,1.0844,1.1005,1.1174,1.1336,1.1506,1.1675,1.1835,1.2007,1.2168,1.234,1.2502,1.2675,1.2836,1.3008,1.317,1.3342,1.3504,1.3676,1.3839,1.4011,1.4173,1.4347,1.4508,1.467,1.4843,1.5005,1.5177,1.534,1.551,1.5671,1.5841,1.6013,1.6175,1.6347,1.651,1.6681,1.6843,1.7005,1.7178,1.7338,1.7508,1.768,1.7842,1.8015,1.8177,1.8348,1.8507,1.8677,1.8849,1.9009,1.9179,1.9342,1.9513,1.9675,1.9847,2.0009,2.0181,2.0344,2.0515,2.0677,2.0848,2.101,2.1182,2.1343,2.1516,2.1678,2.185,2.2013,2.2184,2.2346,2.252,2.2682,2.2854,2.3015,2.3177,2.3348]","[1,1,1,1,1,1,1,1,1,1,1,1,1,1,1,1,1,1,1,1,1,1,1,1,1,1,1,1,1,1,1,1,1,1,1,1,1,1,1,1,1,1,1,1,1,1,1,1,1,1,1,1,1,1,1,1,1,1,1,1,1,1,1,1,1,1,1,1,1,1,1,1,1,1,1,1,1,2,2,2,2,2,2,2,2,2,2,2,2,2,2,2,2,2,2,2,2,2,2,2,2,2,2,2,2,2,2,2,2,2,2,2,2,2,2,2,2,2,2,2,2,2,2,2,2,2,2,2,2,2,2,2,2,2,2,2,2,2,2,2,2]",1,43.4189,4,6,0,6,0,1,229579,4,SV_73ADPjbMtd0KUBg,304,2022-03-02_15h06.07.165,implicit_time,2021.1.4,Linux x86_64,59.95563283
cursorjump,325,0,0,10,NA,0,NA,0,0,0.5,FALSE,practice,0,"[-0.002083,0,0.002083,0.004167,0.00625,0.008333,0.008333,0.010417,0.010417,0.010417,0.0125,0.0125,0.0125,0.0125,0.0125,0.0125,0.0125,0.014583,0.016667,0.025,0.04375,0.05625,0.095833,0.145833,0.166667,0.202083,0.225,0.245833,0.258333,0.279167,0.2875,0.304167,0.316667,0.327083,0.33125,0.345833,0.354167,0.375,0.395833,0.40625,0.425,0.441667,0.445833,0.45625,0.464583,0.466667,0.472917,0.483333,0.489583,0.508333,0.525,0.541667,0.552083,0.572917,0.585417,0.616667,0.647917,0.6625,0.691667,0.720833,0.7375,0.775,0.795833,0.829167,0.854167,0.86875,0.875,0.891667,0.904167,0.925,0.93125,0.93125,0.93125,0.93125,0.929167,0.929167,0.927083,0.925,0.920833,0.897917,0.879167,0.841667,0.802083,0.764583,0.745833,0.702083,0.68125,0.6375,0.602083,0.572917,0.558333,0.527083,0.510417,0.475,0.44375,0.422917,0.414583,0.4,0.385417,0.377083,0.360417,0.34375,0.3375,0.329167,0.322917,0.320833,0.310417,0.3,0.291667,0.279167,0.266667,0.260417,0.25,0.2375,0.229167,0.214583,0.2,0.19375,0.183333,0.177083,0.172917,0.164583,0.15625,0.15,0.1375,0.127083,0.122917,0.116667,0.110417,0.10625,0.095833,0.0875,0.072917,0.058333,0.05,0.045833,0.039583,0.035417,0.03125,0.029167,0.027083,0.025,0.020833,0.01875,0.0125]","[0.023111,0.023111,0.016889,0.016889,0.010667,0.007556,0.007556,0.007556,0.004444,0.004444,0.001333,0.001333,0.001333,0.001333,0.001333,0.001333,0.001333,0.001333,0.001333,0.001333,-0.004889,-0.008,-0.023556,-0.045333,-0.057778,-0.085778,-0.107556,-0.126222,-0.132444,-0.144889,-0.151111,-0.163556,-0.172889,-0.179111,-0.182222,-0.185333,-0.188444,-0.194667,-0.204,-0.210222,-0.222667,-0.232,-0.235111,-0.241333,-0.247556,-0.250667,-0.256889,-0.263111,-0.266222,-0.272444,-0.284889,-0.297333,-0.303556,-0.322222,-0.334667,-0.365778,-0.4,-0.415556,-0.446667,-0.474667,-0.487111,-0.512,-0.524444,-0.546222,-0.564889,-0.580444,-0.586667,-0.599111,-0.608444,-0.624,-0.630222,-0.630222,-0.630222,-0.630222,-0.633333,-0.633333,-0.636444,-0.636444,-0.633333,-0.617778,-0.602222,-0.571111,-0.543111,-0.515111,-0.499556,-0.465333,-0.446667,-0.403111,-0.365778,-0.344,-0.334667,-0.316,-0.306667,-0.278667,-0.247556,-0.222667,-0.213333,-0.204,-0.197778,-0.197778,-0.191556,-0.182222,-0.176,-0.163556,-0.154222,-0.148,-0.135556,-0.12,-0.110667,-0.092,-0.073333,-0.064,-0.048444,-0.032889,-0.023556,-0.004889,0.013778,0.02,0.032444,0.038667,0.041778,0.044889,0.044889,0.041778,0.029333,0.016889,0.010667,0.004444,-0.001778,-0.004889,-0.008,-0.011111,-0.014222,-0.017333,-0.017333,-0.020444,-0.023556,-0.029778,-0.036,-0.042222,-0.042222,-0.042222,-0.039111,-0.039111,-0.032889]","[0.0003,0.0159,0.0331,0.0493,0.0663,0.0833,0.0992,0.1165,0.1326,0.1498,0.1659,0.1829,0.2001,0.2164,0.2335,0.2497,0.2666,0.2826,0.2999,0.3161,0.3331,0.3494,0.3666,0.3831,0.3993,0.4168,0.4329,0.45,0.4664,0.4833,0.4995,0.5169,0.533,0.5501,0.5662,0.5832,0.5998,0.6164,0.6335,0.6498,0.6664,0.6837,0.6998,0.7165,0.7336,0.7496,0.7666,0.7837,0.7998,0.8168,0.8334,0.8505,0.8668,0.8831,0.9003,0.9166,0.9336,0.95,0.9669,0.9836,1.0002,1.0169,1.0331,1.0503,1.0669,1.0835,1.1002,1.1169,1.1334,1.1503,1.1673,1.1838,1.1999,1.2169,1.2338,1.2503,1.2674,1.2837,1.3008,1.3171,1.3336,1.3506,1.3668,1.3838,1.4004,1.4172,1.4336,1.4508,1.4671,1.4842,1.5003,1.5174,1.5337,1.5509,1.567,1.5843,1.6006,1.6171,1.634,1.6518,1.6677,1.6839,1.7005,1.7175,1.7345,1.7507,1.7679,1.7841,1.8013,1.8175,1.8348,1.851,1.8672,1.8844,1.9004,1.9173,1.9342,1.9506,1.9678,1.9841,2.0013,2.0177,2.0346,2.0506,2.0675,2.0847,2.1015,2.1175,2.1346,2.1508,2.1675,2.1846,2.2007,2.2178,2.2347,2.2517,2.268,2.2841,2.3011,2.318,2.3343,2.3514,2.3676,2.3848,2.4011]","[1,1,1,1,1,1,1,1,1,1,1,1,1,1,1,1,1,1,1,1,1,1,1,1,1,1,1,1,1,1,1,1,1,1,1,1,1,1,1,1,1,1,1,1,1,1,1,1,1,1,1,1,1,1,1,1,1,1,1,1,1,1,1,2,2,2,2,2,2,2,2,2,2,2,2,2,2,2,2,2,2,2,2,2,2,2,2,2,2,2,2,2,2,2,2,2,2,2,2,2,2,2,2,2,2,2,2,2,2,2,2,2,2,2,2,2,2,2,2,2,2,2,2,2,2,2,2,2,2,2,2,2,2,2,2,2,2,2,2,2,2,2,2,2,2]",1,46.3376,4,7,0,7,0,1,229579,4,SV_73ADPjbMtd0KUBg,304,2022-03-02_15h06.07.165,implicit_time,2021.1.4,Linux x86_64,59.95563283
cursorjump,135,0,0.5,10,NA,0,NA,0,1,0.5,FALSE,practice,1,"[0.025,0.033333,0.035417,0.039583,0.039583,0.039583,0.04375,0.045833,0.045833,0.039583,0.035417,0.022917,0.0125,0.002083,-0.002083,-0.008333,-0.0125,-0.025,-0.047917,-0.070833,-0.077083,-0.08125,-0.079167,-0.06875,-0.05625,-0.047917,-0.029167,-0.010417,-0.004167,0.00625,0.014583,0.01875,0.022917,0.025,0.029167,0.035417,0.039583,0.0375,0.025,0.016667,0.008333,-0.010417,-0.029167,-0.039583,-0.060417,-0.083333,-0.09375,-0.116667,-0.139583,-0.15,-0.16875,-0.1875,-0.197917,-0.2125,-0.227083,-0.233333,-0.24375,-0.254167,-0.258333,-0.26875,-0.277083,-0.283333,-0.29375,-0.310417,-0.320833,-0.341667,-0.3625,-0.372917,-0.395833,-0.416667,-0.4375,-0.445833,-0.4625,-0.470833,-0.4875,-0.5,-0.50625,-0.516667,-0.529167,-0.535417,-0.545833,-0.55625,-0.5625,-0.570833,-0.583333,-0.591667,-0.610417,-0.629167,-0.645833,-0.652083,-0.6625,-0.666667,-0.675,-0.677083,-0.683333,-0.689583,-0.695833,-0.7,-0.708333,-0.7125,-0.71875,-0.725,-0.73125,-0.733333,-0.739583,-0.74375,-0.75,-0.75625,-0.758333,-0.758333,-0.758333,-0.758333,-0.75625,-0.75,-0.741667,-0.735417,-0.727083,-0.71875,-0.714583,-0.710417,-0.704167,-0.7,-0.691667,-0.685417,-0.66875,-0.647917,-0.620833,-0.60625,-0.572917,-0.535417,-0.5125,-0.466667,-0.416667,-0.39375,-0.352083,-0.333333,-0.297917,-0.260417,-0.222917,-0.202083,-0.166667,-0.152083,-0.129167,-0.1125,-0.095833,-0.085417,-0.0625,-0.041667,-0.03125,-0.014583,-0.002083,0.00625,0.020833]","[0.013778,0.010667,0.010667,0.004444,0.001333,-0.001778,-0.001778,0.001333,0.001333,-0.004889,-0.008,-0.014222,-0.014222,-0.001778,0.007556,0.02,0.026222,0.023111,0.010667,-0.001778,-0.008,-0.014222,-0.014222,-0.004889,-0.001778,-0.004889,-0.020444,-0.026667,-0.026667,-0.023556,-0.032889,-0.036,-0.045333,-0.048444,-0.048444,-0.045333,-0.042222,-0.042222,-0.036,-0.032889,-0.026667,-0.011111,0.004444,0.013778,0.026222,0.041778,0.051111,0.072889,0.097778,0.110222,0.132,0.150667,0.156889,0.166222,0.178667,0.181778,0.191111,0.203556,0.209778,0.225333,0.237778,0.247111,0.259556,0.275111,0.284444,0.306222,0.324889,0.334222,0.356,0.374667,0.390222,0.396444,0.415111,0.421333,0.433778,0.449333,0.455556,0.471111,0.483556,0.489778,0.499111,0.511556,0.514667,0.524,0.530222,0.536444,0.542667,0.552,0.564444,0.567556,0.573778,0.576889,0.583111,0.586222,0.589333,0.595556,0.601778,0.604889,0.614222,0.617333,0.623556,0.632889,0.642222,0.648444,0.657778,0.664,0.673333,0.682667,0.688889,0.692,0.695111,0.695111,0.701333,0.704444,0.710667,0.710667,0.713778,0.713778,0.713778,0.716889,0.716889,0.713778,0.707556,0.704444,0.688889,0.670222,0.645333,0.632889,0.598667,0.564444,0.542667,0.508444,0.477333,0.464889,0.44,0.430667,0.412,0.390222,0.362222,0.346667,0.312444,0.3,0.275111,0.256444,0.231556,0.216,0.178667,0.141333,0.122667,0.088444,0.057333,0.041778,0.007556]","[0.0004,0.016,0.0335,0.0497,0.066,0.0831,0.1,0.1163,0.1333,0.1495,0.1664,0.1835,0.1996,0.2167,0.2328,0.25,0.2668,0.2829,0.2999,0.3171,0.3331,0.3502,0.3661,0.3831,0.4001,0.4162,0.4334,0.4502,0.4671,0.4832,0.5004,0.5165,0.5335,0.5504,0.5665,0.5835,0.5998,0.6171,0.6333,0.6498,0.6668,0.6838,0.7,0.7171,0.7333,0.7502,0.7671,0.7833,0.8005,0.8166,0.8337,0.8506,0.8668,0.884,0.9001,0.9174,0.9334,0.9504,0.9673,0.9836,1.0008,1.0168,1.0337,1.0506,1.067,1.0841,1.1004,1.1175,1.1336,1.1505,1.1676,1.1839,1.2004,1.2175,1.2338,1.2507,1.2671,1.284,1.3009,1.3171,1.334,1.351,1.3673,1.3844,1.4006,1.4175,1.4342,1.4505,1.4677,1.484,1.501,1.5172,1.5342,1.5513,1.5675,1.5844,1.6009,1.6176,1.6341,1.6513,1.6677,1.6842,1.7012,1.7176,1.7346,1.7511,1.7675,1.7847,1.8011,1.8174,1.8345,1.851,1.8679,1.8844,1.9015,1.918,1.9344,1.9516,1.9679,1.9845,2.0016,2.018,2.0347,2.0512,2.0683,2.0849,2.1014,2.1182,2.1348,2.1516,2.1681,2.1848,2.2014,2.2185,2.235,2.2513,2.2685,2.285,2.3015,2.3183,2.3349,2.3516,2.3682,2.3851,2.4018,2.4184,2.4351,2.4518,2.4685,2.485,2.5015,2.5188,2.5349]","[1,1,1,1,1,1,1,1,1,1,1,1,1,1,1,1,1,1,1,1,1,1,1,1,1,1,1,1,1,1,1,1,1,1,1,1,1,1,1,1,1,1,1,1,1,1,1,1,1,1,1,1,1,1,1,1,1,1,1,1,1,1,1,1,1,1,1,1,1,1,1,1,1,1,1,1,1,1,1,1,1,1,1,1,1,1,1,1,1,1,1,1,1,1,1,1,1,1,1,1,1,2,2,2,2,2,2,2,2,2,2,2,2,2,2,2,2,2,2,2,2,2,2,2,2,2,2,2,2,2,2,2,2,2,2,2,2,2,2,2,2,2,2,2,2,2,2,2,2,2,2,2,2]",1,49.39,4,8,0,8,0,1,229579,4,SV_73ADPjbMtd0KUBg,304,2022-03-02_15h06.07.165,implicit_time,2021.1.4,Linux x86_64,59.95563283
cursorjump,145,0,0,10,NA,0,NA,0,0,0.5,FALSE,practice,0,"[-0.010417,-0.010417,-0.010417,-0.010417,-0.008333,-0.008333,-0.00625,-0.00625,-0.004167,-0.004167,-0.004167,-0.004167,-0.004167,-0.004167,-0.004167,-0.004167,-0.004167,-0.004167,-0.004167,-0.004167,-0.004167,-0.004167,-0.00625,-0.0125,-0.03125,-0.045833,-0.083333,-0.104167,-0.15,-0.19375,-0.214583,-0.260417,-0.30625,-0.329167,-0.366667,-0.397917,-0.410417,-0.435417,-0.460417,-0.470833,-0.49375,-0.510417,-0.51875,-0.535417,-0.552083,-0.560417,-0.58125,-0.602083,-0.6125,-0.633333,-0.652083,-0.6625,-0.685417,-0.70625,-0.71875,-0.739583,-0.7625,-0.772917,-0.8,-0.827083,-0.841667,-0.875,-0.910417,-0.929167,-0.96875,-1,-1.008333,-1.010417,-1.010417,-1.0125,-1.0125,-1.010417,-1.008333,-0.99375,-0.970833,-0.958333,-0.933333,-0.904167,-0.8875,-0.854167,-0.814583,-0.79375,-0.745833,-0.69375,-0.66875,-0.622917,-0.583333,-0.564583,-0.527083,-0.489583,-0.472917,-0.4375,-0.40625,-0.389583,-0.360417,-0.3375,-0.327083,-0.310417,-0.29375,-0.285417,-0.272917,-0.264583,-0.260417,-0.252083,-0.247917,-0.235417,-0.222917,-0.216667,-0.216667,-0.214583,-0.214583,-0.214583,-0.210417,-0.195833,-0.183333,-0.154167,-0.141667,-0.122917,-0.10625,-0.091667,-0.083333,-0.070833,-0.066667,-0.060417,-0.05625,-0.04375,-0.0375]","[0.001333,-0.001778,-0.001778,-0.001778,-0.004889,-0.004889,-0.004889,-0.004889,-0.004889,-0.004889,-0.004889,-0.004889,-0.004889,-0.004889,-0.004889,-0.004889,-0.004889,-0.004889,-0.004889,-0.004889,-0.004889,-0.004889,-0.008,-0.008,-0.001778,0.007556,0.029333,0.038667,0.063556,0.088444,0.104,0.132,0.156889,0.169333,0.194222,0.212889,0.222222,0.240889,0.259556,0.265778,0.278222,0.287556,0.290667,0.296889,0.306222,0.309333,0.318667,0.324889,0.328,0.334222,0.340444,0.346667,0.352889,0.362222,0.365333,0.371556,0.377778,0.384,0.396444,0.408889,0.418222,0.430667,0.446222,0.452444,0.468,0.480444,0.483556,0.483556,0.480444,0.480444,0.480444,0.480444,0.483556,0.489778,0.499111,0.502222,0.502222,0.496,0.492889,0.480444,0.458667,0.446222,0.415111,0.384,0.365333,0.328,0.293778,0.278222,0.247111,0.219111,0.206667,0.178667,0.150667,0.138222,0.116444,0.097778,0.091556,0.082222,0.072889,0.069778,0.060444,0.057333,0.054222,0.051111,0.048,0.041778,0.032444,0.029333,0.026222,0.026222,0.026222,0.026222,0.026222,0.026222,0.026222,0.023111,0.023111,0.02,0.016889,0.013778,0.010667,0.007556,0.007556,0.007556,0.007556,0.007556,0.004444]","[0.0009,0.0164,0.0333,0.0499,0.0666,0.0831,0.0998,0.1165,0.1331,0.1498,0.1663,0.1828,0.1998,0.2163,0.2331,0.2499,0.2666,0.2834,0.2998,0.3164,0.3331,0.35,0.3669,0.3837,0.4005,0.4166,0.4334,0.4501,0.4667,0.4831,0.4998,0.5165,0.5334,0.5505,0.5674,0.5839,0.5999,0.6166,0.6334,0.6503,0.6667,0.6874,0.7005,0.7176,0.7345,0.7506,0.7672,0.7835,0.8004,0.8168,0.8336,0.8506,0.8671,0.8838,0.9001,0.9169,0.9338,0.9506,0.9674,0.9836,1.0007,1.0171,1.034,1.0514,1.0668,1.084,1.1006,1.1172,1.1338,1.1507,1.1672,1.1837,1.2004,1.2174,1.234,1.2506,1.2674,1.284,1.3008,1.3174,1.3339,1.3509,1.3671,1.3838,1.401,1.4181,1.4342,1.4508,1.4674,1.484,1.5006,1.5175,1.5341,1.5507,1.5672,1.5842,1.6006,1.6178,1.6337,1.6508,1.6678,1.6842,1.7008,1.7175,1.7344,1.7515,1.7672,1.7841,1.8008,1.8175,1.8343,1.8514,1.8672,1.884,1.9007,1.9174,1.9341,1.9508,1.9675,1.9842,2.001,2.0179,2.0345,2.0508,2.0673,2.0847,2.1012]","[1,1,1,1,1,1,1,1,1,1,1,1,1,1,1,1,1,1,1,1,1,1,1,1,1,1,1,1,1,1,1,1,1,1,1,1,1,1,1,1,1,1,1,1,1,1,1,1,1,1,1,1,1,1,1,1,1,1,1,1,1,2,2,2,2,2,2,2,2,2,2,2,2,2,2,2,2,2,2,2,2,2,2,2,2,2,2,2,2,2,2,2,2,2,2,2,2,2,2,2,2,2,2,2,2,2,2,2,2,2,2,2,2,2,2,2,2,2,2,2,2,2,2,2,2,2,2]",1,52.3098,4,9,0,9,0,1,229579,4,SV_73ADPjbMtd0KUBg,304,2022-03-02_15h06.07.165,implicit_time,2021.1.4,Linux x86_64,59.95563283
cursorjump,315,0,0.5,10,NA,0,NA,0,1,0.5,FALSE,practice,1,"[0.020833,0.020833,0.01875,0.016667,0.0125,0.0125,0.008333,0.008333,0.00625,0.00625,0.00625,0.00625,0.00625,0.00625,0.00625,0.00625,0.00625,0.00625,0.00625,0.00625,0.0125,0.027083,0.0375,0.05625,0.077083,0.097917,0.110417,0.141667,0.158333,0.197917,0.239583,0.279167,0.29375,0.316667,0.325,0.34375,0.360417,0.379167,0.385417,0.4,0.40625,0.422917,0.44375,0.46875,0.483333,0.5125,0.525,0.55,0.572917,0.589583,0.597917,0.614583,0.622917,0.6375,0.647917,0.65625,0.6625,0.670833,0.677083,0.689583,0.704167,0.716667,0.722917,0.733333,0.7375,0.741667,0.74375,0.739583,0.735417,0.727083,0.722917,0.720833,0.720833,0.720833,0.720833,0.720833,0.720833,0.71875,0.708333,0.689583,0.679167,0.652083,0.635417,0.59375,0.541667,0.5125,0.458333,0.404167,0.379167,0.335417,0.316667,0.285417,0.258333,0.2375,0.227083,0.208333,0.19375,0.189583,0.1875,0.183333,0.179167,0.170833,0.160417,0.154167,0.145833,0.1375,0.133333,0.122917,0.114583,0.1125,0.108333,0.104167,0.1,0.089583,0.077083,0.072917,0.066667,0.060417,0.058333,0.05,0.041667,0.035417,0.025]","[0.001333,0.001333,0.001333,0.001333,0.001333,0.001333,0.001333,0.001333,0.001333,0.001333,0.001333,0.001333,0.001333,0.001333,0.001333,0.001333,0.001333,0.001333,0.001333,0.001333,0.001333,-0.001778,-0.008,-0.020444,-0.042222,-0.060889,-0.070222,-0.092,-0.104444,-0.135556,-0.172889,-0.207111,-0.222667,-0.241333,-0.247556,-0.26,-0.272444,-0.288,-0.297333,-0.319111,-0.328444,-0.353333,-0.378222,-0.406222,-0.418667,-0.446667,-0.459111,-0.480889,-0.502667,-0.527556,-0.54,-0.564889,-0.577333,-0.599111,-0.614667,-0.624,-0.627111,-0.636444,-0.642667,-0.655111,-0.670667,-0.686222,-0.695556,-0.711111,-0.717333,-0.729778,-0.732889,-0.732889,-0.729778,-0.729778,-0.726667,-0.726667,-0.726667,-0.726667,-0.726667,-0.726667,-0.726667,-0.726667,-0.720444,-0.711111,-0.701778,-0.683111,-0.670667,-0.639556,-0.596,-0.574222,-0.527556,-0.480889,-0.456,-0.409333,-0.393778,-0.365778,-0.350222,-0.337778,-0.331556,-0.312889,-0.300444,-0.294222,-0.291111,-0.288,-0.284889,-0.278667,-0.269333,-0.263111,-0.250667,-0.235111,-0.228889,-0.207111,-0.179111,-0.163556,-0.138667,-0.123111,-0.113778,-0.101333,-0.088889,-0.082667,-0.073333,-0.067111,-0.060889,-0.051556,-0.042222,-0.039111,-0.029778]","[0.0006,0.016,0.0341,0.0499,0.0662,0.0832,0.0992,0.1161,0.1328,0.1494,0.1661,0.1833,0.1998,0.2162,0.2329,0.2498,0.2665,0.2833,0.2997,0.3164,0.3336,0.3495,0.3666,0.3835,0.3994,0.417,0.4337,0.4497,0.4668,0.4828,0.4998,0.5163,0.5331,0.5499,0.5671,0.583,0.5998,0.6166,0.6338,0.6501,0.6672,0.6831,0.6998,0.7165,0.7335,0.7498,0.7668,0.7839,0.7997,0.8164,0.8334,0.8507,0.8666,0.8839,0.8998,0.9167,0.9333,0.95,0.967,0.984,0.9999,1.0168,1.0335,1.0505,1.0669,1.0842,1.0999,1.1167,1.1337,1.151,1.167,1.1842,1.1999,1.2171,1.2344,1.2505,1.2674,1.2835,1.3002,1.3169,1.3339,1.3506,1.3667,1.3835,1.4005,1.4172,1.4343,1.4503,1.467,1.4836,1.5002,1.5171,1.5342,1.5504,1.5674,1.5844,1.6009,1.6172,1.634,1.6505,1.6674,1.684,1.7008,1.7173,1.7341,1.7508,1.7673,1.7841,1.8008,1.8174,1.8342,1.8508,1.8673,1.8841,1.9007,1.9176,1.9341,1.9509,1.9673,1.9842,2.001,2.0176,2.0343]","[1,1,1,1,1,1,1,1,1,1,1,1,1,1,1,1,1,1,1,1,1,1,1,1,1,1,1,1,1,1,1,1,1,1,1,1,1,1,1,1,1,1,1,1,1,1,1,1,1,1,1,1,1,1,1,1,1,1,1,1,2,2,2,2,2,2,2,2,2,2,2,2,2,2,2,2,2,2,2,2,2,2,2,2,2,2,2,2,2,2,2,2,2,2,2,2,2,2,2,2,2,2,2,2,2,2,2,2,2,2,2,2,2,2,2,2,2,2,2,2,2,2,2]",2,54.8616,4,10,0,10,0,1,229579,4,SV_73ADPjbMtd0KUBg,304,2022-03-02_15h06.07.165,implicit_time,2021.1.4,Linux x86_64,59.95563283
cursorjump,325,0,0,10,NA,0,NA,0,0,0.5,FALSE,practice,0,"[-0.004167,-0.004167,-0.002083,-0.002083,0,0,0,0,0,0,0,0.002083,0.002083,0.004167,0.004167,0.00625,0.00625,0.00625,0.00625,0.008333,0.014583,0.027083,0.0375,0.064583,0.10625,0.129167,0.177083,0.216667,0.233333,0.26875,0.285417,0.325,0.366667,0.402083,0.41875,0.445833,0.458333,0.477083,0.49375,0.50625,0.514583,0.525,0.53125,0.539583,0.545833,0.558333,0.566667,0.585417,0.597917,0.622917,0.65,0.679167,0.69375,0.722917,0.7375,0.766667,0.79375,0.825,0.84375,0.879167,0.895833,0.914583,0.920833,0.91875,0.91875,0.91875,0.91875,0.916667,0.902083,0.891667,0.875,0.870833,0.870833,0.86875,0.858333,0.845833,0.816667,0.779167,0.735417,0.714583,0.672917,0.652083,0.610417,0.566667,0.545833,0.50625,0.464583,0.445833,0.402083,0.360417,0.339583,0.297917,0.264583,0.252083,0.235417,0.21875,0.2,0.189583,0.175,0.16875,0.1625,0.158333,0.154167,0.15,0.14375,0.141667,0.1375,0.1375,0.135417,0.129167,0.11875,0.1125,0.104167,0.09375,0.08125,0.072917,0.058333,0.052083,0.045833,0.041667,0.035417]","[0.007556,0.004444,0.004444,0.001333,0.001333,0.001333,0.001333,0.001333,0.001333,0.001333,0.001333,0.001333,0.001333,0.001333,-0.001778,-0.001778,-0.001778,0.001333,0.001333,0.001333,-0.001778,-0.008,-0.014222,-0.026667,-0.048444,-0.067111,-0.107556,-0.154222,-0.172889,-0.207111,-0.222667,-0.253778,-0.278667,-0.300444,-0.306667,-0.322222,-0.328444,-0.340889,-0.353333,-0.362667,-0.365778,-0.368889,-0.372,-0.372,-0.372,-0.375111,-0.375111,-0.381333,-0.384444,-0.393778,-0.406222,-0.424889,-0.437333,-0.462222,-0.477778,-0.505778,-0.533778,-0.561778,-0.577333,-0.602222,-0.611556,-0.624,-0.627111,-0.627111,-0.627111,-0.627111,-0.627111,-0.627111,-0.620889,-0.614667,-0.611556,-0.608444,-0.608444,-0.608444,-0.605333,-0.599111,-0.574222,-0.536889,-0.493333,-0.474667,-0.434222,-0.415556,-0.375111,-0.331556,-0.306667,-0.263111,-0.228889,-0.219556,-0.197778,-0.176,-0.163556,-0.132444,-0.101333,-0.088889,-0.073333,-0.064,-0.057778,-0.051556,-0.039111,-0.036,-0.023556,-0.017333,-0.014222,-0.011111,-0.011111,-0.008,-0.008,-0.008,-0.008,-0.008,-0.008,-0.008,-0.008,-0.008,-0.011111,-0.014222,-0.017333,-0.020444,-0.020444,-0.020444,-0.020444]","[0.0007,0.0162,0.0332,0.0495,0.0664,0.0824,0.0992,0.1161,0.1332,0.1493,0.1664,0.1823,0.2,0.2158,0.2329,0.2498,0.2667,0.2827,0.2998,0.3165,0.3334,0.3493,0.3664,0.3835,0.4065,0.4174,0.4327,0.4497,0.4665,0.483,0.4999,0.5163,0.5333,0.5495,0.5665,0.5831,0.5995,0.6163,0.6334,0.6497,0.6666,0.6827,0.6997,0.7168,0.733,0.75,0.7661,0.7831,0.8002,0.8165,0.8335,0.8495,0.8668,0.883,0.9,0.9169,0.933,0.95,0.9669,0.9836,1.0005,1.0164,1.0336,1.0502,1.0668,1.0835,1.1002,1.1172,1.1334,1.1504,1.1672,1.184,1.2004,1.2171,1.2339,1.2497,1.2666,1.2836,1.3005,1.3173,1.3339,1.3507,1.3675,1.3841,1.4001,1.4172,1.4335,1.4503,1.4673,1.4841,1.5002,1.5171,1.5339,1.5504,1.5672,1.5839,1.6008,1.6171,1.6336,1.6502,1.6668,1.6835,1.7002,1.7176,1.7338,1.7503,1.767,1.7841,1.8005,1.8173,1.8341,1.8509,1.8674,1.8839,1.9005,1.9172,1.9342,1.9509,1.9676,1.9842,2.0007]","[1,1,1,1,1,1,1,1,1,1,1,1,1,1,1,1,1,1,1,1,1,1,1,1,1,1,1,1,1,1,1,1,1,1,1,1,1,1,1,1,1,1,1,1,1,1,1,1,1,1,1,1,1,1,1,1,1,2,2,2,2,2,2,2,2,2,2,2,2,2,2,2,2,2,2,2,2,2,2,2,2,2,2,2,2,2,2,2,2,2,2,2,2,2,2,2,2,2,2,2,2,2,2,2,2,2,2,2,2,2,2,2,2,2,2,2,2,2,2,2,2]",2,57.3801,4,11,0,11,0,1,229579,4,SV_73ADPjbMtd0KUBg,304,2022-03-02_15h06.07.165,implicit_time,2021.1.4,Linux x86_64,59.95563283
cursorjump,225,0,0.5,10,NA,0,NA,0,1,0.5,FALSE,practice,1,"[-0.014583,-0.0125,-0.0125,-0.010417,-0.010417,-0.008333,-0.00625,-0.002083,-0.002083,0.002083,0.002083,0.002083,0.004167,0.00625,0.00625,0.00625,0.00625,0.00625,0.008333,0.008333,0.008333,0.00625,0,-0.002083,-0.010417,-0.020833,-0.027083,-0.047917,-0.077083,-0.091667,-0.11875,-0.145833,-0.160417,-0.189583,-0.214583,-0.225,-0.24375,-0.258333,-0.264583,-0.279167,-0.291667,-0.295833,-0.30625,-0.320833,-0.329167,-0.352083,-0.375,-0.3875,-0.410417,-0.433333,-0.44375,-0.466667,-0.489583,-0.497917,-0.5125,-0.516667,-0.520833,-0.525,-0.53125,-0.533333,-0.541667,-0.55,-0.566667,-0.589583,-0.6125,-0.622917,-0.64375,-0.652083,-0.666667,-0.677083,-0.685417,-0.689583,-0.69375,-0.695833,-0.697917,-0.702083,-0.70625,-0.708333,-0.710417,-0.710417,-0.708333,-0.697917,-0.677083,-0.6625,-0.635417,-0.620833,-0.589583,-0.558333,-0.529167,-0.516667,-0.491667,-0.48125,-0.4625,-0.44375,-0.427083,-0.41875,-0.4,-0.389583,-0.372917,-0.360417,-0.347917,-0.34375,-0.329167,-0.320833,-0.3,-0.28125,-0.266667,-0.260417,-0.24375,-0.233333,-0.214583,-0.202083,-0.19375,-0.189583,-0.18125,-0.175,-0.1625,-0.15,-0.1375,-0.13125,-0.120833,-0.1125,-0.095833,-0.079167,-0.070833,-0.058333,-0.05,-0.045833,-0.0375]","[0.007556,0.007556,0.007556,0.007556,0.007556,0.007556,0.004444,0.004444,0.001333,0.001333,0.001333,-0.001778,-0.001778,-0.001778,-0.001778,-0.001778,-0.001778,-0.004889,-0.004889,-0.004889,-0.008,-0.011111,-0.023556,-0.032889,-0.060889,-0.098222,-0.12,-0.160444,-0.197778,-0.213333,-0.253778,-0.297333,-0.322222,-0.372,-0.412444,-0.434222,-0.468444,-0.502667,-0.515111,-0.54,-0.561778,-0.568,-0.583556,-0.599111,-0.605333,-0.624,-0.642667,-0.648889,-0.670667,-0.692444,-0.704889,-0.729778,-0.754667,-0.767111,-0.779556,-0.785778,-0.788889,-0.788889,-0.788889,-0.785778,-0.782667,-0.782667,-0.782667,-0.782667,-0.779556,-0.776444,-0.770222,-0.767111,-0.757778,-0.748444,-0.732889,-0.723556,-0.701778,-0.692444,-0.676889,-0.670667,-0.667556,-0.667556,-0.664444,-0.664444,-0.667556,-0.664444,-0.655111,-0.645778,-0.620889,-0.605333,-0.564889,-0.518222,-0.471556,-0.452889,-0.412444,-0.393778,-0.359556,-0.331556,-0.306667,-0.294222,-0.272444,-0.26,-0.235111,-0.216444,-0.197778,-0.185333,-0.163556,-0.154222,-0.129333,-0.110667,-0.095111,-0.088889,-0.079556,-0.076444,-0.067111,-0.060889,-0.057778,-0.054667,-0.048444,-0.045333,-0.036,-0.026667,-0.020444,-0.017333,-0.014222,-0.011111,-0.011111,-0.011111,-0.011111,-0.008,-0.004889,-0.004889,0.001333]","[0.0006,0.016,0.0324,0.0488,0.0657,0.0827,0.0991,0.1158,0.1323,0.1492,0.1662,0.183,0.1997,0.2164,0.2331,0.25,0.2656,0.2833,0.2997,0.3166,0.3325,0.3494,0.3663,0.3828,0.3992,0.4158,0.4323,0.4502,0.4658,0.4825,0.4992,0.5161,0.5325,0.5491,0.5659,0.5832,0.5995,0.616,0.6327,0.6495,0.6658,0.6826,0.6991,0.716,0.7326,0.7494,0.7658,0.7828,0.7994,0.8162,0.8327,0.8494,0.866,0.8827,0.8997,0.9161,0.933,0.9494,0.967,0.983,0.9994,1.0165,1.033,1.0499,1.0667,1.0833,1.1001,1.1165,1.133,1.1497,1.1665,1.1832,1.2,1.2166,1.2336,1.2497,1.2667,1.2831,1.3001,1.3169,1.3337,1.3494,1.3669,1.3835,1.4002,1.4169,1.4334,1.45,1.4668,1.4833,1.5002,1.517,1.5337,1.5503,1.5673,1.5832,1.6002,1.6171,1.6338,1.6506,1.6664,1.6839,1.7006,1.7174,1.7332,1.7499,1.7674,1.7842,1.8002,1.8171,1.834,1.8509,1.8676,1.8835,1.9001,1.9168,1.9336,1.9502,1.9669,1.9835,2.001,2.0167,2.0341,2.0507,2.0674,2.084,2.1007,2.1173,2.134]","[1,1,1,1,1,1,1,1,1,1,1,1,1,1,1,1,1,1,1,1,1,1,1,1,1,1,1,1,1,1,1,1,1,1,1,1,1,1,1,1,1,1,1,1,1,1,1,1,1,1,1,1,1,1,1,1,1,1,1,1,1,1,2,2,2,2,2,2,2,2,2,2,2,2,2,2,2,2,2,2,2,2,2,2,2,2,2,2,2,2,2,2,2,2,2,2,2,2,2,2,2,2,2,2,2,2,2,2,2,2,2,2,2,2,2,2,2,2,2,2,2,2,2,2,2,2,2,2,2]",3,60.0317,4,12,0,12,0,1,229579,4,SV_73ADPjbMtd0KUBg,304,2022-03-02_15h06.07.165,implicit_time,2021.1.4,Linux x86_64,59.95563283
cursorjump,215,0,0,10,NA,0,NA,0,0,0.5,FALSE,practice,0,"[0,0,0,0,0,0,0,0,0,0,0,0,0.002083,0.002083,0.002083,0.002083,0.002083,0.002083,0.002083,0.002083,0.002083,0.002083,0.002083,-0.002083,-0.00625,-0.016667,-0.025,-0.041667,-0.066667,-0.102083,-0.122917,-0.16875,-0.191667,-0.235417,-0.25625,-0.291667,-0.322917,-0.352083,-0.3625,-0.383333,-0.389583,-0.402083,-0.410417,-0.4125,-0.4125,-0.4125,-0.4125,-0.4125,-0.414583,-0.416667,-0.420833,-0.427083,-0.433333,-0.44375,-0.45625,-0.470833,-0.477083,-0.49375,-0.510417,-0.516667,-0.529167,-0.541667,-0.547917,-0.55625,-0.560417,-0.564583,-0.564583,-0.560417,-0.558333,-0.55,-0.541667,-0.539583,-0.5375,-0.535417,-0.535417,-0.535417,-0.533333,-0.53125,-0.525,-0.5125,-0.504167,-0.48125,-0.46875,-0.441667,-0.414583,-0.383333,-0.366667,-0.33125,-0.3,-0.2875,-0.264583,-0.245833,-0.2375,-0.220833,-0.210417,-0.189583,-0.170833,-0.15625,-0.15,-0.141667,-0.13125,-0.127083,-0.120833,-0.11875,-0.11875,-0.116667,-0.114583,-0.1125,-0.110417,-0.108333,-0.10625,-0.102083,-0.097917,-0.095833,-0.09375,-0.09375,-0.09375,-0.091667,-0.089583,-0.0875,-0.083333,-0.079167,-0.070833,-0.058333,-0.04375,-0.035417]","[-0.001778,-0.001778,-0.001778,-0.001778,-0.001778,-0.001778,-0.001778,-0.001778,-0.001778,-0.001778,-0.001778,-0.001778,-0.001778,-0.001778,-0.001778,-0.001778,-0.001778,-0.001778,-0.001778,-0.001778,-0.001778,-0.001778,-0.004889,-0.011111,-0.014222,-0.029778,-0.039111,-0.060889,-0.092,-0.132444,-0.154222,-0.200889,-0.225778,-0.275556,-0.303556,-0.353333,-0.4,-0.443556,-0.459111,-0.490222,-0.502667,-0.518222,-0.527556,-0.530667,-0.530667,-0.530667,-0.530667,-0.527556,-0.527556,-0.524444,-0.527556,-0.530667,-0.533778,-0.543111,-0.558667,-0.577333,-0.589778,-0.617778,-0.648889,-0.664444,-0.695556,-0.726667,-0.742222,-0.773333,-0.792,-0.826222,-0.857333,-0.885333,-0.900889,-0.928889,-0.953778,-0.96,-0.96,-0.953778,-0.947556,-0.935111,-0.922667,-0.913333,-0.894667,-0.863556,-0.841778,-0.788889,-0.764,-0.714222,-0.667556,-0.614667,-0.586667,-0.527556,-0.477778,-0.456,-0.421778,-0.390667,-0.378222,-0.347111,-0.331556,-0.303556,-0.275556,-0.256889,-0.250667,-0.228889,-0.210222,-0.200889,-0.185333,-0.182222,-0.176,-0.172889,-0.166667,-0.160444,-0.151111,-0.148,-0.138667,-0.129333,-0.12,-0.113778,-0.098222,-0.095111,-0.085778,-0.079556,-0.070222,-0.064,-0.051556,-0.045333,-0.032889,-0.020444,-0.008,0.001333]","[0.0005,0.0132,0.0294,0.0462,0.0627,0.0791,0.0956,0.1132,0.13,0.1466,0.1624,0.179,0.1961,0.2126,0.2292,0.2457,0.2627,0.2792,0.2958,0.3125,0.3293,0.3462,0.3629,0.3796,0.3962,0.413,0.4295,0.4462,0.463,0.4804,0.4963,0.5131,0.53,0.5471,0.563,0.5798,0.5965,0.6132,0.6299,0.6468,0.6634,0.6801,0.697,0.7136,0.7302,0.7467,0.7634,0.7799,0.7966,0.8132,0.8299,0.8466,0.8633,0.8799,0.8967,0.9136,0.9305,0.9463,0.9639,0.9806,0.9972,1.0139,1.0306,1.0474,1.0632,1.0799,1.0969,1.1136,1.1306,1.1468,1.1636,1.1803,1.1969,1.2135,1.2303,1.2472,1.2639,1.281,1.2968,1.3141,1.3311,1.3468,1.3633,1.3802,1.3969,1.4136,1.4303,1.447,1.4637,1.4804,1.4972,1.5137,1.5304,1.5471,1.5635,1.5803,1.5972,1.6138,1.6305,1.6473,1.6638,1.6804,1.697,1.7136,1.7311,1.7472,1.7639,1.7804,1.7971,1.8137,1.8312,1.8477,1.8642,1.8809,1.8976,1.9144,1.9311,1.9477,1.9642,1.9809,1.9978,2.0146,2.0312,2.0478,2.0644,2.0811]","[1,1,1,1,1,1,1,1,1,1,1,1,1,1,1,1,1,1,1,1,1,1,1,1,1,1,1,1,1,1,1,1,1,1,1,1,1,1,1,1,1,1,1,1,1,1,1,1,1,1,1,1,1,1,1,1,1,1,1,1,1,1,1,1,2,2,2,2,2,2,2,2,2,2,2,2,2,2,2,2,2,2,2,2,2,2,2,2,2,2,2,2,2,2,2,2,2,2,2,2,2,2,2,2,2,2,2,2,2,2,2,2,2,2,2,2,2,2,2,2,2,2,2,2,2,2]",3,62.6171,4,13,0,13,0,1,229579,4,SV_73ADPjbMtd0KUBg,304,2022-03-02_15h06.07.165,implicit_time,2021.1.4,Linux x86_64,59.95563283
cursorjump,45,0,0.5,10,NA,0,NA,0,1,0.5,FALSE,practice,1,"[-0.004167,-0.004167,-0.004167,-0.002083,-0.002083,-0.002083,-0.002083,-0.002083,-0.002083,-0.002083,0,0,0,0,0,0,0,0,0,0,0,0.002083,0.008333,0.0125,0.022917,0.04375,0.05625,0.08125,0.108333,0.120833,0.14375,0.154167,0.179167,0.202083,0.222917,0.233333,0.252083,0.260417,0.277083,0.291667,0.30625,0.3125,0.327083,0.333333,0.35,0.372917,0.395833,0.410417,0.435417,0.45,0.483333,0.5125,0.53125,0.5375,0.54375,0.545833,0.554167,0.564583,0.575,0.579167,0.589583,0.597917,0.622917,0.6625,0.697917,0.7125,0.729167,0.733333,0.7375,0.735417,0.729167,0.725,0.714583,0.708333,0.70625,0.702083,0.702083,0.7,0.7,0.7,0.7,0.69375,0.68125,0.670833,0.65,0.622917,0.608333,0.577083,0.547917,0.535417,0.510417,0.485417,0.475,0.452083,0.441667,0.425,0.408333,0.391667,0.383333,0.364583,0.352083,0.329167,0.30625,0.283333,0.275,0.254167,0.245833,0.225,0.20625,0.1875,0.18125,0.164583,0.15625,0.139583,0.11875,0.1,0.091667,0.077083,0.06875,0.05625,0.045833,0.0375,0.035417,0.03125,0.03125,0.029167,0.029167,0.029167,0.029167,0.029167,0.027083,0.027083]","[0.001333,0.001333,0.004444,0.004444,0.001333,0.001333,0.001333,0.001333,0.001333,0.001333,0.001333,0.001333,0.001333,0.001333,0.001333,0.001333,0.001333,0.001333,0.001333,0.004444,0.004444,0.007556,0.013778,0.016889,0.029333,0.051111,0.063556,0.094667,0.128889,0.144444,0.181778,0.200444,0.234667,0.268889,0.293778,0.306222,0.328,0.340444,0.362222,0.377778,0.393333,0.399556,0.415111,0.421333,0.44,0.464889,0.489778,0.505333,0.533333,0.548889,0.576889,0.595556,0.608,0.611111,0.611111,0.614222,0.614222,0.617333,0.623556,0.629778,0.642222,0.651556,0.673333,0.695111,0.713778,0.72,0.726222,0.726222,0.726222,0.72,0.713778,0.710667,0.704444,0.701333,0.701333,0.701333,0.701333,0.701333,0.701333,0.701333,0.701333,0.698222,0.688889,0.682667,0.667111,0.642222,0.626667,0.589333,0.539556,0.514667,0.471111,0.433778,0.418222,0.390222,0.377778,0.356,0.334222,0.312444,0.303111,0.281333,0.265778,0.234667,0.200444,0.166222,0.150667,0.122667,0.110222,0.088444,0.066667,0.051111,0.044889,0.029333,0.023111,0.007556,-0.004889,-0.020444,-0.029778,-0.045333,-0.054667,-0.070222,-0.079556,-0.082667,-0.082667,-0.082667,-0.082667,-0.076444,-0.067111,-0.054667,-0.048444,-0.039111,-0.036,-0.029778]","[0.0006,0.0166,0.0326,0.0494,0.0661,0.0829,0.0996,0.1162,0.1329,0.1492,0.1659,0.1824,0.1991,0.2156,0.2334,0.2489,0.2667,0.2828,0.2995,0.3162,0.3329,0.3498,0.3667,0.3836,0.3991,0.4169,0.4326,0.4494,0.4663,0.483,0.4996,0.5162,0.5328,0.5494,0.5661,0.5828,0.5995,0.6161,0.6328,0.6494,0.6662,0.6828,0.6993,0.716,0.7329,0.7492,0.7661,0.7828,0.8005,0.8161,0.8339,0.8504,0.8671,0.8838,0.8996,0.9165,0.933,0.9496,0.9664,0.9828,0.9997,1.0164,1.0332,1.0503,1.0666,1.0834,1.1,1.1167,1.1335,1.1504,1.1667,1.1832,1.1998,1.2168,1.2335,1.2498,1.2666,1.2864,1.3009,1.317,1.3336,1.3498,1.3666,1.3835,1.3997,1.4169,1.4332,1.4496,1.4672,1.4836,1.4997,1.5174,1.5337,1.5502,1.5669,1.5831,1.5999,1.6167,1.6335,1.6499,1.6664,1.6838,1.6999,1.7166,1.7332,1.75,1.7672,1.7833,1.8006,1.8168,1.8339,1.85,1.8666,1.8834,1.9002,1.9172,1.9335,1.9507,1.967,1.984,2.0003,2.0176,2.0342,2.0504,2.0669,2.0836,2.1003,2.117,2.1338,2.1501,2.1669,2.1839]","[1,1,1,1,1,1,1,1,1,1,1,1,1,1,1,1,1,1,1,1,1,1,1,1,1,1,1,1,1,1,1,1,1,1,1,1,1,1,1,1,1,1,1,1,1,1,1,1,1,1,1,1,1,1,1,1,1,1,1,1,1,1,1,2,2,2,2,2,2,2,2,2,2,2,2,2,2,2,2,2,2,2,2,2,2,2,2,2,2,2,2,2,2,2,2,2,2,2,2,2,2,2,2,2,2,2,2,2,2,2,2,2,2,2,2,2,2,2,2,2,2,2,2,2,2,2,2,2,2,2,2,2]",4,66.4031,4,14,0,14,0,1,229579,4,SV_73ADPjbMtd0KUBg,304,2022-03-02_15h06.07.165,implicit_time,2021.1.4,Linux x86_64,59.95563283
cursorjump,35,0,0,10,NA,0,NA,0,0,0.5,FALSE,practice,0,"[-0.002083,-0.002083,-0.002083,-0.002083,-0.002083,-0.002083,0,0,0,0.002083,0.002083,0.002083,0.004167,0.004167,0.004167,0.00625,0.00625,0.00625,0.008333,0.010417,0.01875,0.03125,0.039583,0.060417,0.0875,0.104167,0.1375,0.172917,0.189583,0.222917,0.25625,0.270833,0.3,0.325,0.3375,0.360417,0.38125,0.391667,0.4125,0.433333,0.445833,0.470833,0.497917,0.510417,0.539583,0.566667,0.579167,0.604167,0.63125,0.64375,0.670833,0.695833,0.708333,0.733333,0.75625,0.76875,0.797917,0.827083,0.839583,0.85,0.852083,0.852083,0.852083,0.852083,0.852083,0.852083,0.852083,0.852083,0.852083,0.854167,0.854167,0.854167,0.845833,0.8375,0.80625,0.789583,0.752083,0.714583,0.672917,0.652083,0.608333,0.585417,0.54375,0.508333,0.475,0.460417,0.43125,0.41875,0.395833,0.377083,0.3625,0.35625,0.345833,0.339583,0.33125,0.322917,0.314583,0.308333,0.297917,0.291667,0.28125,0.26875,0.254167,0.247917,0.233333,0.225,0.210417,0.195833,0.183333,0.177083,0.16875,0.1625,0.158333,0.154167,0.145833,0.139583,0.127083,0.110417,0.104167,0.089583,0.075,0.066667,0.052083,0.045833,0.033333]","[0.016889,0.016889,0.016889,0.016889,0.016889,0.016889,0.016889,0.013778,0.013778,0.013778,0.013778,0.010667,0.010667,0.007556,0.007556,0.004444,0.004444,0.004444,0.004444,0.004444,0.007556,0.013778,0.02,0.038667,0.063556,0.079111,0.113333,0.147556,0.163111,0.194222,0.222222,0.234667,0.259556,0.281333,0.293778,0.312444,0.331111,0.340444,0.356,0.371556,0.377778,0.393333,0.412,0.421333,0.44,0.455556,0.461778,0.477333,0.492889,0.499111,0.514667,0.530222,0.539556,0.558222,0.573778,0.58,0.598667,0.614222,0.620444,0.626667,0.626667,0.626667,0.626667,0.626667,0.626667,0.626667,0.626667,0.626667,0.623556,0.623556,0.623556,0.623556,0.620444,0.617333,0.595556,0.583111,0.552,0.517778,0.480444,0.461778,0.418222,0.396444,0.356,0.321778,0.290667,0.275111,0.250222,0.240889,0.219111,0.203556,0.191111,0.184889,0.175556,0.169333,0.16,0.147556,0.138222,0.132,0.119556,0.110222,0.094667,0.076,0.060444,0.051111,0.032444,0.023111,0.004444,-0.014222,-0.023556,-0.026667,-0.032889,-0.032889,-0.032889,-0.026667,-0.017333,-0.014222,-0.008,-0.001778,-0.001778,-0.001778,-0.008,-0.011111,-0.017333,-0.020444,-0.023556]","[0.0004,0.0168,0.0338,0.0501,0.0665,0.0833,0.1003,0.1165,0.1336,0.1505,0.1666,0.1836,0.2005,0.2174,0.2335,0.2503,0.2673,0.2834,0.3007,0.3169,0.3338,0.3507,0.3667,0.3838,0.4005,0.4176,0.4336,0.4508,0.4669,0.4843,0.5006,0.5169,0.5337,0.5508,0.5669,0.5841,0.6004,0.6175,0.6341,0.6505,0.667,0.6838,0.7005,0.7176,0.734,0.7505,0.7678,0.784,0.801,0.8174,0.8341,0.8504,0.8675,0.8839,0.9009,0.9173,0.9343,0.9507,0.9693,0.9844,1.0005,1.0175,1.0346,1.0507,1.0678,1.084,1.1009,1.1179,1.1348,1.1511,1.1672,1.1844,1.2007,1.2178,1.2342,1.2511,1.2673,1.2844,1.3017,1.318,1.3346,1.3512,1.3683,1.3842,1.4011,1.4177,1.4348,1.4511,1.4678,1.4843,1.5013,1.5176,1.5346,1.5516,1.5678,1.5848,1.6017,1.6179,1.6351,1.6514,1.6686,1.6847,1.7015,1.7185,1.7345,1.7517,1.7678,1.7844,1.8014,1.8183,1.8351,1.8519,1.868,1.8848,1.9014,1.9183,1.935,1.9519,1.968,1.985,2.0019,2.0182,2.0352,2.0513,2.0682]","[1,1,1,1,1,1,1,1,1,1,1,1,1,1,1,1,1,1,1,1,1,1,1,1,1,1,1,1,1,1,1,1,1,1,1,1,1,1,1,1,1,1,1,1,1,1,1,1,1,1,1,1,1,1,1,2,2,2,2,2,2,2,2,2,2,2,2,2,2,2,2,2,2,2,2,2,2,2,2,2,2,2,2,2,2,2,2,2,2,2,2,2,2,2,2,2,2,2,2,2,2,2,2,2,2,2,2,2,2,2,2,2,2,2,2,2,2,2,2,2,2,2,2,2,2]",4,68.9877,4,15,0,15,0,1,229579,4,SV_73ADPjbMtd0KUBg,304,2022-03-02_15h06.07.165,implicit_time,2021.1.4,Linux x86_64,59.95563283
cursorjump,135,0,0.5,10,NA,0,NA,0,1,0.5,FALSE,practice,1,"[0.014583,0.014583,0.014583,0.014583,0.014583,0.014583,0.014583,0.014583,0.014583,0.0125,0.0125,0.0125,0.010417,0.008333,0.00625,0.004167,0.002083,0.002083,0.002083,0.002083,0.002083,0.002083,0,-0.002083,-0.008333,-0.014583,-0.027083,-0.041667,-0.058333,-0.06875,-0.0875,-0.097917,-0.116667,-0.135417,-0.154167,-0.160417,-0.177083,-0.183333,-0.195833,-0.20625,-0.214583,-0.220833,-0.235417,-0.24375,-0.264583,-0.2875,-0.310417,-0.322917,-0.347917,-0.358333,-0.379167,-0.395833,-0.410417,-0.41875,-0.435417,-0.44375,-0.4625,-0.479167,-0.4875,-0.504167,-0.522917,-0.53125,-0.545833,-0.560417,-0.566667,-0.575,-0.583333,-0.5875,-0.6,-0.6125,-0.616667,-0.625,-0.63125,-0.633333,-0.6375,-0.64375,-0.645833,-0.654167,-0.6625,-0.664583,-0.672917,-0.6875,-0.695833,-0.7125,-0.725,-0.729167,-0.735417,-0.741667,-0.74375,-0.75,-0.754167,-0.754167,-0.754167,-0.75625,-0.75625,-0.75625,-0.754167,-0.752083,-0.75,-0.745833,-0.74375,-0.735417,-0.725,-0.714583,-0.689583,-0.65625,-0.6375,-0.595833,-0.545833,-0.520833,-0.466667,-0.414583,-0.389583,-0.341667,-0.295833,-0.272917,-0.235417,-0.204167,-0.191667,-0.166667,-0.154167,-0.127083,-0.1,-0.079167,-0.072917,-0.060417,-0.054167,-0.039583,-0.020833,-0.002083,0.004167,0.010417,0.0125,0.01875,0.03125,0.04375,0.047917,0.05,0.05,0.047917,0.045833,0.041667,0.039583]","[0.004444,0.004444,0.001333,0.001333,0.001333,0.001333,0.001333,0.001333,0.001333,0.004444,0.004444,0.004444,0.004444,0.001333,0.001333,0.001333,0.001333,-0.001778,-0.001778,-0.001778,-0.001778,0.001333,0.001333,0.004444,0.010667,0.013778,0.023111,0.032444,0.041778,0.048,0.060444,0.066667,0.079111,0.094667,0.110222,0.116444,0.132,0.138222,0.153778,0.172444,0.191111,0.200444,0.219111,0.228444,0.247111,0.268889,0.287556,0.296889,0.315556,0.324889,0.343556,0.362222,0.380889,0.387111,0.405778,0.415111,0.430667,0.452444,0.461778,0.483556,0.502222,0.508444,0.524,0.539556,0.545778,0.561333,0.573778,0.58,0.589333,0.598667,0.604889,0.617333,0.629778,0.632889,0.636,0.639111,0.639111,0.642222,0.645333,0.645333,0.645333,0.648444,0.651556,0.657778,0.664,0.664,0.667111,0.667111,0.667111,0.667111,0.670222,0.670222,0.670222,0.670222,0.670222,0.670222,0.670222,0.673333,0.673333,0.673333,0.670222,0.664,0.651556,0.645333,0.623556,0.598667,0.583111,0.558222,0.530222,0.517778,0.483556,0.446222,0.427556,0.390222,0.359111,0.343556,0.312444,0.287556,0.275111,0.253333,0.240889,0.216,0.191111,0.169333,0.16,0.144444,0.138222,0.122667,0.104,0.088444,0.079111,0.069778,0.066667,0.057333,0.041778,0.026222,0.02,0.007556,0.004444,0.001333,-0.001778,-0.004889,-0.008]","[0.0002,0.0159,0.0331,0.0501,0.0664,0.0833,0.1002,0.1163,0.1332,0.1503,0.1665,0.1835,0.1994,0.2178,0.2335,0.2497,0.2669,0.283,0.2999,0.3168,0.3337,0.3496,0.3668,0.3839,0.4,0.4172,0.4331,0.4503,0.4671,0.483,0.5001,0.517,0.534,0.5501,0.5672,0.5832,0.6002,0.6172,0.6333,0.6506,0.6665,0.6835,0.7005,0.7171,0.7341,0.7502,0.7672,0.7841,0.8002,0.8173,0.8335,0.8507,0.8667,0.8837,0.901,0.9171,0.9341,0.9509,0.9668,0.9838,1.0009,1.0169,1.0339,1.051,1.0671,1.0842,1.1003,1.117,1.1342,1.1503,1.1673,1.1842,1.2003,1.2176,1.2339,1.2509,1.2671,1.2841,1.3012,1.3173,1.3343,1.3503,1.3671,1.3842,1.401,1.4173,1.4346,1.4506,1.4675,1.4846,1.5006,1.5178,1.5339,1.551,1.5677,1.584,1.601,1.6182,1.6341,1.6511,1.6672,1.6842,1.7013,1.7175,1.7345,1.7508,1.7678,1.7848,1.801,1.8181,1.8342,1.8514,1.8674,1.8845,1.9013,1.9183,1.9346,1.9508,1.9678,1.9846,2.0018,2.0179,2.035,2.051,2.068,2.0853,2.1014,2.1178,2.1351,2.1511,2.1683,2.1846,2.2018,2.2179,2.2349,2.2519,2.2677,2.2846,2.3017,2.3178,2.335,2.3512,2.3681]","[1,1,1,1,1,1,1,1,1,1,1,1,1,1,1,1,1,1,1,1,1,1,1,1,1,1,1,1,1,1,1,1,1,1,1,1,1,1,1,1,1,1,1,1,1,1,1,1,1,1,1,1,1,1,1,1,1,1,1,1,1,1,1,1,1,1,1,1,1,1,1,1,1,1,1,1,1,1,1,1,1,1,1,2,2,2,2,2,2,2,2,2,2,2,2,2,2,2,2,2,2,2,2,2,2,2,2,2,2,2,2,2,2,2,2,2,2,2,2,2,2,2,2,2,2,2,2,2,2,2,2,2,2,2,2,2,2,2,2,2,2,2,2]",5,71.8731,4,16,0,16,0,1,229579,4,SV_73ADPjbMtd0KUBg,304,2022-03-02_15h06.07.165,implicit_time,2021.1.4,Linux x86_64,59.95563283
cursorjump,145,0,0,10,NA,0,NA,0,0,0.5,FALSE,practice,0,"[-0.010417,-0.010417,-0.010417,-0.008333,-0.008333,-0.008333,-0.00625,-0.004167,-0.004167,-0.002083,0,0,0,0,0,0.002083,0.002083,0.002083,0.004167,0.004167,0.004167,0.004167,0,-0.010417,-0.029167,-0.041667,-0.070833,-0.10625,-0.127083,-0.16875,-0.204167,-0.220833,-0.25,-0.277083,-0.291667,-0.31875,-0.347917,-0.372917,-0.385417,-0.410417,-0.425,-0.454167,-0.4875,-0.502083,-0.533333,-0.5625,-0.577083,-0.60625,-0.63125,-0.65625,-0.666667,-0.689583,-0.7,-0.71875,-0.735417,-0.752083,-0.760417,-0.779167,-0.7875,-0.80625,-0.827083,-0.85,-0.860417,-0.877083,-0.885417,-0.895833,-0.90625,-0.916667,-0.922917,-0.93125,-0.933333,-0.935417,-0.93125,-0.927083,-0.925,-0.920833,-0.91875,-0.908333,-0.8875,-0.860417,-0.841667,-0.797917,-0.772917,-0.716667,-0.65,-0.575,-0.5375,-0.466667,-0.435417,-0.379167,-0.354167,-0.3,-0.245833,-0.197917,-0.179167,-0.147917,-0.122917,-0.1125,-0.09375,-0.083333,-0.08125,-0.077083,-0.075,-0.072917,-0.072917,-0.072917,-0.072917,-0.072917,-0.070833,-0.064583,-0.060417,-0.05625,-0.052083,-0.045833,-0.0375,-0.033333,-0.029167,-0.025,-0.025,-0.020833,-0.01875,-0.016667,-0.014583,-0.014583]","[-0.004889,-0.004889,-0.004889,-0.008,-0.008,-0.008,-0.011111,-0.011111,-0.011111,-0.014222,-0.014222,-0.014222,-0.014222,-0.014222,-0.014222,-0.014222,-0.014222,-0.014222,-0.014222,-0.014222,-0.014222,-0.014222,-0.014222,-0.008,0.007556,0.013778,0.035556,0.057333,0.066667,0.091556,0.116444,0.128889,0.150667,0.169333,0.178667,0.200444,0.222222,0.244,0.253333,0.268889,0.275111,0.284444,0.293778,0.3,0.312444,0.324889,0.331111,0.340444,0.346667,0.349778,0.352889,0.362222,0.368444,0.377778,0.384,0.393333,0.399556,0.415111,0.421333,0.44,0.461778,0.477333,0.486667,0.496,0.502222,0.508444,0.514667,0.520889,0.524,0.530222,0.533333,0.533333,0.536444,0.536444,0.536444,0.536444,0.536444,0.536444,0.530222,0.517778,0.508444,0.489778,0.477333,0.452444,0.427556,0.402667,0.387111,0.352889,0.337333,0.303111,0.290667,0.268889,0.247111,0.222222,0.209778,0.191111,0.178667,0.175556,0.166222,0.163111,0.163111,0.163111,0.16,0.16,0.16,0.16,0.16,0.16,0.16,0.16,0.156889,0.153778,0.153778,0.147556,0.135111,0.125778,0.107111,0.088444,0.082222,0.076,0.066667,0.060444,0.048,0.038667]","[0.0003,0.016,0.0331,0.0495,0.0665,0.0825,0.0995,0.1166,0.1328,0.1499,0.1659,0.1828,0.1998,0.2159,0.2331,0.2493,0.2664,0.2833,0.2992,0.3162,0.3333,0.3494,0.3663,0.3832,0.4,0.4162,0.4331,0.4496,0.4664,0.4829,0.5,0.5165,0.5329,0.5499,0.5663,0.5834,0.5996,0.6169,0.633,0.6499,0.6662,0.6833,0.6998,0.7164,0.7336,0.75,0.7664,0.7833,0.7998,0.8169,0.833,0.85,0.8667,0.8833,0.8999,0.917,0.9333,0.9502,0.9666,0.9837,0.9999,1.0171,1.0333,1.0503,1.0664,1.0836,1.0999,1.1166,1.1335,1.1503,1.1668,1.1839,1.2,1.2168,1.2336,1.2507,1.267,1.2836,1.3002,1.3174,1.334,1.3501,1.367,1.3836,1.4009,1.417,1.434,1.4504,1.467,1.4836,1.5003,1.5176,1.5335,1.5505,1.5676,1.5837,1.6008,1.6169,1.6338,1.6506,1.6674,1.6845,1.7004,1.7172,1.734,1.751,1.7671,1.7843,1.8004,1.8172,1.8341,1.851,1.8678,1.8836,1.9006,1.9176,1.9344,1.9505,1.9677,1.9838,2.001,2.0181,2.0342,2.0513]","[1,1,1,1,1,1,1,1,1,1,1,1,1,1,1,1,1,1,1,1,1,1,1,1,1,1,1,1,1,1,1,1,1,1,1,1,1,1,1,1,1,1,1,1,1,1,1,1,1,1,1,1,1,1,1,1,1,1,1,1,1,2,2,2,2,2,2,2,2,2,2,2,2,2,2,2,2,2,2,2,2,2,2,2,2,2,2,2,2,2,2,2,2,2,2,2,2,2,2,2,2,2,2,2,2,2,2,2,2,2,2,2,2,2,2,2,2,2,2,2,2,2,2,2]",5,74.442,4,17,0,17,0,1,229579,4,SV_73ADPjbMtd0KUBg,304,2022-03-02_15h06.07.165,implicit_time,2021.1.4,Linux x86_64,59.95563283
cursorjump,45,0,0.5,10,NA,0,NA,0,1,0.5,FALSE,practice,1,"[0.010417,0.010417,0.010417,0.010417,0.010417,0.010417,0.010417,0.010417,0.010417,0.0125,0.0125,0.0125,0.014583,0.014583,0.016667,0.016667,0.016667,0.01875,0.01875,0.01875,0.01875,0.020833,0.020833,0.020833,0.027083,0.03125,0.04375,0.058333,0.077083,0.0875,0.108333,0.120833,0.145833,0.177083,0.210417,0.227083,0.258333,0.272917,0.297917,0.320833,0.339583,0.35,0.370833,0.38125,0.402083,0.420833,0.429167,0.44375,0.458333,0.464583,0.48125,0.497917,0.50625,0.527083,0.552083,0.5625,0.58125,0.59375,0.597917,0.602083,0.60625,0.608333,0.614583,0.622917,0.627083,0.63125,0.6375,0.647917,0.65625,0.670833,0.679167,0.689583,0.691667,0.691667,0.691667,0.691667,0.691667,0.691667,0.6875,0.683333,0.68125,0.68125,0.68125,0.683333,0.683333,0.685417,0.685417,0.68125,0.677083,0.6625,0.6375,0.608333,0.591667,0.560417,0.54375,0.5125,0.475,0.4375,0.41875,0.385417,0.370833,0.341667,0.31875,0.297917,0.289583,0.270833,0.260417,0.24375,0.227083,0.210417,0.2,0.179167,0.166667,0.14375,0.133333,0.1125,0.091667,0.075,0.06875,0.05625,0.05,0.047917,0.045833,0.04375,0.04375,0.04375,0.041667,0.035417]","[0.013778,0.013778,0.013778,0.013778,0.013778,0.013778,0.013778,0.013778,0.013778,0.013778,0.010667,0.010667,0.010667,0.010667,0.010667,0.010667,0.010667,0.010667,0.007556,0.007556,0.007556,0.004444,0.004444,0.004444,0.013778,0.023111,0.038667,0.063556,0.094667,0.113333,0.16,0.181778,0.225333,0.259556,0.287556,0.3,0.324889,0.334222,0.352889,0.365333,0.377778,0.384,0.402667,0.412,0.430667,0.446222,0.455556,0.468,0.480444,0.489778,0.505333,0.524,0.530222,0.545778,0.564444,0.573778,0.592444,0.604889,0.611111,0.617333,0.623556,0.626667,0.632889,0.642222,0.648444,0.657778,0.667111,0.676444,0.682667,0.698222,0.704444,0.713778,0.716889,0.716889,0.716889,0.716889,0.716889,0.713778,0.707556,0.704444,0.701333,0.701333,0.701333,0.704444,0.704444,0.707556,0.707556,0.704444,0.698222,0.685778,0.660889,0.629778,0.608,0.567556,0.542667,0.496,0.452444,0.408889,0.390222,0.356,0.340444,0.312444,0.290667,0.275111,0.268889,0.256444,0.250222,0.234667,0.219111,0.197333,0.184889,0.16,0.144444,0.116444,0.104,0.072889,0.048,0.029333,0.023111,0.016889,0.010667,0.010667,0.007556,0.010667,0.010667,0.010667,0.010667,0.004444]","[0.0004,0.0158,0.0329,0.0489,0.0659,0.0829,0.0991,0.1161,0.1323,0.1494,0.1664,0.1823,0.1996,0.2156,0.2328,0.2493,0.2663,0.2831,0.2992,0.3163,0.3324,0.3494,0.3663,0.3824,0.3994,0.4166,0.4327,0.45,0.466,0.483,0.4991,0.5161,0.533,0.5498,0.5666,0.5825,0.5995,0.6163,0.6334,0.6493,0.6662,0.6832,0.7003,0.7163,0.7335,0.7494,0.7663,0.7832,0.8003,0.8164,0.8335,0.8495,0.8663,0.8833,0.9004,0.9163,0.9332,0.9501,0.9669,0.9831,0.9996,1.0167,1.0338,1.0498,1.0668,1.0836,1.0999,1.1169,1.133,1.1499,1.1668,1.1833,1.2005,1.2166,1.2334,1.2504,1.2667,1.2839,1.3001,1.3173,1.3334,1.3504,1.3675,1.3836,1.4008,1.4168,1.4339,1.4501,1.4671,1.4841,1.5004,1.5168,1.5338,1.5499,1.567,1.5843,1.6004,1.6176,1.6335,1.6503,1.6672,1.6834,1.7005,1.7174,1.7343,1.7502,1.7671,1.784,1.8002,1.8174,1.8343,1.8502,1.8673,1.8845,1.9004,1.9173,1.9342,1.9511,1.967,1.984,2.0011,2.0171,2.034,2.0509,2.0671,2.0843,2.1005,2.1177]","[1,1,1,1,1,1,1,1,1,1,1,1,1,1,1,1,1,1,1,1,1,1,1,1,1,1,1,1,1,1,1,1,1,1,1,1,1,1,1,1,1,1,1,1,1,1,1,1,1,1,1,1,1,1,1,1,1,1,1,1,1,1,1,1,1,1,1,1,1,2,2,2,2,2,2,2,2,2,2,2,2,2,2,2,2,2,2,2,2,2,2,2,2,2,2,2,2,2,2,2,2,2,2,2,2,2,2,2,2,2,2,2,2,2,2,2,2,2,2,2,2,2,2,2,2,2,2,2]",6,77.5444,4,18,0,18,0,1,229579,4,SV_73ADPjbMtd0KUBg,304,2022-03-02_15h06.07.165,implicit_time,2021.1.4,Linux x86_64,59.95563283
cursorjump,35,0,0,10,NA,0,NA,0,0,0.5,FALSE,practice,0,"[-0.004167,-0.004167,-0.004167,-0.002083,-0.002083,-0.002083,-0.002083,-0.002083,-0.004167,-0.004167,-0.004167,-0.004167,-0.004167,-0.004167,-0.004167,-0.004167,-0.004167,-0.004167,-0.004167,-0.004167,-0.004167,-0.002083,0.004167,0.010417,0.027083,0.039583,0.06875,0.104167,0.141667,0.160417,0.2,0.220833,0.260417,0.3,0.333333,0.35,0.379167,0.391667,0.414583,0.435417,0.454167,0.4625,0.48125,0.489583,0.508333,0.53125,0.554167,0.566667,0.589583,0.6,0.620833,0.645833,0.672917,0.6875,0.714583,0.727083,0.75625,0.7875,0.8125,0.820833,0.822917,0.820833,0.820833,0.822917,0.822917,0.822917,0.822917,0.820833,0.814583,0.802083,0.775,0.75625,0.716667,0.695833,0.65,0.597917,0.539583,0.508333,0.454167,0.429167,0.383333,0.3375,0.295833,0.275,0.239583,0.225,0.195833,0.170833,0.15625,0.135417,0.116667,0.108333,0.095833,0.0875,0.085417,0.079167,0.077083,0.077083,0.077083,0.077083,0.077083,0.075,0.070833,0.066667,0.058333,0.047917,0.04375,0.033333]","[-0.008,-0.008,-0.004889,-0.004889,-0.004889,-0.004889,-0.004889,-0.004889,-0.004889,-0.004889,-0.004889,-0.001778,-0.001778,-0.001778,-0.001778,-0.001778,-0.001778,-0.001778,-0.001778,-0.001778,-0.001778,0.001333,0.007556,0.013778,0.032444,0.048,0.079111,0.113333,0.147556,0.166222,0.203556,0.222222,0.256444,0.284444,0.312444,0.321778,0.343556,0.349778,0.368444,0.380889,0.393333,0.399556,0.415111,0.421333,0.44,0.458667,0.480444,0.489778,0.508444,0.517778,0.533333,0.552,0.570667,0.58,0.598667,0.604889,0.623556,0.645333,0.660889,0.667111,0.667111,0.667111,0.667111,0.667111,0.667111,0.670222,0.670222,0.670222,0.667111,0.660889,0.645333,0.632889,0.604889,0.589333,0.552,0.502222,0.449333,0.424444,0.371556,0.349778,0.306222,0.268889,0.234667,0.222222,0.197333,0.188,0.166222,0.147556,0.138222,0.119556,0.107111,0.100889,0.091556,0.085333,0.082222,0.079111,0.076,0.076,0.076,0.072889,0.072889,0.066667,0.060444,0.054222,0.048,0.035556,0.032444,0.023111]","[0.0003,0.0161,0.0331,0.0493,0.0665,0.0834,0.0997,0.1168,0.133,0.1501,0.1661,0.183,0.2,0.2163,0.2335,0.2495,0.2664,0.2834,0.2995,0.3167,0.3328,0.3498,0.3668,0.3838,0.4,0.4165,0.4331,0.4499,0.4665,0.4836,0.4997,0.5166,0.5336,0.5498,0.5668,0.5834,0.6,0.6166,0.6338,0.65,0.6669,0.6834,0.7,0.7167,0.7332,0.7502,0.7667,0.7834,0.8,0.8172,0.8334,0.8503,0.867,0.8836,0.9008,0.9171,0.9335,0.95,0.9671,0.9836,1.0003,1.0174,1.0335,1.0506,1.0671,1.0841,1.1003,1.1175,1.1336,1.1507,1.1675,1.1836,1.2006,1.217,1.234,1.2504,1.2676,1.2837,1.301,1.3173,1.334,1.3505,1.3676,1.3837,1.4009,1.4171,1.4341,1.4511,1.4673,1.4844,1.5013,1.5176,1.5338,1.5507,1.5679,1.5841,1.6014,1.6174,1.6342,1.6512,1.6674,1.6845,1.7006,1.7174,1.7343,1.7515,1.7677,1.7843]","[1,1,1,1,1,1,1,1,1,1,1,1,1,1,1,1,1,1,1,1,1,1,1,1,1,1,1,1,1,1,1,1,1,1,1,1,1,1,1,1,1,1,1,1,1,1,1,1,1,1,1,1,1,1,1,1,2,2,2,2,2,2,2,2,2,2,2,2,2,2,2,2,2,2,2,2,2,2,2,2,2,2,2,2,2,2,2,2,2,2,2,2,2,2,2,2,2,2,2,2,2,2,2,2,2,2,2,2]",6,79.9459,4,19,0,19,0,1,229579,4,SV_73ADPjbMtd0KUBg,304,2022-03-02_15h06.07.165,implicit_time,2021.1.4,Linux x86_64,59.95563283
cursorjump,225,0,0.5,10,NA,0,NA,0,1,0.5,FALSE,practice,1,"[0.004167,0.004167,0.004167,0.00625,0.00625,0.00625,0.00625,0.00625,0.00625,0.00625,0.00625,0.00625,0.00625,0.00625,0.00625,0.004167,0.004167,0.002083,0,-0.002083,-0.00625,-0.010417,-0.0125,-0.01875,-0.027083,-0.033333,-0.052083,-0.075,-0.0875,-0.116667,-0.13125,-0.1625,-0.19375,-0.222917,-0.235417,-0.258333,-0.26875,-0.2875,-0.304167,-0.320833,-0.327083,-0.3375,-0.341667,-0.352083,-0.360417,-0.372917,-0.379167,-0.395833,-0.40625,-0.427083,-0.447917,-0.46875,-0.479167,-0.5,-0.522917,-0.533333,-0.55,-0.564583,-0.56875,-0.579167,-0.585417,-0.597917,-0.608333,-0.61875,-0.625,-0.633333,-0.645833,-0.652083,-0.664583,-0.677083,-0.68125,-0.6875,-0.691667,-0.691667,-0.691667,-0.689583,-0.6875,-0.685417,-0.68125,-0.679167,-0.677083,-0.66875,-0.6625,-0.64375,-0.63125,-0.597917,-0.554167,-0.508333,-0.485417,-0.445833,-0.410417,-0.39375,-0.3625,-0.347917,-0.320833,-0.302083,-0.2875,-0.28125,-0.270833,-0.264583,-0.25625,-0.247917,-0.241667,-0.2375,-0.225,-0.216667,-0.197917,-0.179167,-0.1625,-0.154167,-0.1375,-0.129167,-0.116667,-0.104167,-0.097917,-0.095833,-0.09375,-0.091667,-0.089583,-0.083333,-0.072917,-0.06875,-0.060417,-0.058333,-0.054167,-0.05,-0.041667,-0.0375]","[-0.004889,-0.004889,-0.004889,-0.001778,-0.001778,-0.001778,-0.001778,-0.001778,-0.001778,-0.001778,-0.001778,0.001333,0.001333,0.001333,0.001333,0.001333,0.001333,0.001333,0.001333,-0.001778,-0.004889,-0.011111,-0.014222,-0.029778,-0.054667,-0.067111,-0.101333,-0.138667,-0.154222,-0.188444,-0.207111,-0.244444,-0.281778,-0.322222,-0.340889,-0.375111,-0.390667,-0.418667,-0.443556,-0.462222,-0.468444,-0.484,-0.487111,-0.499556,-0.515111,-0.536889,-0.552444,-0.586667,-0.602222,-0.639556,-0.670667,-0.692444,-0.704889,-0.720444,-0.736,-0.742222,-0.751556,-0.754667,-0.757778,-0.760889,-0.764,-0.764,-0.757778,-0.748444,-0.742222,-0.736,-0.726667,-0.723556,-0.720444,-0.717333,-0.717333,-0.717333,-0.717333,-0.717333,-0.714222,-0.711111,-0.711111,-0.708,-0.704889,-0.704889,-0.698667,-0.689333,-0.683111,-0.658222,-0.642667,-0.605333,-0.564889,-0.527556,-0.505778,-0.468444,-0.424889,-0.4,-0.359556,-0.337778,-0.303556,-0.275556,-0.253778,-0.241333,-0.219556,-0.210222,-0.188444,-0.172889,-0.151111,-0.141778,-0.116889,-0.104444,-0.082667,-0.064,-0.045333,-0.036,-0.020444,-0.011111,-0.001778,0.001333,0.001333,0.001333,0.001333,0.001333,-0.004889,-0.011111,-0.017333,-0.020444,-0.020444,-0.017333,-0.017333,-0.014222,-0.011111,-0.008]","[0.0003,0.0165,0.0336,0.0495,0.0663,0.0832,0.1002,0.1163,0.1337,0.1502,0.1664,0.1835,0.1996,0.2167,0.2336,0.2505,0.2665,0.2838,0.3,0.3172,0.3335,0.3501,0.3673,0.3836,0.4007,0.417,0.4342,0.45,0.4671,0.4832,0.5,0.517,0.5341,0.5503,0.5674,0.5832,0.6002,0.6173,0.6335,0.6507,0.667,0.6842,0.7001,0.7172,0.7344,0.7507,0.7669,0.7841,0.8002,0.8174,0.8336,0.8508,0.8669,0.8837,0.9008,0.9169,0.9342,0.9503,0.9674,0.9845,1.0006,1.0178,1.0338,1.0509,1.0677,1.0837,1.1008,1.118,1.1341,1.1512,1.1673,1.1845,1.2007,1.218,1.2341,1.2513,1.2672,1.2843,1.3014,1.3177,1.334,1.3512,1.3675,1.3846,1.4008,1.4179,1.434,1.4511,1.4679,1.4841,1.5014,1.5174,1.5344,1.5513,1.5684,1.5845,1.6017,1.6178,1.6349,1.6509,1.6681,1.6843,1.702,1.7186,1.7347,1.7509,1.7677,1.7848,1.8009,1.818,1.8343,1.8514,1.8684,1.8845,1.9017,1.9178,1.9349,1.9517,1.9676,1.9845,2.0017,2.0179,2.0348,2.0514,2.0684,2.0846,2.1016,2.1178]","[1,1,1,1,1,1,1,1,1,1,1,1,1,1,1,1,1,1,1,1,1,1,1,1,1,1,1,1,1,1,1,1,1,1,1,1,1,1,1,1,1,1,1,1,1,1,1,1,1,1,1,1,1,1,1,1,1,1,1,1,2,2,2,2,2,2,2,2,2,2,2,2,2,2,2,2,2,2,2,2,2,2,2,2,2,2,2,2,2,2,2,2,2,2,2,2,2,2,2,2,2,2,2,2,2,2,2,2,2,2,2,2,2,2,2,2,2,2,2,2,2,2,2,2,2,2,2,2]",7,82.581,4,20,0,20,0,1,229579,4,SV_73ADPjbMtd0KUBg,304,2022-03-02_15h06.07.165,implicit_time,2021.1.4,Linux x86_64,59.95563283
cursorjump,235,0,0,10,NA,0,NA,0,0,0.5,FALSE,practice,0,"[0.022917,0.020833,0.01875,0.016667,0.014583,0.0125,0.0125,0.0125,0.010417,0.010417,0.010417,0.010417,0.008333,0.008333,0.008333,0.008333,0.008333,0.008333,0.008333,0.008333,0.00625,0.002083,0,-0.010417,-0.025,-0.035417,-0.058333,-0.08125,-0.091667,-0.11875,-0.15,-0.164583,-0.195833,-0.220833,-0.23125,-0.25,-0.264583,-0.272917,-0.285417,-0.29375,-0.297917,-0.3,-0.302083,-0.302083,-0.302083,-0.30625,-0.308333,-0.3125,-0.322917,-0.333333,-0.3375,-0.347917,-0.354167,-0.364583,-0.377083,-0.383333,-0.391667,-0.397917,-0.4,-0.4,-0.402083,-0.402083,-0.402083,-0.402083,-0.402083,-0.402083,-0.402083,-0.402083,-0.402083,-0.402083,-0.402083,-0.402083,-0.4,-0.395833,-0.391667,-0.385417,-0.383333,-0.372917,-0.366667,-0.35,-0.33125,-0.3125,-0.302083,-0.28125,-0.270833,-0.252083,-0.235417,-0.220833,-0.214583,-0.202083,-0.195833,-0.185417,-0.175,-0.166667,-0.1625,-0.15625,-0.154167,-0.147917,-0.139583,-0.133333,-0.13125,-0.125,-0.11875,-0.116667,-0.110417,-0.10625,-0.102083,-0.097917,-0.09375,-0.091667,-0.0875,-0.083333,-0.08125,-0.077083,-0.075,-0.070833,-0.064583,-0.05625,-0.052083,-0.041667,-0.0375,-0.03125]","[0.016889,0.016889,0.013778,0.010667,0.010667,0.007556,0.007556,0.007556,0.007556,0.007556,0.007556,0.007556,0.007556,0.007556,0.007556,0.007556,0.007556,0.007556,0.004444,0.004444,0.004444,-0.001778,-0.008,-0.020444,-0.045333,-0.060889,-0.101333,-0.148,-0.172889,-0.219556,-0.266222,-0.291111,-0.337778,-0.387556,-0.409333,-0.452889,-0.490222,-0.505778,-0.527556,-0.549333,-0.558667,-0.577333,-0.596,-0.608444,-0.630222,-0.655111,-0.667556,-0.695556,-0.726667,-0.760889,-0.779556,-0.816889,-0.835556,-0.869778,-0.904,-0.919556,-0.947556,-0.969333,-0.972444,-0.978667,-0.978667,-0.978667,-0.981778,-0.991111,-0.994222,-1.000444,-1.000444,-1.000444,-0.997333,-0.994222,-0.994222,-0.988,-0.984889,-0.975556,-0.956889,-0.932,-0.919556,-0.891556,-0.876,-0.835556,-0.788889,-0.742222,-0.720444,-0.673778,-0.652,-0.605333,-0.561778,-0.521333,-0.502667,-0.471556,-0.456,-0.424889,-0.393778,-0.362667,-0.350222,-0.322222,-0.306667,-0.278667,-0.250667,-0.222667,-0.210222,-0.191556,-0.179111,-0.172889,-0.160444,-0.151111,-0.144889,-0.132444,-0.12,-0.113778,-0.101333,-0.092,-0.085778,-0.079556,-0.076444,-0.070222,-0.064,-0.051556,-0.045333,-0.032889,-0.029778,-0.020444]","[0.0001,0.0158,0.033,0.0492,0.0664,0.0824,0.0993,0.1162,0.1325,0.1497,0.1658,0.1827,0.1998,0.2158,0.2328,0.249,0.2663,0.2826,0.2996,0.3165,0.3327,0.3498,0.366,0.3829,0.3998,0.4159,0.4334,0.4495,0.4661,0.4826,0.4996,0.5161,0.5327,0.5499,0.5662,0.5831,0.5996,0.6162,0.6329,0.6501,0.6663,0.6829,0.7,0.7164,0.733,0.7496,0.7663,0.7829,0.7996,0.8169,0.8331,0.8499,0.8664,0.8833,0.9004,0.9166,0.9329,0.9501,0.9663,0.9836,0.9997,1.017,1.0333,1.0503,1.0663,1.0834,1.0999,1.1172,1.1335,1.1496,1.1667,1.1839,1.2002,1.2165,1.2334,1.2504,1.2667,1.2836,1.2999,1.3172,1.3334,1.35,1.367,1.3833,1.4007,1.4169,1.4335,1.4502,1.4671,1.4836,1.5001,1.5171,1.5336,1.5501,1.5671,1.5842,1.6003,1.6175,1.6336,1.6505,1.6675,1.6837,1.7008,1.7169,1.7338,1.7507,1.7677,1.7838,1.8011,1.8173,1.8344,1.8503,1.8672,1.8844,1.9006,1.9176,1.9344,1.9505,1.9672,1.9843,2.0005,2.0175]","[1,1,1,1,1,1,1,1,1,1,1,1,1,1,1,1,1,1,1,1,1,1,1,1,1,1,1,1,1,1,1,1,1,1,1,1,1,1,1,1,1,1,1,1,1,1,1,1,1,1,1,1,1,1,2,2,2,2,2,2,2,2,2,2,2,2,2,2,2,2,2,2,2,2,2,2,2,2,2,2,2,2,2,2,2,2,2,2,2,2,2,2,2,2,2,2,2,2,2,2,2,2,2,2,2,2,2,2,2,2,2,2,2,2,2,2,2,2,2,2,2,2]",7,85.1164,4,21,0,21,0,1,229579,4,SV_73ADPjbMtd0KUBg,304,2022-03-02_15h06.07.165,implicit_time,2021.1.4,Linux x86_64,59.95563283
cursorjump,315,0,0.5,10,NA,0,NA,0,1,0.5,FALSE,practice,1,"[-0.008333,-0.008333,-0.008333,-0.008333,-0.008333,-0.008333,-0.008333,-0.008333,-0.008333,-0.008333,-0.008333,-0.008333,-0.008333,-0.008333,-0.008333,-0.008333,-0.008333,-0.008333,-0.008333,-0.004167,0,0.016667,0.03125,0.070833,0.1125,0.154167,0.172917,0.210417,0.229167,0.260417,0.291667,0.31875,0.33125,0.354167,0.366667,0.389583,0.410417,0.429167,0.439583,0.458333,0.46875,0.489583,0.510417,0.520833,0.545833,0.570833,0.583333,0.60625,0.63125,0.64375,0.664583,0.68125,0.689583,0.702083,0.7125,0.714583,0.716667,0.714583,0.7125,0.7125,0.7125,0.7125,0.7125,0.7125,0.710417,0.710417,0.710417,0.710417,0.70625,0.7,0.695833,0.677083,0.652083,0.6375,0.610417,0.579167,0.5625,0.51875,0.4625,0.43125,0.370833,0.3125,0.2875,0.24375,0.2125,0.197917,0.175,0.154167,0.14375,0.127083,0.116667,0.1125,0.104167,0.1,0.097917,0.089583,0.079167,0.075,0.066667,0.058333,0.054167,0.04375,0.033333,0.027083,0.01875,0.014583]","[-0.008,-0.008,-0.008,-0.008,-0.008,-0.008,-0.008,-0.008,-0.008,-0.008,-0.008,-0.008,-0.008,-0.008,-0.008,-0.008,-0.008,-0.008,-0.008,-0.004889,-0.008,-0.011111,-0.017333,-0.039111,-0.064,-0.092,-0.107556,-0.138667,-0.151111,-0.179111,-0.204,-0.232,-0.244444,-0.269333,-0.281778,-0.306667,-0.328444,-0.350222,-0.359556,-0.378222,-0.387556,-0.406222,-0.428,-0.437333,-0.459111,-0.484,-0.493333,-0.515111,-0.543111,-0.561778,-0.592889,-0.624,-0.639556,-0.664444,-0.686222,-0.698667,-0.711111,-0.717333,-0.720444,-0.720444,-0.720444,-0.720444,-0.720444,-0.717333,-0.714222,-0.714222,-0.711111,-0.714222,-0.717333,-0.720444,-0.720444,-0.711111,-0.695556,-0.683111,-0.658222,-0.633333,-0.617778,-0.577333,-0.521333,-0.487111,-0.418667,-0.359556,-0.334667,-0.294222,-0.263111,-0.250667,-0.228889,-0.204,-0.194667,-0.176,-0.166667,-0.163556,-0.157333,-0.157333,-0.157333,-0.151111,-0.141778,-0.138667,-0.126222,-0.12,-0.113778,-0.095111,-0.073333,-0.060889,-0.045333,-0.032889]","[0.0003,0.0163,0.033,0.0497,0.0668,0.0832,0.0997,0.1167,0.1328,0.1498,0.1664,0.1835,0.1996,0.2167,0.2329,0.2501,0.2665,0.2831,0.3003,0.3167,0.3333,0.3498,0.367,0.3834,0.4,0.4169,0.4334,0.45,0.4671,0.4833,0.5005,0.5169,0.5332,0.5504,0.5668,0.5838,0.6002,0.6172,0.6335,0.65,0.6672,0.6837,0.7001,0.7172,0.7338,0.7503,0.7674,0.7839,0.8002,0.8175,0.8339,0.8506,0.8674,0.8839,0.9007,0.9169,0.934,0.9505,0.9676,0.9841,1.0008,1.0169,1.0343,1.0509,1.0674,1.084,1.1006,1.1173,1.1342,1.1507,1.1675,1.184,1.2009,1.2172,1.234,1.2507,1.2674,1.284,1.3005,1.3173,1.3341,1.3508,1.3675,1.384,1.4006,1.4175,1.4343,1.4509,1.4675,1.484,1.5009,1.5178,1.5345,1.5511,1.5677,1.5842,1.6007,1.6177,1.6344,1.6513,1.6679,1.6847,1.7011,1.7179,1.7348,1.7514]","[1,1,1,1,1,1,1,1,1,1,1,1,1,1,1,1,1,1,1,1,1,1,1,1,1,1,1,1,1,1,1,1,1,1,1,1,1,1,1,1,1,1,1,1,1,1,1,1,1,1,1,1,1,2,2,2,2,2,2,2,2,2,2,2,2,2,2,2,2,2,2,2,2,2,2,2,2,2,2,2,2,2,2,2,2,2,2,2,2,2,2,2,2,2,2,2,2,2,2,2,2,2,2,2,2,2]",8,87.6357,4,22,0,22,0,1,229579,4,SV_73ADPjbMtd0KUBg,304,2022-03-02_15h06.07.165,implicit_time,2021.1.4,Linux x86_64,59.95563283
cursorjump,305,0,0,10,NA,0,NA,0,0,0.5,FALSE,practice,0,"[0.014583,0.016667,0.016667,0.01875,0.01875,0.01875,0.01875,0.01875,0.01875,0.01875,0.01875,0.01875,0.01875,0.016667,0.014583,0.014583,0.0125,0.0125,0.0125,0.0125,0.01875,0.022917,0.04375,0.05625,0.085417,0.114583,0.145833,0.1625,0.197917,0.214583,0.24375,0.272917,0.302083,0.314583,0.335417,0.34375,0.35625,0.36875,0.385417,0.395833,0.414583,0.433333,0.441667,0.4625,0.472917,0.497917,0.520833,0.53125,0.554167,0.575,0.585417,0.602083,0.61875,0.6375,0.647917,0.664583,0.670833,0.677083,0.679167,0.679167,0.679167,0.679167,0.679167,0.679167,0.679167,0.679167,0.679167,0.677083,0.672917,0.65625,0.627083,0.585417,0.560417,0.5125,0.489583,0.45,0.416667,0.377083,0.354167,0.304167,0.277083,0.23125,0.19375,0.158333,0.141667,0.114583,0.102083,0.083333,0.066667,0.052083,0.045833,0.033333,0.027083,0.016667,0.010417,0.004167,0.002083,0,-0.002083,-0.002083,-0.002083,-0.00625,-0.00625,-0.008333,-0.008333,-0.008333]","[0.010667,0.010667,0.010667,0.007556,0.007556,0.007556,0.007556,0.007556,0.007556,0.007556,0.007556,0.007556,0.007556,0.004444,0.004444,0.004444,0.004444,0.004444,0.004444,0.004444,0.001333,-0.001778,-0.008,-0.014222,-0.036,-0.076444,-0.135556,-0.169778,-0.241333,-0.269333,-0.316,-0.353333,-0.390667,-0.409333,-0.440444,-0.452889,-0.471556,-0.484,-0.499556,-0.512,-0.536889,-0.561778,-0.574222,-0.599111,-0.614667,-0.639556,-0.664444,-0.676889,-0.708,-0.739111,-0.754667,-0.782667,-0.807556,-0.829333,-0.841778,-0.860444,-0.866667,-0.879111,-0.885333,-0.885333,-0.885333,-0.885333,-0.885333,-0.885333,-0.885333,-0.885333,-0.885333,-0.885333,-0.885333,-0.879111,-0.860444,-0.826222,-0.807556,-0.757778,-0.736,-0.689333,-0.645778,-0.599111,-0.574222,-0.512,-0.480889,-0.421778,-0.372,-0.325333,-0.300444,-0.269333,-0.256889,-0.244444,-0.232,-0.213333,-0.204,-0.182222,-0.172889,-0.160444,-0.148,-0.138667,-0.132444,-0.12,-0.113778,-0.110667,-0.107556,-0.095111,-0.085778,-0.060889,-0.051556,-0.032889]","[0.0016,0.0165,0.0336,0.0503,0.0671,0.0836,0.0997,0.1168,0.1335,0.1501,0.1667,0.1829,0.2002,0.2168,0.2334,0.25,0.267,0.2834,0.3003,0.3168,0.3337,0.3505,0.3671,0.3831,0.4001,0.4167,0.4332,0.4501,0.4668,0.4833,0.5,0.5168,0.5333,0.5505,0.5672,0.5838,0.5999,0.6172,0.6337,0.6497,0.6667,0.6836,0.7004,0.7169,0.7336,0.7503,0.7667,0.7834,0.8001,0.817,0.8347,0.8503,0.8671,0.8841,0.9006,0.9175,0.9333,0.9504,0.9672,0.984,1.0007,1.017,1.0338,1.0511,1.0669,1.0838,1.1007,1.118,1.1338,1.1509,1.1677,1.1836,1.2004,1.2173,1.2343,1.2508,1.2676,1.2842,1.3003,1.3175,1.3344,1.351,1.3675,1.3844,1.4004,1.4173,1.4341,1.4509,1.4682,1.4843,1.5011,1.5176,1.5341,1.5509,1.5676,1.5845,1.6009,1.6181,1.6343,1.6509,1.6676,1.6842,1.701,1.7178,1.7343,1.7512]","[1,1,1,1,1,1,1,1,1,1,1,1,1,1,1,1,1,1,1,1,1,1,1,1,1,1,1,1,1,1,1,1,1,1,1,1,1,1,1,1,1,1,1,1,1,1,1,1,1,1,1,2,2,2,2,2,2,2,2,2,2,2,2,2,2,2,2,2,2,2,2,2,2,2,2,2,2,2,2,2,2,2,2,2,2,2,2,2,2,2,2,2,2,2,2,2,2,2,2,2,2,2,2,2,2,2]",8,89.904,4,23,0,23,0,1,229579,4,SV_73ADPjbMtd0KUBg,304,2022-03-02_15h06.07.165,implicit_time,2021.1.4,Linux x86_64,59.95563283
cursorjump,225,0,0.5,10,NA,0,NA,0,1,0.5,FALSE,practice,1,"[0.0125,0.0125,0.0125,0.0125,0.0125,0.0125,0.0125,0.0125,0.0125,0.010417,0.008333,0.008333,0.008333,0.00625,0.00625,0.004167,0.004167,0.002083,0,-0.004167,-0.010417,-0.025,-0.0375,-0.070833,-0.110417,-0.129167,-0.164583,-0.19375,-0.208333,-0.235417,-0.258333,-0.272917,-0.3,-0.329167,-0.345833,-0.379167,-0.4125,-0.427083,-0.460417,-0.489583,-0.502083,-0.522917,-0.54375,-0.554167,-0.575,-0.585417,-0.604167,-0.61875,-0.633333,-0.639583,-0.654167,-0.658333,-0.66875,-0.677083,-0.689583,-0.695833,-0.710417,-0.716667,-0.727083,-0.733333,-0.735417,-0.733333,-0.727083,-0.722917,-0.71875,-0.716667,-0.716667,-0.716667,-0.714583,-0.714583,-0.714583,-0.714583,-0.714583,-0.7125,-0.708333,-0.70625,-0.697917,-0.683333,-0.660417,-0.64375,-0.60625,-0.585417,-0.545833,-0.510417,-0.472917,-0.454167,-0.416667,-0.402083,-0.372917,-0.352083,-0.333333,-0.325,-0.310417,-0.304167,-0.289583,-0.275,-0.260417,-0.25,-0.229167,-0.216667,-0.191667,-0.16875,-0.145833,-0.135417,-0.114583,-0.102083,-0.079167,-0.060417,-0.045833,-0.041667,-0.035417]","[0.016889,0.016889,0.016889,0.013778,0.013778,0.013778,0.010667,0.010667,0.007556,0.004444,0.004444,0.001333,0.001333,0.001333,0.001333,0.001333,-0.001778,-0.004889,-0.011111,-0.017333,-0.039111,-0.070222,-0.092,-0.138667,-0.182222,-0.204,-0.247556,-0.294222,-0.319111,-0.368889,-0.415556,-0.434222,-0.474667,-0.512,-0.527556,-0.558667,-0.583556,-0.592889,-0.614667,-0.630222,-0.636444,-0.652,-0.661333,-0.667556,-0.673778,-0.676889,-0.676889,-0.673778,-0.667556,-0.664444,-0.655111,-0.652,-0.648889,-0.645778,-0.648889,-0.652,-0.655111,-0.658222,-0.661333,-0.664444,-0.667556,-0.667556,-0.667556,-0.670667,-0.670667,-0.673778,-0.676889,-0.68,-0.686222,-0.686222,-0.692444,-0.692444,-0.692444,-0.692444,-0.689333,-0.686222,-0.673778,-0.655111,-0.627111,-0.611556,-0.568,-0.546222,-0.496444,-0.446667,-0.396889,-0.375111,-0.334667,-0.316,-0.288,-0.263111,-0.241333,-0.228889,-0.210222,-0.200889,-0.185333,-0.172889,-0.154222,-0.144889,-0.116889,-0.104444,-0.079556,-0.064,-0.048444,-0.042222,-0.026667,-0.020444,-0.008,-0.001778,-0.004889,-0.004889,-0.008]","[0.0007,0.017,0.0329,0.0496,0.0661,0.0831,0.1003,0.1163,0.1333,0.15,0.1659,0.1826,0.1994,0.2169,0.2327,0.2498,0.2671,0.2831,0.3,0.3168,0.3328,0.35,0.367,0.3832,0.4003,0.4165,0.4334,0.4501,0.4666,0.4834,0.5003,0.5171,0.5328,0.5497,0.5667,0.5836,0.6001,0.6168,0.6339,0.65,0.6666,0.6835,0.7006,0.7165,0.7332,0.7499,0.7668,0.7839,0.8009,0.8167,0.8338,0.8512,0.8672,0.8841,0.9002,0.917,0.934,0.9505,0.9666,0.9838,1.001,1.0168,1.0336,1.0503,1.0672,1.0843,1.1006,1.1171,1.1336,1.1503,1.1669,1.1841,1.201,1.2169,1.2337,1.2502,1.2671,1.284,1.3007,1.3171,1.3335,1.3506,1.3673,1.3839,1.4006,1.4172,1.4337,1.4507,1.4675,1.4839,1.5005,1.5171,1.5345,1.551,1.5676,1.5842,1.6008,1.6173,1.634,1.651,1.6676,1.6842,1.7008,1.7174,1.7342,1.7512,1.7675,1.7845,1.8008,1.8173,1.834]","[1,1,1,1,1,1,1,1,1,1,1,1,1,1,1,1,1,1,1,1,1,1,1,1,1,1,1,1,1,1,1,1,1,1,1,1,1,1,1,1,1,1,1,1,1,1,1,1,1,1,1,1,1,1,1,1,2,2,2,2,2,2,2,2,2,2,2,2,2,2,2,2,2,2,2,2,2,2,2,2,2,2,2,2,2,2,2,2,2,2,2,2,2,2,2,2,2,2,2,2,2,2,2,2,2,2,2,2,2,2,2]",9,92.2558,4,24,0,24,0,1,229579,4,SV_73ADPjbMtd0KUBg,304,2022-03-02_15h06.07.165,implicit_time,2021.1.4,Linux x86_64,59.95563283
cursorjump,235,0,0,10,NA,0,NA,0,0,0.5,FALSE,practice,0,"[0.016667,0.016667,0.016667,0.016667,0.014583,0.014583,0.014583,0.014583,0.014583,0.014583,0.0125,0.010417,0.010417,0.008333,0.008333,0.008333,0.008333,0.00625,0.002083,-0.002083,-0.010417,-0.016667,-0.035417,-0.05625,-0.08125,-0.09375,-0.11875,-0.13125,-0.15625,-0.18125,-0.208333,-0.21875,-0.241667,-0.25,-0.26875,-0.2875,-0.304167,-0.3125,-0.325,-0.33125,-0.339583,-0.345833,-0.35,-0.35625,-0.3625,-0.366667,-0.375,-0.379167,-0.389583,-0.402083,-0.414583,-0.420833,-0.433333,-0.439583,-0.45,-0.458333,-0.464583,-0.466667,-0.46875,-0.46875,-0.470833,-0.470833,-0.470833,-0.470833,-0.466667,-0.460417,-0.45625,-0.447917,-0.435417,-0.427083,-0.408333,-0.385417,-0.370833,-0.339583,-0.308333,-0.29375,-0.270833,-0.260417,-0.241667,-0.227083,-0.2125,-0.20625,-0.191667,-0.18125,-0.177083,-0.166667,-0.15625,-0.15,-0.139583,-0.129167,-0.125,-0.11875,-0.1125,-0.110417,-0.10625,-0.102083,-0.1,-0.09375,-0.089583,-0.089583,-0.0875,-0.0875,-0.085417,-0.085417,-0.08125,-0.077083,-0.070833,-0.060417,-0.05625,-0.047917,-0.039583,-0.035417,-0.029167,-0.025,-0.022917,-0.01875]","[0.016889,0.016889,0.016889,0.016889,0.016889,0.016889,0.016889,0.016889,0.016889,0.016889,0.013778,0.013778,0.013778,0.013778,0.010667,0.010667,0.010667,0.010667,0.007556,0.004444,-0.008,-0.014222,-0.036,-0.067111,-0.107556,-0.132444,-0.191556,-0.219556,-0.275556,-0.331556,-0.384444,-0.412444,-0.459111,-0.480889,-0.515111,-0.543111,-0.568,-0.577333,-0.599111,-0.608444,-0.627111,-0.642667,-0.652,-0.670667,-0.695556,-0.711111,-0.736,-0.748444,-0.773333,-0.801333,-0.832444,-0.851111,-0.888444,-0.904,-0.935111,-0.956889,-0.981778,-0.991111,-1.000444,-1.000444,-1.000444,-1.000444,-1.000444,-1.000444,-1.003556,-0.997333,-0.988,-0.953778,-0.910222,-0.885333,-0.829333,-0.767111,-0.736,-0.676889,-0.624,-0.599111,-0.555556,-0.536889,-0.505778,-0.477778,-0.452889,-0.437333,-0.409333,-0.381333,-0.372,-0.350222,-0.334667,-0.322222,-0.297333,-0.272444,-0.26,-0.238222,-0.222667,-0.216444,-0.204,-0.194667,-0.188444,-0.176,-0.169778,-0.166667,-0.163556,-0.163556,-0.163556,-0.160444,-0.151111,-0.144889,-0.129333,-0.113778,-0.101333,-0.085778,-0.070222,-0.064,-0.054667,-0.045333,-0.039111,-0.026667]","[0.0006,0.0169,0.0327,0.0497,0.0666,0.0838,0.0996,0.1169,0.1329,0.1499,0.1666,0.1834,0.2003,0.217,0.2337,0.2503,0.2665,0.2837,0.3006,0.3165,0.3334,0.3502,0.3672,0.3831,0.4001,0.4173,0.4332,0.4503,0.4667,0.4834,0.5007,0.5169,0.5337,0.5506,0.5667,0.5836,0.6006,0.6169,0.6337,0.6506,0.6669,0.6841,0.7005,0.7172,0.7339,0.7508,0.767,0.7839,0.8007,0.8173,0.8345,0.8505,0.8677,0.8836,0.9007,0.9176,0.9344,0.9509,0.9671,0.9842,1.0005,1.0173,1.034,1.0507,1.0674,1.0846,1.1003,1.1177,1.1346,1.1505,1.1678,1.1844,1.2012,1.2179,1.2345,1.2514,1.2672,1.284,1.3011,1.318,1.3347,1.3507,1.3678,1.3841,1.401,1.418,1.4348,1.4506,1.4676,1.4842,1.5008,1.5174,1.5341,1.5508,1.5677,1.5845,1.6011,1.6181,1.6343,1.6509,1.6681,1.6844,1.7008,1.7182,1.7347,1.7514,1.7678,1.7844,1.801,1.8176,1.8342,1.8517,1.8682,1.8848,1.9017,1.9179]","[1,1,1,1,1,1,1,1,1,1,1,1,1,1,1,1,1,1,1,1,1,1,1,1,1,1,1,1,1,1,1,1,1,1,1,1,1,1,1,1,1,1,1,1,1,1,1,1,1,1,1,1,2,2,2,2,2,2,2,2,2,2,2,2,2,2,2,2,2,2,2,2,2,2,2,2,2,2,2,2,2,2,2,2,2,2,2,2,2,2,2,2,2,2,2,2,2,2,2,2,2,2,2,2,2,2,2,2,2,2,2,2,2,2,2,2]",9,94.6908,4,25,0,25,0,1,229579,4,SV_73ADPjbMtd0KUBg,304,2022-03-02_15h06.07.165,implicit_time,2021.1.4,Linux x86_64,59.95563283
cursorjump,45,0,0.5,10,NA,0,NA,0,1,0.5,FALSE,practice,1,"[-0.004167,-0.004167,-0.004167,-0.002083,-0.002083,-0.002083,-0.002083,-0.002083,-0.002083,-0.002083,-0.002083,-0.002083,-0.002083,-0.002083,-0.002083,-0.002083,-0.002083,-0.002083,-0.002083,-0.002083,0.002083,0.008333,0.010417,0.016667,0.020833,0.035417,0.058333,0.083333,0.097917,0.13125,0.15,0.191667,0.2375,0.285417,0.308333,0.354167,0.375,0.4125,0.44375,0.458333,0.48125,0.5,0.516667,0.520833,0.529167,0.53125,0.539583,0.545833,0.552083,0.5625,0.577083,0.583333,0.6,0.616667,0.625,0.639583,0.647917,0.65,0.652083,0.652083,0.652083,0.65625,0.658333,0.660417,0.664583,0.672917,0.679167,0.689583,0.7,0.702083,0.704167,0.704167,0.70625,0.70625,0.704167,0.704167,0.704167,0.702083,0.702083,0.702083,0.7,0.697917,0.683333,0.658333,0.629167,0.6125,0.577083,0.55625,0.508333,0.460417,0.4375,0.395833,0.35625,0.3375,0.295833,0.25625,0.225,0.2125,0.191667,0.18125,0.160417,0.141667,0.122917,0.116667,0.104167,0.097917,0.0875,0.083333,0.070833,0.058333,0.041667,0.033333]","[0.007556,0.007556,0.007556,0.007556,0.007556,0.007556,0.007556,0.007556,0.007556,0.007556,0.007556,0.007556,0.007556,0.007556,0.007556,0.007556,0.007556,0.007556,0.007556,0.007556,0.007556,0.010667,0.013778,0.023111,0.032444,0.051111,0.072889,0.100889,0.116444,0.147556,0.163111,0.203556,0.247111,0.287556,0.306222,0.343556,0.362222,0.393333,0.421333,0.433778,0.455556,0.477333,0.492889,0.499111,0.508444,0.511556,0.524,0.542667,0.552,0.58,0.601778,0.611111,0.629778,0.648444,0.657778,0.670222,0.673333,0.676444,0.676444,0.676444,0.676444,0.676444,0.676444,0.676444,0.679556,0.685778,0.692,0.698222,0.704444,0.704444,0.707556,0.707556,0.707556,0.707556,0.707556,0.704444,0.704444,0.701333,0.701333,0.701333,0.701333,0.698222,0.688889,0.667111,0.636,0.617333,0.570667,0.542667,0.474222,0.408889,0.377778,0.324889,0.275111,0.250222,0.203556,0.163111,0.135111,0.125778,0.110222,0.104,0.091556,0.082222,0.072889,0.072889,0.069778,0.069778,0.066667,0.063556,0.054222,0.041778,0.026222,0.02]","[0.0007,0.0156,0.0323,0.0493,0.0658,0.083,0.0995,0.116,0.1328,0.1491,0.1662,0.183,0.2009,0.2165,0.2332,0.2497,0.2662,0.2829,0.3,0.3158,0.3327,0.3493,0.3662,0.3829,0.3997,0.4166,0.4333,0.4501,0.4662,0.4832,0.4992,0.5159,0.5325,0.5491,0.566,0.5829,0.5999,0.617,0.6326,0.6492,0.667,0.6825,0.7001,0.7161,0.7329,0.7496,0.7661,0.7829,0.7995,0.8161,0.8331,0.8497,0.8661,0.8829,0.8994,0.9163,0.9329,0.9494,0.9666,0.9834,0.9997,1.0164,1.0327,1.0499,1.0666,1.0834,1.1001,1.117,1.1332,1.1498,1.1664,1.183,1.1997,1.2164,1.2334,1.2501,1.2666,1.2831,1.2997,1.3167,1.3332,1.3498,1.3666,1.3831,1.4005,1.4175,1.4331,1.4503,1.4668,1.4835,1.4999,1.5166,1.5333,1.5508,1.5671,1.5838,1.6002,1.6167,1.6334,1.6501,1.6669,1.6835,1.7001,1.7174,1.734,1.7504,1.7669,1.7836,1.8002,1.8177,1.834,1.8504]","[1,1,1,1,1,1,1,1,1,1,1,1,1,1,1,1,1,1,1,1,1,1,1,1,1,1,1,1,1,1,1,1,1,1,1,1,1,1,1,1,1,1,1,1,1,1,1,1,1,1,1,1,1,1,1,1,1,1,1,1,1,1,1,1,1,2,2,2,2,2,2,2,2,2,2,2,2,2,2,2,2,2,2,2,2,2,2,2,2,2,2,2,2,2,2,2,2,2,2,2,2,2,2,2,2,2,2,2,2,2,2,2]",10,97.059,4,26,0,26,0,1,229579,4,SV_73ADPjbMtd0KUBg,304,2022-03-02_15h06.07.165,implicit_time,2021.1.4,Linux x86_64,59.95563283
cursorjump,35,0,0,10,NA,0,NA,0,0,0.5,FALSE,practice,0,"[0.014583,0.014583,0.014583,0.014583,0.014583,0.014583,0.014583,0.0125,0.010417,0.010417,0.008333,0.00625,0.00625,0.004167,0.004167,0.004167,0.004167,0.004167,0.004167,0.008333,0.010417,0.01875,0.033333,0.05625,0.070833,0.102083,0.120833,0.160417,0.20625,0.258333,0.285417,0.3375,0.3625,0.408333,0.447917,0.483333,0.5,0.525,0.535417,0.552083,0.566667,0.577083,0.583333,0.589583,0.59375,0.604167,0.620833,0.64375,0.65625,0.683333,0.697917,0.727083,0.760417,0.791667,0.80625,0.835417,0.845833,0.852083,0.852083,0.85,0.85,0.852083,0.852083,0.852083,0.852083,0.85,0.847917,0.84375,0.841667,0.829167,0.804167,0.76875,0.747917,0.708333,0.6875,0.641667,0.5875,0.53125,0.50625,0.458333,0.4375,0.395833,0.35625,0.335417,0.302083,0.277083,0.266667,0.25,0.235417,0.23125,0.220833,0.214583,0.2125,0.20625,0.2,0.195833,0.185417,0.177083,0.172917,0.164583,0.15625,0.15,0.139583,0.13125,0.127083,0.116667,0.10625,0.1,0.089583,0.079167,0.075,0.06875,0.0625,0.060417,0.054167,0.05,0.047917,0.045833,0.041667,0.039583]","[0.02,0.016889,0.016889,0.016889,0.016889,0.013778,0.013778,0.010667,0.010667,0.010667,0.007556,0.004444,0.004444,0.004444,0.001333,0.001333,0.001333,0.001333,0.004444,0.004444,0.004444,0.010667,0.023111,0.044889,0.057333,0.091556,0.110222,0.150667,0.194222,0.237778,0.256444,0.290667,0.303111,0.331111,0.352889,0.371556,0.377778,0.390222,0.393333,0.402667,0.405778,0.412,0.415111,0.421333,0.424444,0.433778,0.452444,0.471111,0.480444,0.505333,0.517778,0.542667,0.564444,0.586222,0.598667,0.617333,0.623556,0.626667,0.626667,0.626667,0.626667,0.626667,0.626667,0.626667,0.626667,0.629778,0.629778,0.629778,0.629778,0.623556,0.608,0.583111,0.567556,0.536444,0.517778,0.483556,0.44,0.396444,0.377778,0.340444,0.321778,0.287556,0.256444,0.240889,0.216,0.197333,0.191111,0.178667,0.169333,0.166222,0.163111,0.16,0.156889,0.153778,0.147556,0.141333,0.132,0.122667,0.116444,0.107111,0.097778,0.094667,0.085333,0.076,0.072889,0.063556,0.054222,0.048,0.038667,0.029333,0.026222,0.02,0.013778,0.010667,0.004444,0.001333,0.001333,0.001333,0.001333,-0.001778]","[0.0005,0.017,0.0334,0.05,0.0666,0.0831,0.0996,0.1176,0.1334,0.15,0.1669,0.1838,0.2006,0.2173,0.2339,0.2498,0.2663,0.2831,0.2997,0.3165,0.3341,0.3498,0.3666,0.3832,0.4001,0.4169,0.4336,0.4503,0.4671,0.4838,0.5006,0.517,0.5338,0.5504,0.5673,0.5842,0.6001,0.617,0.6338,0.6506,0.6673,0.6841,0.701,0.7168,0.7334,0.7502,0.7671,0.7841,0.8007,0.8175,0.834,0.8508,0.8675,0.8843,0.9013,0.9169,0.9337,0.9505,0.9674,0.9842,1.0008,1.0177,1.0342,1.051,1.0675,1.0841,1.1006,1.1173,1.134,1.1508,1.1675,1.1845,1.2011,1.2179,1.2346,1.2514,1.2681,1.2848,1.3004,1.3173,1.3341,1.351,1.3677,1.384,1.4006,1.4173,1.4341,1.4507,1.4681,1.4846,1.5011,1.5177,1.5344,1.551,1.5675,1.5841,1.6014,1.6179,1.6345,1.6511,1.6676,1.6841,1.7017,1.7182,1.7346,1.7512,1.7679,1.7847,1.8014,1.818,1.8347,1.8513,1.8679,1.8845,1.9011,1.9176,1.9344,1.951,1.9685,1.985]","[1,1,1,1,1,1,1,1,1,1,1,1,1,1,1,1,1,1,1,1,1,1,1,1,1,1,1,1,1,1,1,1,1,1,1,1,1,1,1,1,1,1,1,1,1,1,1,1,1,1,1,1,1,2,2,2,2,2,2,2,2,2,2,2,2,2,2,2,2,2,2,2,2,2,2,2,2,2,2,2,2,2,2,2,2,2,2,2,2,2,2,2,2,2,2,2,2,2,2,2,2,2,2,2,2,2,2,2,2,2,2,2,2,2,2,2,2,2,2,2]",10,99.8947,4,27,0,27,0,1,229579,4,SV_73ADPjbMtd0KUBg,304,2022-03-02_15h06.07.165,implicit_time,2021.1.4,Linux x86_64,59.95563283
cursorjump,135,0,0.5,10,NA,0,NA,0,1,0.5,FALSE,practice,1,"[0.010417,0.010417,0.008333,0.008333,0.00625,0.00625,0.00625,0.004167,0.004167,0.004167,0.004167,0.004167,0.004167,0.002083,0.002083,0.002083,0.002083,0.002083,0,0,0,-0.002083,-0.008333,-0.014583,-0.027083,-0.035417,-0.054167,-0.079167,-0.10625,-0.11875,-0.145833,-0.158333,-0.183333,-0.20625,-0.233333,-0.245833,-0.270833,-0.283333,-0.304167,-0.320833,-0.34375,-0.35625,-0.383333,-0.397917,-0.420833,-0.441667,-0.460417,-0.472917,-0.49375,-0.504167,-0.522917,-0.541667,-0.558333,-0.564583,-0.575,-0.583333,-0.585417,-0.591667,-0.59375,-0.595833,-0.597917,-0.6,-0.602083,-0.60625,-0.6125,-0.614583,-0.622917,-0.629167,-0.633333,-0.645833,-0.652083,-0.664583,-0.672917,-0.679167,-0.679167,-0.685417,-0.6875,-0.691667,-0.695833,-0.697917,-0.7,-0.704167,-0.708333,-0.714583,-0.71875,-0.71875,-0.71875,-0.716667,-0.716667,-0.7125,-0.704167,-0.691667,-0.68125,-0.654167,-0.639583,-0.602083,-0.558333,-0.50625,-0.479167,-0.425,-0.4,-0.354167,-0.314583,-0.277083,-0.258333,-0.222917,-0.20625,-0.175,-0.154167,-0.1375,-0.13125,-0.116667,-0.108333,-0.095833,-0.083333,-0.072917,-0.066667,-0.054167,-0.045833,-0.027083,-0.010417,0.008333,0.01875,0.035417]","[-0.008,-0.008,-0.008,-0.008,-0.008,-0.011111,-0.011111,-0.011111,-0.014222,-0.014222,-0.014222,-0.014222,-0.014222,-0.014222,-0.014222,-0.014222,-0.014222,-0.014222,-0.014222,-0.014222,-0.014222,-0.014222,-0.011111,-0.008,0.004444,0.010667,0.026222,0.041778,0.057333,0.066667,0.085333,0.094667,0.113333,0.132,0.150667,0.156889,0.169333,0.178667,0.194222,0.209778,0.225333,0.234667,0.250222,0.262667,0.284444,0.312444,0.340444,0.356,0.377778,0.390222,0.415111,0.44,0.461778,0.471111,0.486667,0.505333,0.514667,0.536444,0.558222,0.570667,0.589333,0.604889,0.614222,0.629778,0.648444,0.654667,0.667111,0.673333,0.673333,0.676444,0.676444,0.682667,0.688889,0.692,0.692,0.692,0.692,0.695111,0.695111,0.698222,0.698222,0.701333,0.701333,0.704444,0.707556,0.707556,0.707556,0.704444,0.704444,0.698222,0.692,0.679556,0.673333,0.654667,0.645333,0.614222,0.583111,0.542667,0.524,0.483556,0.468,0.430667,0.399556,0.368444,0.356,0.324889,0.309333,0.284444,0.262667,0.250222,0.240889,0.228444,0.219111,0.200444,0.178667,0.163111,0.156889,0.141333,0.132,0.110222,0.088444,0.063556,0.048,0.02]","[0.0007,0.0162,0.0331,0.0499,0.0667,0.0831,0.1,0.1168,0.1335,0.1499,0.1665,0.1831,0.1998,0.2165,0.2332,0.2499,0.2666,0.2833,0.3,0.3166,0.3332,0.3497,0.3668,0.3833,0.4,0.417,0.4337,0.45,0.4667,0.4833,0.4998,0.5167,0.5333,0.55,0.5666,0.5834,0.6001,0.6168,0.6335,0.6502,0.667,0.6834,0.7001,0.7168,0.7335,0.7503,0.767,0.7837,0.8002,0.8169,0.8336,0.8501,0.8669,0.8836,0.9003,0.9171,0.9337,0.9504,0.9672,0.9839,1.0007,1.0173,1.0339,1.0507,1.0673,1.084,1.1009,1.1173,1.1338,1.1507,1.1674,1.1841,1.2009,1.2175,1.2344,1.2511,1.2675,1.2843,1.301,1.3175,1.3341,1.3507,1.3673,1.384,1.4007,1.4176,1.4342,1.4508,1.4672,1.4838,1.5014,1.518,1.5346,1.5511,1.5677,1.5844,1.6011,1.6176,1.6342,1.6508,1.6676,1.6845,1.7014,1.7179,1.7346,1.7512,1.7677,1.7844,1.8012,1.818,1.8347,1.8513,1.868,1.8848,1.9015,1.9181,1.9348,1.9515,1.9682,1.9851,2.0019,2.0174,2.0353,2.0519]","[1,1,1,1,1,1,1,1,1,1,1,1,1,1,1,1,1,1,1,1,1,1,1,1,1,1,1,1,1,1,1,1,1,1,1,1,1,1,1,1,1,1,1,1,1,1,1,1,1,1,1,1,1,1,1,1,1,1,1,1,1,1,1,1,1,1,1,1,1,1,1,1,2,2,2,2,2,2,2,2,2,2,2,2,2,2,2,2,2,2,2,2,2,2,2,2,2,2,2,2,2,2,2,2,2,2,2,2,2,2,2,2,2,2,2,2,2,2,2,2,2,2,2,2]",11,102.4638,4,28,0,28,0,1,229579,4,SV_73ADPjbMtd0KUBg,304,2022-03-02_15h06.07.165,implicit_time,2021.1.4,Linux x86_64,59.95563283
cursorjump,145,0,0,10,NA,0,NA,0,0,0.5,FALSE,practice,0,"[-0.010417,-0.010417,-0.010417,-0.010417,-0.010417,-0.010417,-0.010417,-0.010417,-0.010417,-0.010417,-0.010417,-0.010417,-0.010417,-0.010417,-0.008333,-0.008333,-0.00625,-0.00625,-0.00625,-0.00625,-0.00625,-0.00625,-0.008333,-0.020833,-0.05,-0.06875,-0.110417,-0.154167,-0.177083,-0.222917,-0.26875,-0.316667,-0.3375,-0.372917,-0.3875,-0.4125,-0.425,-0.445833,-0.46875,-0.491667,-0.50625,-0.533333,-0.545833,-0.572917,-0.602083,-0.63125,-0.645833,-0.672917,-0.685417,-0.716667,-0.747917,-0.777083,-0.79375,-0.820833,-0.835417,-0.8625,-0.8875,-0.910417,-0.91875,-0.935417,-0.94375,-0.952083,-0.95625,-0.958333,-0.958333,-0.954167,-0.95,-0.939583,-0.925,-0.904167,-0.89375,-0.866667,-0.852083,-0.81875,-0.78125,-0.7375,-0.716667,-0.66875,-0.627083,-0.60625,-0.564583,-0.527083,-0.508333,-0.475,-0.458333,-0.425,-0.395833,-0.36875,-0.358333,-0.339583,-0.33125,-0.314583,-0.3,-0.283333,-0.275,-0.258333,-0.245833,-0.241667,-0.235417,-0.222917,-0.216667,-0.197917,-0.18125,-0.177083,-0.16875,-0.166667,-0.15625,-0.141667,-0.133333,-0.116667,-0.102083,-0.095833,-0.083333,-0.06875,-0.058333,-0.05625,-0.05625,-0.05625,-0.058333,-0.05625,-0.047917,-0.041667,-0.033333]","[0.007556,0.007556,0.007556,0.007556,0.007556,0.007556,0.007556,0.007556,0.007556,0.007556,0.007556,0.007556,0.007556,0.007556,0.007556,0.007556,0.007556,0.007556,0.007556,0.007556,0.007556,0.007556,0.007556,0.007556,0.010667,0.013778,0.029333,0.051111,0.066667,0.094667,0.122667,0.144444,0.153778,0.163111,0.169333,0.178667,0.181778,0.194222,0.209778,0.228444,0.237778,0.256444,0.262667,0.278222,0.296889,0.315556,0.324889,0.343556,0.349778,0.365333,0.377778,0.393333,0.399556,0.418222,0.427556,0.446222,0.464889,0.480444,0.489778,0.508444,0.517778,0.533333,0.545778,0.552,0.552,0.552,0.555111,0.552,0.552,0.548889,0.545778,0.536444,0.530222,0.511556,0.489778,0.464889,0.452444,0.424444,0.399556,0.387111,0.368444,0.346667,0.337333,0.315556,0.303111,0.284444,0.265778,0.250222,0.244,0.228444,0.222222,0.209778,0.197333,0.188,0.181778,0.169333,0.16,0.156889,0.150667,0.147556,0.144444,0.141333,0.141333,0.141333,0.141333,0.141333,0.141333,0.138222,0.138222,0.128889,0.119556,0.113333,0.097778,0.079111,0.060444,0.054222,0.041778,0.038667,0.026222,0.016889,0.001333,-0.004889,-0.014222]","[0.0006,0.0159,0.0324,0.0493,0.0658,0.0826,0.099,0.1158,0.1327,0.1495,0.166,0.1826,0.1994,0.2159,0.2328,0.2498,0.2658,0.2826,0.2994,0.3161,0.3328,0.3499,0.366,0.3829,0.3996,0.416,0.4334,0.4498,0.4662,0.4836,0.5,0.517,0.5338,0.5506,0.5672,0.5829,0.6006,0.6163,0.6332,0.6495,0.6669,0.6832,0.6998,0.7163,0.7333,0.7505,0.7664,0.7835,0.7998,0.8164,0.8335,0.8498,0.8669,0.8832,0.9002,0.9165,0.9335,0.9498,0.967,0.9834,0.9998,1.0168,1.0344,1.05,1.0671,1.0832,1.1004,1.1167,1.1337,1.1501,1.1671,1.1836,1.1999,1.2169,1.2341,1.2506,1.2668,1.2836,1.301,1.3168,1.3338,1.3508,1.3668,1.384,1.4002,1.4171,1.4337,1.4507,1.4671,1.484,1.5002,1.5171,1.5341,1.5511,1.5672,1.584,1.601,1.617,1.634,1.6509,1.6672,1.6844,1.7004,1.7173,1.7343,1.7512,1.7674,1.7836,1.8005,1.8175,1.8345,1.8506,1.8676,1.8844,1.9013,1.9171,1.934,1.9508,1.9677,1.9839,2.0007,2.0177,2.0341]","[1,1,1,1,1,1,1,1,1,1,1,1,1,1,1,1,1,1,1,1,1,1,1,1,1,1,1,1,1,1,1,1,1,1,1,1,1,1,1,1,1,1,1,1,1,1,1,1,1,1,1,1,1,1,1,2,2,2,2,2,2,2,2,2,2,2,2,2,2,2,2,2,2,2,2,2,2,2,2,2,2,2,2,2,2,2,2,2,2,2,2,2,2,2,2,2,2,2,2,2,2,2,2,2,2,2,2,2,2,2,2,2,2,2,2,2,2,2,2,2,2,2,2]",11,105.3979,4,29,0,29,0,1,229579,4,SV_73ADPjbMtd0KUBg,304,2022-03-02_15h06.07.165,implicit_time,2021.1.4,Linux x86_64,59.95563283
cursorjump,315,0,0.5,10,NA,0,NA,0,1,0.5,FALSE,practice,1,"[-0.004167,-0.004167,-0.004167,-0.004167,-0.004167,-0.004167,-0.004167,-0.004167,-0.004167,-0.004167,-0.004167,-0.004167,-0.004167,-0.004167,-0.004167,-0.004167,-0.004167,-0.004167,-0.004167,0,0.008333,0.016667,0.0375,0.06875,0.085417,0.120833,0.154167,0.172917,0.204167,0.239583,0.25625,0.291667,0.320833,0.333333,0.35625,0.377083,0.3875,0.408333,0.433333,0.445833,0.470833,0.491667,0.5,0.514583,0.525,0.529167,0.541667,0.558333,0.566667,0.583333,0.604167,0.614583,0.6375,0.652083,0.65625,0.664583,0.672917,0.677083,0.689583,0.7,0.704167,0.710417,0.716667,0.720833,0.729167,0.733333,0.735417,0.741667,0.747917,0.754167,0.760417,0.7625,0.7625,0.758333,0.75,0.745833,0.735417,0.727083,0.722917,0.716667,0.708333,0.702083,0.675,0.635417,0.6125,0.55625,0.497917,0.470833,0.422917,0.4,0.339583,0.31875,0.275,0.254167,0.21875,0.204167,0.179167,0.154167,0.13125,0.120833,0.10625,0.102083,0.1,0.095833,0.0875,0.083333,0.075,0.06875,0.058333,0.041667,0.027083,0.022917]","[-0.001778,-0.001778,-0.001778,-0.001778,-0.001778,-0.001778,-0.001778,-0.001778,-0.001778,-0.001778,-0.001778,-0.001778,-0.001778,-0.001778,-0.001778,-0.001778,-0.001778,-0.001778,-0.001778,-0.004889,-0.008,-0.011111,-0.023556,-0.039111,-0.048444,-0.073333,-0.098222,-0.110667,-0.135556,-0.160444,-0.172889,-0.200889,-0.235111,-0.253778,-0.291111,-0.322222,-0.337778,-0.365778,-0.390667,-0.403111,-0.431111,-0.456,-0.468444,-0.490222,-0.512,-0.524444,-0.546222,-0.564889,-0.574222,-0.589778,-0.602222,-0.608444,-0.624,-0.633333,-0.633333,-0.633333,-0.630222,-0.627111,-0.630222,-0.633333,-0.636444,-0.642667,-0.652,-0.655111,-0.664444,-0.670667,-0.673778,-0.686222,-0.704889,-0.711111,-0.723556,-0.726667,-0.726667,-0.720444,-0.714222,-0.711111,-0.701778,-0.689333,-0.683111,-0.673778,-0.658222,-0.652,-0.624,-0.586667,-0.568,-0.521333,-0.468444,-0.443556,-0.387556,-0.362667,-0.294222,-0.272444,-0.225778,-0.204,-0.169778,-0.157333,-0.135556,-0.12,-0.101333,-0.092,-0.079556,-0.076444,-0.076444,-0.076444,-0.076444,-0.073333,-0.073333,-0.070222,-0.060889,-0.045333,-0.032889,-0.029778]","[0.0003,0.0161,0.033,0.0494,0.0664,0.0829,0.0999,0.1162,0.1331,0.1499,0.1667,0.1833,0.2002,0.2161,0.2328,0.2497,0.2664,0.2835,0.2995,0.3165,0.3333,0.3499,0.3668,0.3831,0.3998,0.4166,0.4335,0.4503,0.4663,0.4832,0.5,0.5169,0.533,0.55,0.567,0.5832,0.6002,0.6173,0.6334,0.6503,0.6665,0.6834,0.7004,0.7164,0.7334,0.7505,0.7667,0.7834,0.8003,0.8173,0.8333,0.8504,0.8672,0.8835,0.9003,0.9172,0.934,0.9505,0.9668,0.9839,1.0001,1.0171,1.0339,1.0507,1.0668,1.0835,1.1002,1.1172,1.1342,1.1501,1.1671,1.1839,1.2008,1.2167,1.2338,1.2506,1.2675,1.2836,1.3005,1.3172,1.3341,1.3508,1.3677,1.3836,1.4007,1.4172,1.4341,1.4509,1.4672,1.4839,1.5009,1.5178,1.5339,1.5507,1.5677,1.5839,1.6008,1.6175,1.6343,1.6513,1.6676,1.6847,1.7009,1.7178,1.7341,1.7511,1.7681,1.7842,1.8006,1.8177,1.8347,1.8509]","[1,1,1,1,1,1,1,1,1,1,1,1,1,1,1,1,1,1,1,1,1,1,1,1,1,1,1,1,1,1,1,1,1,1,1,1,1,1,1,1,1,1,1,1,1,1,1,1,1,1,1,1,1,1,1,1,1,1,1,1,1,1,2,2,2,2,2,2,2,2,2,2,2,2,2,2,2,2,2,2,2,2,2,2,2,2,2,2,2,2,2,2,2,2,2,2,2,2,2,2,2,2,2,2,2,2,2,2,2,2,2,2]",12,107.7664,4,30,0,30,0,1,229579,4,SV_73ADPjbMtd0KUBg,304,2022-03-02_15h06.07.165,implicit_time,2021.1.4,Linux x86_64,59.95563283
cursorjump,305,0,0,10,NA,0,NA,0,0,0.5,FALSE,practice,0,"[0,0,0.002083,0.002083,0.002083,0.002083,0.002083,0.002083,0.002083,0,0,0,0,0,0,0,0,0,0,0.002083,0.014583,0.0375,0.052083,0.083333,0.116667,0.152083,0.16875,0.202083,0.220833,0.258333,0.295833,0.310417,0.3375,0.358333,0.366667,0.377083,0.3875,0.397917,0.404167,0.416667,0.420833,0.433333,0.447917,0.4625,0.46875,0.483333,0.491667,0.508333,0.529167,0.552083,0.5625,0.58125,0.591667,0.60625,0.620833,0.633333,0.639583,0.647917,0.65,0.652083,0.654167,0.6625,0.666667,0.675,0.675,0.664583,0.633333,0.583333,0.55625,0.504167,0.477083,0.41875,0.352083,0.297917,0.277083,0.24375,0.229167,0.197917,0.164583,0.1375,0.125,0.104167,0.09375,0.06875,0.05,0.041667,0.029167,0.01875,0.014583,0.00625,0,-0.002083,-0.008333,-0.0125]","[-0.011111,-0.011111,-0.011111,-0.011111,-0.011111,-0.011111,-0.011111,-0.011111,-0.008,-0.008,-0.004889,-0.004889,-0.004889,-0.004889,-0.004889,-0.004889,-0.004889,-0.004889,-0.004889,-0.004889,-0.008,-0.020444,-0.032889,-0.064,-0.104444,-0.151111,-0.176,-0.232,-0.263111,-0.334667,-0.4,-0.431111,-0.477778,-0.515111,-0.533778,-0.564889,-0.592889,-0.620889,-0.633333,-0.655111,-0.664444,-0.683111,-0.701778,-0.714222,-0.720444,-0.726667,-0.729778,-0.742222,-0.754667,-0.773333,-0.785778,-0.804444,-0.813778,-0.829333,-0.841778,-0.854222,-0.860444,-0.869778,-0.869778,-0.872889,-0.872889,-0.879111,-0.885333,-0.891556,-0.891556,-0.882222,-0.860444,-0.823111,-0.804444,-0.764,-0.742222,-0.686222,-0.617778,-0.543111,-0.512,-0.456,-0.428,-0.378222,-0.328444,-0.291111,-0.272444,-0.235111,-0.213333,-0.160444,-0.123111,-0.107556,-0.092,-0.082667,-0.076444,-0.067111,-0.054667,-0.051556,-0.042222,-0.032889]","[0.0004,0.0169,0.034,0.05,0.0672,0.0834,0.1007,0.1167,0.1335,0.1505,0.1666,0.1839,0.2002,0.2175,0.2335,0.2504,0.2674,0.2836,0.3008,0.3169,0.3339,0.3509,0.3669,0.3841,0.4002,0.4172,0.4336,0.4506,0.4671,0.4838,0.5006,0.5169,0.534,0.5505,0.569,0.5844,0.6006,0.6172,0.634,0.6509,0.6674,0.6841,0.7006,0.7175,0.7338,0.7506,0.7673,0.7845,0.8008,0.8172,0.8341,0.8506,0.8675,0.8841,0.9006,0.9174,0.9345,0.9508,0.9674,0.9841,1.0014,1.0175,1.0345,1.051,1.0677,1.084,1.1013,1.1174,1.1346,1.1506,1.1678,1.1842,1.2012,1.2176,1.2345,1.2511,1.2677,1.2844,1.301,1.3181,1.3349,1.3511,1.3681,1.3843,1.4012,1.4182,1.4344,1.4515,1.4677,1.4846,1.5015,1.5176,1.5346,1.5517]","[1,1,1,1,1,1,1,1,1,1,1,1,1,1,1,1,1,1,1,1,1,1,1,1,1,1,1,1,1,1,1,1,1,1,1,1,1,1,1,1,1,1,1,1,1,1,1,1,1,1,2,2,2,2,2,2,2,2,2,2,2,2,2,2,2,2,2,2,2,2,2,2,2,2,2,2,2,2,2,2,2,2,2,2,2,2,2,2,2,2,2,2,2,2]",12,109.835,4,31,0,31,0,1,229579,4,SV_73ADPjbMtd0KUBg,304,2022-03-02_15h06.07.165,implicit_time,2021.1.4,Linux x86_64,59.95563283
cursorjump,315,0,0.5,10,NA,0,NA,0,1,0.5,FALSE,baseline,1,"[0.010417,0.010417,0.008333,0.008333,0.008333,0.00625,0.00625,0.00625,0.00625,0.00625,0.004167,0.004167,0.002083,0.002083,0.002083,0.002083,0.004167,0.004167,0.00625,0.008333,0.0125,0.016667,0.033333,0.064583,0.085417,0.13125,0.18125,0.204167,0.247917,0.283333,0.295833,0.31875,0.3375,0.34375,0.354167,0.35625,0.358333,0.360417,0.36875,0.38125,0.389583,0.414583,0.433333,0.479167,0.520833,0.535417,0.554167,0.570833,0.579167,0.6,0.622917,0.635417,0.6625,0.683333,0.691667,0.704167,0.7125,0.71875,0.722917,0.725,0.725,0.71875,0.710417,0.708333,0.708333,0.710417,0.7125,0.7125,0.708333,0.695833,0.685417,0.660417,0.647917,0.61875,0.577083,0.520833,0.489583,0.43125,0.408333,0.360417,0.3125,0.266667,0.247917,0.220833,0.210417,0.19375,0.177083,0.170833,0.158333,0.152083,0.15,0.145833,0.14375,0.1375,0.129167,0.120833,0.114583,0.102083,0.09375,0.079167,0.064583,0.054167,0.05,0.045833,0.041667,0.039583]","[-0.014222,-0.014222,-0.017333,-0.017333,-0.014222,-0.014222,-0.014222,-0.014222,-0.014222,-0.014222,-0.014222,-0.011111,-0.011111,-0.011111,-0.011111,-0.011111,-0.011111,-0.011111,-0.011111,-0.014222,-0.017333,-0.023556,-0.039111,-0.064,-0.079556,-0.113778,-0.160444,-0.185333,-0.241333,-0.294222,-0.319111,-0.356444,-0.390667,-0.403111,-0.424889,-0.434222,-0.437333,-0.443556,-0.456,-0.471556,-0.484,-0.512,-0.533778,-0.580444,-0.617778,-0.630222,-0.645778,-0.664444,-0.673778,-0.695556,-0.720444,-0.729778,-0.748444,-0.760889,-0.760889,-0.760889,-0.757778,-0.754667,-0.754667,-0.754667,-0.751556,-0.739111,-0.726667,-0.714222,-0.711111,-0.704889,-0.704889,-0.701778,-0.698667,-0.686222,-0.68,-0.661333,-0.648889,-0.620889,-0.583556,-0.527556,-0.499556,-0.446667,-0.424889,-0.387556,-0.344,-0.294222,-0.275556,-0.250667,-0.241333,-0.222667,-0.200889,-0.188444,-0.172889,-0.163556,-0.160444,-0.148,-0.141778,-0.126222,-0.113778,-0.104444,-0.098222,-0.082667,-0.070222,-0.051556,-0.032889,-0.023556,-0.020444,-0.017333,-0.014222,-0.011111]","[0.0004,0.0159,0.0333,0.0495,0.0666,0.0827,0.0999,0.116,0.1331,0.1494,0.1666,0.1827,0.1998,0.216,0.2332,0.2494,0.2666,0.2829,0.3,0.3162,0.3333,0.3492,0.3662,0.3834,0.3995,0.4166,0.4328,0.4501,0.4662,0.4835,0.4999,0.5166,0.5335,0.5495,0.5669,0.583,0.6002,0.6163,0.6332,0.6501,0.667,0.683,0.7002,0.7164,0.7335,0.7497,0.7666,0.7838,0.7999,0.8169,0.8339,0.85,0.8672,0.8833,0.9003,0.9165,0.9334,0.9504,0.9667,0.9832,1.0006,1.0166,1.0335,1.0506,1.0668,1.0838,1.1,1.1173,1.1335,1.1508,1.1671,1.1834,1.2005,1.2167,1.2335,1.2505,1.2666,1.2836,1.3006,1.3167,1.3338,1.3509,1.367,1.384,1.4009,1.4172,1.4343,1.4505,1.4677,1.4838,1.5006,1.5176,1.5336,1.5506,1.5677,1.5838,1.6009,1.617,1.6341,1.6503,1.6677,1.684,1.7013,1.7174,1.7343,1.7504]","[1,1,1,1,1,1,1,1,1,1,1,1,1,1,1,1,1,1,1,1,1,1,1,1,1,1,1,1,1,1,1,1,1,1,1,1,1,1,1,1,1,1,1,1,1,1,1,1,1,1,1,2,2,2,2,2,2,2,2,2,2,2,2,2,2,2,2,2,2,2,2,2,2,2,2,2,2,2,2,2,2,2,2,2,2,2,2,2,2,2,2,2,2,2,2,2,2,2,2,2,2,2,2,2,2,2]",1,116.973,4,32,0,32,0,1,229579,4,SV_73ADPjbMtd0KUBg,304,2022-03-02_15h06.07.165,implicit_time,2021.1.4,Linux x86_64,59.95563283
cursorjump,305,0,0,10,NA,0,NA,0,0,0.5,FALSE,baseline,0,"[-0.002083,-0.002083,-0.002083,-0.002083,-0.002083,-0.002083,-0.002083,-0.002083,0,0,0,0,0,0,0,0,0,0.002083,0.010417,0.016667,0.033333,0.058333,0.09375,0.1125,0.15,0.170833,0.214583,0.258333,0.297917,0.314583,0.345833,0.360417,0.38125,0.391667,0.395833,0.397917,0.397917,0.397917,0.4,0.404167,0.410417,0.4125,0.425,0.433333,0.458333,0.5,0.547917,0.566667,0.591667,0.6,0.608333,0.616667,0.620833,0.622917,0.620833,0.622917,0.622917,0.622917,0.616667,0.610417,0.59375,0.585417,0.5625,0.520833,0.466667,0.4375,0.383333,0.358333,0.316667,0.279167,0.245833,0.229167,0.202083,0.189583,0.172917,0.160417,0.14375,0.133333,0.114583,0.10625,0.091667,0.08125,0.072917,0.06875,0.0625,0.058333,0.052083,0.047917,0.045833,0.041667,0.0375,0.035417,0.03125,0.03125,0.03125,0.029167,0.025,0.020833]","[-0.008,-0.008,-0.008,-0.008,-0.008,-0.008,-0.008,-0.008,-0.011111,-0.011111,-0.011111,-0.011111,-0.011111,-0.011111,-0.011111,-0.011111,-0.011111,-0.011111,-0.014222,-0.020444,-0.036,-0.064,-0.098222,-0.12,-0.176,-0.207111,-0.272444,-0.337778,-0.390667,-0.415556,-0.462222,-0.484,-0.521333,-0.552444,-0.580444,-0.596,-0.617778,-0.630222,-0.645778,-0.664444,-0.686222,-0.698667,-0.720444,-0.732889,-0.764,-0.801333,-0.844889,-0.860444,-0.888444,-0.894667,-0.907111,-0.922667,-0.928889,-0.928889,-0.928889,-0.928889,-0.928889,-0.925778,-0.913333,-0.904,-0.885333,-0.876,-0.848,-0.810667,-0.760889,-0.732889,-0.68,-0.655111,-0.611556,-0.568,-0.521333,-0.496444,-0.443556,-0.415556,-0.365778,-0.316,-0.272444,-0.256889,-0.225778,-0.210222,-0.185333,-0.169778,-0.154222,-0.148,-0.138667,-0.135556,-0.123111,-0.107556,-0.098222,-0.082667,-0.073333,-0.070222,-0.067111,-0.067111,-0.064,-0.054667,-0.042222,-0.036]","[0.0004,0.0159,0.0327,0.0496,0.0658,0.0829,0.0991,0.1163,0.1333,0.1494,0.1666,0.1827,0.1998,0.2157,0.2326,0.2497,0.2658,0.283,0.3001,0.3164,0.3326,0.3499,0.3661,0.3834,0.3995,0.4164,0.4327,0.4499,0.4663,0.4831,0.4996,0.5161,0.5333,0.5495,0.5683,0.5831,0.5997,0.6161,0.6331,0.6496,0.6662,0.6834,0.6996,0.7162,0.7332,0.7499,0.7665,0.7834,0.7996,0.8169,0.8331,0.8503,0.8668,0.883,0.9,0.9168,0.933,0.9502,0.9668,0.983,1,1.0166,1.0335,1.0499,1.0671,1.0834,1.1007,1.1167,1.1334,1.1499,1.1667,1.1838,1.1998,1.2168,1.2334,1.25,1.2672,1.2834,1.3003,1.3175,1.3337,1.3509,1.3671,1.3833,1.4003,1.4176,1.4338,1.4509,1.4671,1.4842,1.5001,1.5173,1.534,1.5501,1.5671,1.5839,1.6008,1.617]","[1,1,1,1,1,1,1,1,1,1,1,1,1,1,1,1,1,1,1,1,1,1,1,1,1,1,1,1,1,1,1,1,1,1,1,1,1,1,1,1,1,1,1,1,1,1,2,2,2,2,2,2,2,2,2,2,2,2,2,2,2,2,2,2,2,2,2,2,2,2,2,2,2,2,2,2,2,2,2,2,2,2,2,2,2,2,2,2,2,2,2,2,2,2,2,2,2,2]",1,119.1079,4,33,0,33,0,1,229579,4,SV_73ADPjbMtd0KUBg,304,2022-03-02_15h06.07.165,implicit_time,2021.1.4,Linux x86_64,59.95563283
cursorjump,45,0,0.5,10,NA,0,NA,0,1,0.5,FALSE,baseline,1,"[0.004167,0.002083,0.002083,0,-0.002083,-0.002083,-0.002083,-0.002083,-0.002083,-0.002083,-0.002083,-0.002083,-0.002083,-0.002083,-0.002083,-0.002083,-0.002083,-0.002083,-0.002083,0,0.002083,0.008333,0.022917,0.033333,0.05625,0.089583,0.108333,0.152083,0.2,0.225,0.272917,0.325,0.35,0.404167,0.427083,0.46875,0.502083,0.529167,0.54375,0.56875,0.58125,0.602083,0.61875,0.629167,0.633333,0.639583,0.64375,0.660417,0.679167,0.69375,0.697917,0.704167,0.70625,0.7125,0.720833,0.73125,0.733333,0.735417,0.733333,0.73125,0.722917,0.716667,0.714583,0.7125,0.710417,0.704167,0.695833,0.685417,0.677083,0.654167,0.622917,0.604167,0.5625,0.5125,0.485417,0.429167,0.375,0.347917,0.295833,0.247917,0.225,0.1875,0.154167,0.141667,0.11875,0.102083,0.09375,0.0875,0.083333,0.083333,0.085417,0.085417,0.0875,0.085417,0.083333,0.072917,0.058333,0.041667,0.033333,0.01875]","[0.010667,0.013778,0.013778,0.02,0.023111,0.026222,0.026222,0.026222,0.026222,0.026222,0.026222,0.026222,0.026222,0.026222,0.026222,0.026222,0.026222,0.023111,0.023111,0.02,0.02,0.023111,0.044889,0.063556,0.104,0.147556,0.169333,0.212889,0.256444,0.278222,0.318667,0.359111,0.380889,0.418222,0.433778,0.458667,0.483556,0.511556,0.527111,0.558222,0.573778,0.595556,0.608,0.614222,0.617333,0.623556,0.626667,0.636,0.645333,0.654667,0.654667,0.660889,0.664,0.676444,0.692,0.701333,0.704444,0.707556,0.704444,0.704444,0.698222,0.698222,0.695111,0.692,0.692,0.685778,0.679556,0.673333,0.670222,0.657778,0.632889,0.617333,0.58,0.527111,0.496,0.430667,0.365333,0.337333,0.281333,0.231556,0.209778,0.175556,0.153778,0.147556,0.135111,0.128889,0.125778,0.125778,0.125778,0.125778,0.128889,0.128889,0.125778,0.122667,0.119556,0.104,0.082222,0.063556,0.051111,0.032444]","[0.0002,0.0169,0.0339,0.0498,0.0667,0.0838,0.0998,0.1169,0.1337,0.1506,0.1666,0.1837,0.1998,0.2168,0.2337,0.2507,0.2668,0.2839,0.3001,0.3172,0.3341,0.3503,0.3674,0.3834,0.4004,0.4173,0.4333,0.4504,0.4675,0.4836,0.5007,0.5169,0.5341,0.5502,0.5674,0.5836,0.6008,0.6168,0.6338,0.6507,0.6677,0.6839,0.7008,0.7177,0.7337,0.7507,0.7669,0.784,0.801,0.817,0.834,0.8511,0.8673,0.8839,0.9009,0.9177,0.9346,0.9509,0.968,0.9839,1.0008,1.0176,1.0347,1.0509,1.0671,1.0845,1.1007,1.1176,1.134,1.151,1.1681,1.1843,1.2015,1.2175,1.2347,1.2508,1.268,1.2841,1.3011,1.3175,1.3347,1.3511,1.3682,1.3841,1.401,1.4182,1.4344,1.4515,1.4677,1.4848,1.5009,1.5182,1.5344,1.5513,1.5674,1.5844,1.6014,1.6176,1.6349,1.651]","[1,1,1,1,1,1,1,1,1,1,1,1,1,1,1,1,1,1,1,1,1,1,1,1,1,1,1,1,1,1,1,1,1,1,1,1,1,1,1,1,1,1,1,1,1,1,1,1,1,1,1,2,2,2,2,2,2,2,2,2,2,2,2,2,2,2,2,2,2,2,2,2,2,2,2,2,2,2,2,2,2,2,2,2,2,2,2,2,2,2,2,2,2,2,2,2,2,2,2,2]",2,121.2761,4,34,0,34,0,1,229579,4,SV_73ADPjbMtd0KUBg,304,2022-03-02_15h06.07.165,implicit_time,2021.1.4,Linux x86_64,59.95563283
cursorjump,35,0,0,10,NA,0,NA,0,0,0.5,FALSE,baseline,0,"[-0.002083,-0.002083,0,0,0,0,0.002083,0.002083,0.004167,0.004167,0.00625,0.008333,0.010417,0.0125,0.014583,0.014583,0.016667,0.01875,0.025,0.029167,0.0375,0.04375,0.0625,0.09375,0.13125,0.154167,0.197917,0.220833,0.270833,0.325,0.383333,0.410417,0.460417,0.48125,0.51875,0.55,0.577083,0.589583,0.610417,0.620833,0.639583,0.6625,0.675,0.695833,0.716667,0.729167,0.760417,0.8,0.820833,0.854167,0.864583,0.8625,0.8625,0.8625,0.8625,0.8625,0.8625,0.8625,0.8625,0.8625,0.8625,0.8625,0.8625,0.8625,0.852083,0.827083,0.808333,0.760417,0.710417,0.6875,0.641667,0.589583,0.5625,0.510417,0.4625,0.439583,0.4,0.358333,0.3375,0.297917,0.2625,0.245833,0.220833,0.2,0.189583,0.172917,0.1625,0.15625,0.15625,0.154167,0.154167,0.15625,0.158333,0.158333,0.15625,0.15,0.14375,0.127083,0.110417,0.09375,0.085417,0.072917,0.066667,0.054167,0.045833,0.0375]","[-0.017333,-0.014222,-0.014222,-0.014222,-0.014222,-0.014222,-0.014222,-0.014222,-0.011111,-0.008,-0.004889,-0.004889,0.001333,0.001333,0.004444,0.004444,0.007556,0.007556,0.010667,0.010667,0.013778,0.02,0.035556,0.063556,0.097778,0.116444,0.153778,0.175556,0.216,0.259556,0.303111,0.324889,0.356,0.368444,0.393333,0.412,0.433778,0.44,0.455556,0.461778,0.474222,0.489778,0.496,0.511556,0.530222,0.539556,0.561333,0.586222,0.598667,0.614222,0.620444,0.620444,0.617333,0.617333,0.617333,0.620444,0.620444,0.620444,0.620444,0.620444,0.620444,0.620444,0.620444,0.620444,0.620444,0.611111,0.601778,0.570667,0.536444,0.517778,0.480444,0.44,0.418222,0.380889,0.349778,0.334222,0.306222,0.281333,0.265778,0.237778,0.212889,0.203556,0.184889,0.172444,0.166222,0.156889,0.150667,0.147556,0.147556,0.147556,0.147556,0.147556,0.147556,0.144444,0.141333,0.132,0.122667,0.107111,0.088444,0.072889,0.063556,0.051111,0.044889,0.032444,0.02,0.007556]","[0.0002,0.016,0.0333,0.0495,0.0667,0.083,0.1002,0.1164,0.1325,0.1495,0.1666,0.1828,0.1999,0.2169,0.2331,0.2502,0.2661,0.2833,0.2994,0.3165,0.3337,0.3499,0.3662,0.383,0.3995,0.4165,0.4331,0.4497,0.4667,0.4829,0.4999,0.5165,0.5331,0.5498,0.5668,0.5831,0.6,0.6167,0.6333,0.6505,0.6665,0.6835,0.7,0.7167,0.7334,0.75,0.7666,0.7834,0.8004,0.817,0.8335,0.8501,0.8672,0.8835,0.9008,0.9171,0.9335,0.9505,0.9666,0.9839,1.0003,1.0175,1.0337,1.0502,1.0673,1.0835,1.1004,1.1168,1.1337,1.1505,1.1669,1.1838,1.2005,1.217,1.2338,1.2505,1.2673,1.2838,1.3005,1.3172,1.334,1.3505,1.3674,1.3842,1.4004,1.4177,1.4341,1.4512,1.4672,1.4844,1.5008,1.5172,1.5342,1.5511,1.5671,1.5839,1.6011,1.6174,1.6341,1.6512,1.6673,1.6843,1.7008,1.718,1.7343,1.7513]","[1,1,1,1,1,1,1,1,1,1,1,1,1,1,1,1,1,1,1,1,1,1,1,1,1,1,1,1,1,1,1,1,1,1,1,1,1,1,1,1,1,1,1,1,1,1,1,2,2,2,2,2,2,2,2,2,2,2,2,2,2,2,2,2,2,2,2,2,2,2,2,2,2,2,2,2,2,2,2,2,2,2,2,2,2,2,2,2,2,2,2,2,2,2,2,2,2,2,2,2,2,2,2,2,2,2]",2,123.5451,4,35,0,35,0,1,229579,4,SV_73ADPjbMtd0KUBg,304,2022-03-02_15h06.07.165,implicit_time,2021.1.4,Linux x86_64,59.95563283
cursorjump,225,0,0.5,10,NA,0,NA,0,1,0.5,FALSE,baseline,1,"[0.014583,0.014583,0.014583,0.014583,0.014583,0.014583,0.014583,0.014583,0.014583,0.014583,0.014583,0.0125,0.0125,0.0125,0.0125,0.0125,0.0125,0.010417,0.008333,0.004167,0.002083,-0.010417,-0.029167,-0.039583,-0.060417,-0.08125,-0.091667,-0.11875,-0.147917,-0.166667,-0.204167,-0.24375,-0.2625,-0.304167,-0.322917,-0.3625,-0.4,-0.433333,-0.45,-0.48125,-0.49375,-0.51875,-0.541667,-0.554167,-0.577083,-0.597917,-0.6125,-0.620833,-0.63125,-0.6375,-0.65,-0.664583,-0.675,-0.679167,-0.685417,-0.6875,-0.689583,-0.691667,-0.689583,-0.6875,-0.68125,-0.677083,-0.672917,-0.66875,-0.66875,-0.66875,-0.666667,-0.664583,-0.652083,-0.63125,-0.6,-0.583333,-0.541667,-0.520833,-0.477083,-0.43125,-0.385417,-0.3625,-0.320833,-0.304167,-0.277083,-0.258333,-0.2375,-0.227083,-0.210417,-0.204167,-0.191667,-0.18125,-0.166667,-0.158333,-0.141667,-0.133333,-0.11875,-0.104167,-0.0875,-0.077083,-0.05625,-0.045833,-0.027083]","[-0.011111,-0.011111,-0.011111,-0.008,-0.008,-0.008,-0.008,-0.008,-0.008,-0.008,-0.008,-0.008,-0.008,-0.008,-0.008,-0.008,-0.008,-0.011111,-0.014222,-0.020444,-0.026667,-0.042222,-0.067111,-0.082667,-0.116889,-0.163556,-0.185333,-0.232,-0.272444,-0.291111,-0.331556,-0.375111,-0.4,-0.440444,-0.462222,-0.502667,-0.54,-0.577333,-0.596,-0.627111,-0.642667,-0.667556,-0.692444,-0.701778,-0.714222,-0.723556,-0.729778,-0.732889,-0.739111,-0.742222,-0.751556,-0.754667,-0.757778,-0.757778,-0.754667,-0.751556,-0.748444,-0.742222,-0.732889,-0.726667,-0.714222,-0.708,-0.704889,-0.701778,-0.701778,-0.701778,-0.701778,-0.698667,-0.689333,-0.670667,-0.630222,-0.608444,-0.555556,-0.527556,-0.474667,-0.421778,-0.365778,-0.337778,-0.284889,-0.263111,-0.228889,-0.194667,-0.163556,-0.148,-0.126222,-0.12,-0.107556,-0.095111,-0.079556,-0.070222,-0.057778,-0.051556,-0.042222,-0.032889,-0.017333,-0.008,0.007556,0.010667,0.013778]","[0.0006,0.0168,0.0333,0.0499,0.0664,0.0835,0.0999,0.1168,0.1331,0.1498,0.1666,0.1834,0.1997,0.2168,0.2333,0.2499,0.2684,0.2838,0.3002,0.3168,0.3333,0.3499,0.3668,0.3838,0.4002,0.4168,0.4334,0.4499,0.467,0.4834,0.5001,0.5173,0.5335,0.5504,0.5668,0.584,0.6003,0.6171,0.6335,0.6506,0.6671,0.6837,0.7002,0.7169,0.7339,0.7502,0.7674,0.7841,0.8005,0.8172,0.8339,0.8506,0.8673,0.8841,0.9008,0.9174,0.9337,0.951,0.9674,0.9841,1.0006,1.0177,1.0343,1.0507,1.0675,1.0839,1.1009,1.1173,1.1339,1.1507,1.1675,1.1842,1.201,1.2177,1.2343,1.2512,1.2679,1.2844,1.3013,1.3179,1.3341,1.3507,1.3677,1.3847,1.4011,1.4176,1.4344,1.4514,1.4681,1.4847,1.5012,1.5178,1.5346,1.5514,1.5682,1.5848,1.6013,1.618,1.6347]","[1,1,1,1,1,1,1,1,1,1,1,1,1,1,1,1,1,1,1,1,1,1,1,1,1,1,1,1,1,1,1,1,1,1,1,1,1,1,1,1,1,1,1,1,1,1,1,2,2,2,2,2,2,2,2,2,2,2,2,2,2,2,2,2,2,2,2,2,2,2,2,2,2,2,2,2,2,2,2,2,2,2,2,2,2,2,2,2,2,2,2,2,2,2,2,2,2,2,2]",3,125.6969,4,36,0,36,0,1,229579,4,SV_73ADPjbMtd0KUBg,304,2022-03-02_15h06.07.165,implicit_time,2021.1.4,Linux x86_64,59.95563283
cursorjump,235,0,0,10,NA,0,NA,0,0,0.5,FALSE,baseline,0,"[0.002083,0.002083,0.002083,0.002083,0.002083,0.002083,0.002083,0.002083,0.002083,0.002083,0.002083,0.002083,0.002083,0.002083,0.002083,0.002083,0.002083,0,-0.002083,-0.00625,-0.014583,-0.027083,-0.0375,-0.064583,-0.097917,-0.114583,-0.154167,-0.197917,-0.21875,-0.254167,-0.2875,-0.302083,-0.327083,-0.347917,-0.35625,-0.36875,-0.377083,-0.38125,-0.3875,-0.39375,-0.397917,-0.402083,-0.402083,-0.402083,-0.404167,-0.408333,-0.4125,-0.41875,-0.422917,-0.425,-0.427083,-0.429167,-0.433333,-0.4375,-0.441667,-0.44375,-0.447917,-0.447917,-0.447917,-0.44375,-0.439583,-0.4375,-0.429167,-0.420833,-0.402083,-0.379167,-0.354167,-0.341667,-0.3125,-0.3,-0.277083,-0.25625,-0.235417,-0.222917,-0.2,-0.191667,-0.175,-0.164583,-0.152083,-0.145833,-0.133333,-0.127083,-0.11875,-0.114583,-0.108333,-0.104167,-0.091667,-0.085417,-0.075,-0.066667,-0.0625,-0.060417,-0.058333,-0.05625,-0.052083,-0.045833,-0.035417,-0.03125,-0.020833]","[-0.001778,-0.001778,-0.001778,-0.001778,-0.001778,-0.001778,-0.001778,-0.001778,-0.001778,-0.001778,-0.001778,-0.001778,-0.001778,-0.001778,-0.001778,-0.001778,-0.001778,-0.001778,-0.008,-0.014222,-0.036,-0.076444,-0.101333,-0.163556,-0.219556,-0.247556,-0.303556,-0.356444,-0.381333,-0.428,-0.471556,-0.493333,-0.530667,-0.568,-0.583556,-0.614667,-0.645778,-0.661333,-0.695556,-0.720444,-0.729778,-0.745333,-0.757778,-0.764,-0.785778,-0.807556,-0.82,-0.851111,-0.885333,-0.907111,-0.950667,-0.969333,-1.003556,-1.016,-1.016,-1.016,-1.016,-1.016,-1.016,-1.006667,-0.988,-0.972444,-0.922667,-0.891556,-0.829333,-0.757778,-0.68,-0.639556,-0.568,-0.54,-0.493333,-0.456,-0.418667,-0.4,-0.362667,-0.347111,-0.319111,-0.294222,-0.266222,-0.250667,-0.219556,-0.204,-0.182222,-0.166667,-0.144889,-0.132444,-0.107556,-0.098222,-0.085778,-0.079556,-0.076444,-0.076444,-0.073333,-0.073333,-0.070222,-0.064,-0.051556,-0.045333,-0.032889]","[0.0005,0.0164,0.0321,0.0491,0.066,0.0832,0.099,0.1159,0.1325,0.1491,0.1664,0.1834,0.1988,0.216,0.2328,0.2493,0.2664,0.2834,0.3002,0.3169,0.3325,0.3494,0.366,0.3831,0.3995,0.4165,0.4332,0.45,0.4658,0.4831,0.4992,0.5163,0.5331,0.5499,0.5668,0.5827,0.5999,0.616,0.6329,0.6497,0.6667,0.6827,0.6999,0.7167,0.7334,0.75,0.7668,0.7827,0.7998,0.8169,0.8335,0.8502,0.8669,0.8828,0.8999,0.9166,0.9333,0.9502,0.9664,0.9832,1.0005,1.0164,1.0337,1.0498,1.0669,1.083,1.1003,1.1171,1.1341,1.15,1.1674,1.1833,1.2004,1.2172,1.2339,1.2505,1.2672,1.2837,1.3004,1.317,1.3336,1.3504,1.3673,1.3843,1.4005,1.4168,1.4335,1.4505,1.4673,1.4843,1.5001,1.5169,1.5341,1.5505,1.5671,1.5838,1.6006,1.6171,1.6337]","[1,1,1,1,1,1,1,1,1,1,1,1,1,1,1,1,1,1,1,1,1,1,1,1,1,1,1,1,1,1,1,1,1,1,1,1,1,1,1,1,1,1,1,1,1,1,1,1,2,2,2,2,2,2,2,2,2,2,2,2,2,2,2,2,2,2,2,2,2,2,2,2,2,2,2,2,2,2,2,2,2,2,2,2,2,2,2,2,2,2,2,2,2,2,2,2,2,2,2]",3,127.8486,4,37,0,37,0,1,229579,4,SV_73ADPjbMtd0KUBg,304,2022-03-02_15h06.07.165,implicit_time,2021.1.4,Linux x86_64,59.95563283
cursorjump,135,0,0.5,10,NA,0,NA,0,1,0.5,FALSE,baseline,1,"[0.01875,0.01875,0.016667,0.014583,0.014583,0.0125,0.0125,0.0125,0.0125,0.0125,0.0125,0.0125,0.0125,0.0125,0.0125,0.0125,0.0125,0.0125,0.010417,0.008333,0.002083,-0.004167,-0.01875,-0.039583,-0.052083,-0.08125,-0.110417,-0.127083,-0.158333,-0.1875,-0.2125,-0.222917,-0.241667,-0.25,-0.266667,-0.283333,-0.302083,-0.3125,-0.3375,-0.35,-0.375,-0.4,-0.425,-0.441667,-0.472917,-0.489583,-0.520833,-0.547917,-0.579167,-0.59375,-0.622917,-0.635417,-0.654167,-0.66875,-0.679167,-0.68125,-0.685417,-0.6875,-0.6875,-0.685417,-0.68125,-0.677083,-0.675,-0.672917,-0.672917,-0.670833,-0.670833,-0.672917,-0.675,-0.677083,-0.683333,-0.6875,-0.69375,-0.7,-0.70625,-0.708333,-0.7125,-0.714583,-0.714583,-0.716667,-0.716667,-0.716667,-0.716667,-0.71875,-0.71875,-0.71875,-0.716667,-0.714583,-0.708333,-0.697917,-0.691667,-0.675,-0.65,-0.635417,-0.602083,-0.558333,-0.533333,-0.477083,-0.422917,-0.397917,-0.35,-0.304167,-0.28125,-0.239583,-0.2,-0.183333,-0.152083,-0.122917,-0.1125,-0.09375,-0.077083,-0.06875,-0.05,-0.03125,-0.025]","[0.010667,0.010667,0.007556,0.007556,0.007556,0.007556,0.007556,0.007556,0.007556,0.007556,0.007556,0.007556,0.007556,0.007556,0.007556,0.007556,0.007556,0.007556,0.007556,0.004444,0.001333,-0.001778,-0.001778,0.007556,0.013778,0.035556,0.060444,0.072889,0.094667,0.113333,0.128889,0.138222,0.16,0.172444,0.200444,0.222222,0.237778,0.244,0.256444,0.262667,0.278222,0.3,0.321778,0.331111,0.356,0.365333,0.393333,0.421333,0.449333,0.461778,0.486667,0.502222,0.530222,0.558222,0.58,0.589333,0.601778,0.608,0.620444,0.626667,0.642222,0.651556,0.654667,0.654667,0.657778,0.664,0.667111,0.670222,0.676444,0.676444,0.682667,0.682667,0.692,0.695111,0.698222,0.701333,0.701333,0.701333,0.701333,0.701333,0.701333,0.701333,0.701333,0.701333,0.701333,0.701333,0.701333,0.698222,0.692,0.676444,0.670222,0.648444,0.623556,0.611111,0.58,0.542667,0.524,0.486667,0.446222,0.424444,0.384,0.343556,0.324889,0.281333,0.237778,0.216,0.166222,0.125778,0.107111,0.082222,0.066667,0.060444,0.044889,0.032444,0.023111]","[0.0006,0.0157,0.0328,0.0499,0.0663,0.0821,0.0989,0.116,0.1328,0.1494,0.1661,0.1828,0.1984,0.2162,0.2322,0.2491,0.2659,0.283,0.2991,0.3163,0.3331,0.3499,0.366,0.3822,0.3992,0.4159,0.4328,0.4494,0.4663,0.4831,0.5,0.516,0.5327,0.5494,0.5662,0.5828,0.5996,0.616,0.6325,0.649,0.6667,0.6837,0.6995,0.7163,0.733,0.7499,0.7662,0.7833,0.7997,0.8166,0.8338,0.8497,0.8665,0.8837,0.8996,0.9163,0.9324,0.9496,0.9664,0.9829,0.9997,1.0163,1.0328,1.0499,1.0668,1.0838,1.0999,1.1159,1.1334,1.15,1.1667,1.1835,1.1997,1.2165,1.2337,1.2503,1.2669,1.2836,1.2999,1.3167,1.3332,1.3504,1.3661,1.3832,1.3999,1.4166,1.4332,1.4501,1.467,1.4835,1.5001,1.517,1.5336,1.5503,1.567,1.5837,1.6005,1.6171,1.6339,1.6508,1.6665,1.6841,1.7005,1.7169,1.7341,1.7506,1.7671,1.7839,1.8006,1.8177,1.8335,1.8504,1.8673,1.884,1.9006]","[1,1,1,1,1,1,1,1,1,1,1,1,1,1,1,1,1,1,1,1,1,1,1,1,1,1,1,1,1,1,1,1,1,1,1,1,1,1,1,1,1,1,1,1,1,1,1,1,1,1,1,1,1,1,1,1,1,1,1,1,1,1,1,1,1,1,1,1,1,1,2,2,2,2,2,2,2,2,2,2,2,2,2,2,2,2,2,2,2,2,2,2,2,2,2,2,2,2,2,2,2,2,2,2,2,2,2,2,2,2,2,2,2,2,2]",4,130.2672,4,38,0,38,0,1,229579,4,SV_73ADPjbMtd0KUBg,304,2022-03-02_15h06.07.165,implicit_time,2021.1.4,Linux x86_64,59.95563283
cursorjump,145,0,0,10,NA,0,NA,0,0,0.5,FALSE,baseline,0,"[0.002083,0.002083,0,0,0,0,0,0,0.002083,0.004167,0.004167,0.004167,0.004167,0.004167,0.004167,0.00625,0.008333,0.008333,0.010417,0.010417,0.004167,-0.010417,-0.03125,-0.04375,-0.075,-0.091667,-0.127083,-0.164583,-0.202083,-0.222917,-0.2625,-0.283333,-0.31875,-0.352083,-0.38125,-0.39375,-0.420833,-0.433333,-0.4625,-0.491667,-0.51875,-0.533333,-0.5625,-0.575,-0.604167,-0.633333,-0.660417,-0.672917,-0.7,-0.7125,-0.741667,-0.775,-0.804167,-0.81875,-0.841667,-0.852083,-0.86875,-0.877083,-0.879167,-0.88125,-0.88125,-0.88125,-0.879167,-0.879167,-0.879167,-0.86875,-0.847917,-0.820833,-0.80625,-0.775,-0.758333,-0.720833,-0.677083,-0.63125,-0.608333,-0.558333,-0.535417,-0.49375,-0.45625,-0.41875,-0.404167,-0.375,-0.364583,-0.34375,-0.325,-0.310417,-0.304167,-0.291667,-0.285417,-0.272917,-0.260417,-0.254167,-0.241667,-0.229167,-0.220833,-0.2,-0.177083,-0.158333,-0.152083,-0.147917,-0.145833,-0.139583,-0.129167,-0.116667,-0.110417,-0.104167,-0.102083,-0.095833,-0.085417,-0.06875,-0.060417,-0.052083,-0.05,-0.047917,-0.045833,-0.039583]","[0.02,0.02,0.02,0.02,0.02,0.02,0.02,0.02,0.02,0.02,0.016889,0.016889,0.013778,0.013778,0.013778,0.013778,0.013778,0.013778,0.016889,0.016889,0.02,0.035556,0.057333,0.069778,0.097778,0.110222,0.135111,0.156889,0.178667,0.191111,0.216,0.228444,0.253333,0.272,0.287556,0.296889,0.312444,0.321778,0.337333,0.352889,0.371556,0.380889,0.396444,0.405778,0.424444,0.443111,0.461778,0.471111,0.489778,0.502222,0.524,0.548889,0.573778,0.586222,0.611111,0.623556,0.642222,0.657778,0.657778,0.657778,0.657778,0.657778,0.657778,0.657778,0.657778,0.657778,0.651556,0.639111,0.629778,0.604889,0.589333,0.555111,0.517778,0.483556,0.464889,0.424444,0.402667,0.365333,0.334222,0.306222,0.296889,0.281333,0.275111,0.262667,0.250222,0.237778,0.231556,0.222222,0.216,0.206667,0.191111,0.184889,0.169333,0.156889,0.150667,0.135111,0.116444,0.097778,0.091556,0.085333,0.082222,0.079111,0.072889,0.063556,0.060444,0.051111,0.051111,0.044889,0.038667,0.023111,0.013778,0.001333,0.001333,-0.001778,0.001333,-0.001778]","[0.0007,0.017,0.0334,0.0504,0.067,0.0837,0.1005,0.1164,0.1333,0.1505,0.1671,0.1836,0.2004,0.2175,0.2333,0.2504,0.2672,0.284,0.3002,0.3173,0.3348,0.3503,0.3675,0.3838,0.4011,0.4171,0.434,0.4503,0.4675,0.4837,0.5006,0.5176,0.5335,0.5504,0.567,0.584,0.6007,0.6179,0.6339,0.6507,0.6673,0.6841,0.7007,0.7174,0.734,0.7508,0.7674,0.7842,0.8,0.8172,0.8338,0.851,0.867,0.8841,0.9007,0.9174,0.9341,0.9513,0.9671,0.9844,1.0002,1.0174,1.0342,1.0506,1.0676,1.0843,1.1011,1.118,1.1346,1.1513,1.1681,1.184,1.2011,1.218,1.2346,1.2514,1.2673,1.2844,1.3013,1.3181,1.335,1.3509,1.3679,1.3841,1.4013,1.4183,1.435,1.4508,1.4677,1.4846,1.5011,1.5176,1.5346,1.551,1.5675,1.5843,1.6013,1.6179,1.6348,1.6512,1.6682,1.6846,1.7014,1.7181,1.7347,1.7514,1.7679,1.7847,1.8013,1.8181,1.8348,1.8512,1.8677,1.8847,1.9013,1.918]","[1,1,1,1,1,1,1,1,1,1,1,1,1,1,1,1,1,1,1,1,1,1,1,1,1,1,1,1,1,1,1,1,1,1,1,1,1,1,1,1,1,1,1,1,1,1,1,1,1,1,1,1,2,2,2,2,2,2,2,2,2,2,2,2,2,2,2,2,2,2,2,2,2,2,2,2,2,2,2,2,2,2,2,2,2,2,2,2,2,2,2,2,2,2,2,2,2,2,2,2,2,2,2,2,2,2,2,2,2,2,2,2,2,2,2,2]",4,132.7022,4,39,0,39,0,1,229579,4,SV_73ADPjbMtd0KUBg,304,2022-03-02_15h06.07.165,implicit_time,2021.1.4,Linux x86_64,59.95563283
cursorjump,45,0,0.5,10,NA,0,NA,0,1,0.5,FALSE,baseline,1,"[0.020833,0.020833,0.020833,0.020833,0.020833,0.020833,0.020833,0.020833,0.020833,0.020833,0.020833,0.020833,0.020833,0.01875,0.01875,0.016667,0.016667,0.016667,0.014583,0.014583,0.014583,0.016667,0.022917,0.027083,0.041667,0.064583,0.079167,0.1125,0.15,0.16875,0.210417,0.252083,0.275,0.322917,0.370833,0.39375,0.4375,0.479167,0.497917,0.53125,0.558333,0.56875,0.589583,0.608333,0.614583,0.622917,0.625,0.625,0.622917,0.622917,0.622917,0.622917,0.622917,0.625,0.63125,0.6375,0.652083,0.66875,0.68125,0.683333,0.685417,0.685417,0.685417,0.685417,0.685417,0.685417,0.685417,0.685417,0.685417,0.685417,0.6875,0.6875,0.6875,0.6875,0.6875,0.6875,0.685417,0.68125,0.66875,0.660417,0.639583,0.614583,0.5875,0.570833,0.533333,0.510417,0.464583,0.416667,0.366667,0.341667,0.291667,0.26875,0.222917,0.179167,0.141667,0.127083,0.1,0.0875,0.06875,0.054167,0.041667,0.0375,0.029167]","[-0.004889,-0.004889,-0.004889,-0.004889,-0.004889,-0.004889,-0.004889,-0.004889,-0.004889,-0.004889,-0.004889,-0.004889,-0.004889,-0.001778,-0.001778,-0.001778,-0.001778,-0.001778,-0.001778,-0.001778,-0.001778,0.001333,0.007556,0.016889,0.041778,0.088444,0.116444,0.178667,0.234667,0.262667,0.309333,0.356,0.374667,0.415111,0.452444,0.471111,0.499111,0.527111,0.542667,0.567556,0.589333,0.595556,0.608,0.617333,0.623556,0.626667,0.629778,0.629778,0.626667,0.626667,0.626667,0.629778,0.636,0.642222,0.654667,0.664,0.676444,0.685778,0.692,0.695111,0.695111,0.695111,0.695111,0.695111,0.695111,0.695111,0.695111,0.695111,0.695111,0.695111,0.695111,0.695111,0.695111,0.695111,0.695111,0.695111,0.695111,0.692,0.685778,0.679556,0.664,0.639111,0.604889,0.583111,0.533333,0.505333,0.449333,0.396444,0.346667,0.324889,0.281333,0.259556,0.219111,0.178667,0.147556,0.135111,0.110222,0.097778,0.079111,0.057333,0.038667,0.029333,0.02]","[0.0005,0.0165,0.0332,0.0502,0.067,0.0828,0.0995,0.1164,0.1334,0.1501,0.167,0.1829,0.1996,0.2168,0.2335,0.2503,0.267,0.2827,0.2998,0.3169,0.3337,0.3494,0.3672,0.3829,0.4007,0.4167,0.4332,0.4501,0.4663,0.483,0.4998,0.5165,0.5332,0.5498,0.5667,0.5832,0.6001,0.6167,0.6336,0.6503,0.6671,0.684,0.7001,0.7169,0.7336,0.7502,0.7666,0.7832,0.7999,0.8169,0.8334,0.8501,0.8668,0.8834,0.9002,0.9168,0.9335,0.9501,0.9668,0.9836,1.0002,1.0167,1.0338,1.0502,1.067,1.0835,1.1,1.1168,1.1336,1.1502,1.1669,1.1835,1.2001,1.217,1.2334,1.2503,1.2668,1.2835,1.3008,1.3173,1.3339,1.3506,1.3674,1.3838,1.4003,1.417,1.4336,1.4509,1.4672,1.4839,1.5005,1.5171,1.5338,1.5504,1.5678,1.5844,1.6009,1.6176,1.634,1.6507,1.6675,1.6841,1.7006]","[1,1,1,1,1,1,1,1,1,1,1,1,1,1,1,1,1,1,1,1,1,1,1,1,1,1,1,1,1,1,1,1,1,1,1,1,1,1,1,1,1,1,1,1,1,1,1,1,1,1,1,1,1,1,1,1,1,1,2,2,2,2,2,2,2,2,2,2,2,2,2,2,2,2,2,2,2,2,2,2,2,2,2,2,2,2,2,2,2,2,2,2,2,2,2,2,2,2,2,2,2,2,2]",5,134.9201,4,40,0,40,0,1,229579,4,SV_73ADPjbMtd0KUBg,304,2022-03-02_15h06.07.165,implicit_time,2021.1.4,Linux x86_64,59.95563283
cursorjump,55,0,0,10,NA,0,NA,0,0,0.5,FALSE,baseline,0,"[-0.002083,-0.002083,-0.002083,-0.002083,-0.002083,-0.002083,-0.002083,-0.002083,-0.002083,-0.002083,0,0,0,0.002083,0.002083,0.002083,0.002083,0.002083,0.002083,0.002083,0.004167,0.010417,0.016667,0.035417,0.05,0.079167,0.1125,0.14375,0.160417,0.191667,0.210417,0.245833,0.264583,0.297917,0.329167,0.354167,0.364583,0.38125,0.39375,0.4,0.410417,0.41875,0.422917,0.429167,0.43125,0.439583,0.45,0.464583,0.472917,0.495833,0.50625,0.53125,0.552083,0.560417,0.558333,0.558333,0.558333,0.558333,0.558333,0.558333,0.554167,0.54375,0.527083,0.516667,0.4875,0.452083,0.429167,0.379167,0.354167,0.304167,0.2625,0.222917,0.20625,0.170833,0.141667,0.127083,0.10625,0.089583,0.083333,0.075,0.070833,0.064583,0.058333,0.054167,0.052083,0.05,0.045833,0.045833,0.041667,0.039583,0.039583,0.041667,0.039583,0.0375,0.029167,0.027083,0.027083,0.033333,0.035417,0.0375,0.039583,0.041667,0.041667,0.041667,0.041667,0.041667,0.033333]","[0.007556,0.007556,0.007556,0.007556,0.007556,0.007556,0.007556,0.007556,0.007556,0.007556,0.007556,0.007556,0.007556,0.007556,0.007556,0.007556,0.007556,0.007556,0.007556,0.007556,0.007556,0.016889,0.026222,0.051111,0.066667,0.100889,0.141333,0.194222,0.222222,0.281333,0.312444,0.371556,0.396444,0.44,0.474222,0.502222,0.517778,0.539556,0.561333,0.570667,0.592444,0.611111,0.620444,0.642222,0.654667,0.682667,0.716889,0.754222,0.772889,0.807111,0.822667,0.850667,0.872444,0.878667,0.878667,0.878667,0.878667,0.878667,0.878667,0.878667,0.875556,0.863111,0.841333,0.825778,0.788444,0.741778,0.713778,0.648444,0.608,0.530222,0.458667,0.396444,0.371556,0.334222,0.306222,0.293778,0.278222,0.268889,0.265778,0.262667,0.259556,0.250222,0.240889,0.231556,0.228444,0.222222,0.216,0.212889,0.206667,0.200444,0.197333,0.181778,0.156889,0.141333,0.110222,0.085333,0.076,0.057333,0.041778,0.038667,0.032444,0.032444,0.032444,0.029333,0.026222,0.023111,0.016889]","[0.0005,0.0164,0.033,0.0496,0.0661,0.0827,0.1003,0.1168,0.1327,0.1495,0.1659,0.1835,0.2002,0.2168,0.2329,0.2494,0.2663,0.2827,0.2995,0.3164,0.3329,0.3505,0.367,0.383,0.3995,0.417,0.4335,0.4501,0.4667,0.4836,0.5004,0.5171,0.5337,0.5505,0.5664,0.5832,0.6,0.617,0.6338,0.65,0.6669,0.684,0.6997,0.7166,0.7336,0.7501,0.767,0.7839,0.8007,0.8178,0.8344,0.8499,0.8672,0.8841,0.901,0.9176,0.9335,0.9509,0.9675,0.984,1.0008,1.0173,1.034,1.0505,1.0671,1.0837,1.1005,1.1172,1.1338,1.1506,1.1674,1.184,1.2007,1.2175,1.2342,1.251,1.2676,1.284,1.3006,1.3172,1.3338,1.3505,1.3672,1.3839,1.4006,1.4173,1.4341,1.451,1.4677,1.4843,1.5008,1.5177,1.5346,1.5513,1.5678,1.5842,1.6008,1.6176,1.6346,1.6511,1.6677,1.6839,1.7013,1.7181,1.7339,1.7512,1.7677]","[1,1,1,1,1,1,1,1,1,1,1,1,1,1,1,1,1,1,1,1,1,1,1,1,1,1,1,1,1,1,1,1,1,1,1,1,1,1,1,1,1,1,1,1,1,1,1,1,1,1,2,2,2,2,2,2,2,2,2,2,2,2,2,2,2,2,2,2,2,2,2,2,2,2,2,2,2,2,2,2,2,2,2,2,2,2,2,2,2,2,2,2,2,2,2,2,2,2,2,2,2,2,2,2,2,2,2]",5,137.556,4,41,0,41,0,1,229579,4,SV_73ADPjbMtd0KUBg,304,2022-03-02_15h06.07.165,implicit_time,2021.1.4,Linux x86_64,59.95563283
cursorjump,225,0,0.5,10,NA,0,NA,0,1,0.5,FALSE,baseline,1,"[-0.014583,-0.014583,-0.014583,-0.014583,-0.014583,-0.014583,-0.014583,-0.014583,-0.014583,-0.014583,-0.014583,-0.014583,-0.014583,-0.014583,-0.014583,-0.014583,-0.014583,-0.0125,-0.0125,-0.016667,-0.022917,-0.035417,-0.041667,-0.058333,-0.066667,-0.085417,-0.10625,-0.13125,-0.145833,-0.175,-0.191667,-0.227083,-0.260417,-0.279167,-0.310417,-0.341667,-0.354167,-0.375,-0.391667,-0.397917,-0.4125,-0.425,-0.43125,-0.445833,-0.464583,-0.477083,-0.504167,-0.533333,-0.545833,-0.56875,-0.591667,-0.6,-0.616667,-0.625,-0.629167,-0.639583,-0.645833,-0.647917,-0.65,-0.654167,-0.65625,-0.6625,-0.670833,-0.677083,-0.683333,-0.685417,-0.6875,-0.6875,-0.6875,-0.6875,-0.6875,-0.685417,-0.683333,-0.677083,-0.664583,-0.654167,-0.625,-0.5875,-0.54375,-0.520833,-0.475,-0.452083,-0.408333,-0.364583,-0.34375,-0.304167,-0.275,-0.264583,-0.252083,-0.241667,-0.233333,-0.229167,-0.222917,-0.21875,-0.210417,-0.197917,-0.18125,-0.170833,-0.147917,-0.133333,-0.104167,-0.072917,-0.058333,-0.0375,-0.027083]","[-0.017333,-0.017333,-0.017333,-0.017333,-0.017333,-0.017333,-0.017333,-0.017333,-0.017333,-0.017333,-0.017333,-0.017333,-0.017333,-0.017333,-0.017333,-0.017333,-0.014222,-0.014222,-0.014222,-0.014222,-0.017333,-0.023556,-0.026667,-0.045333,-0.054667,-0.082667,-0.123111,-0.172889,-0.200889,-0.26,-0.288,-0.337778,-0.387556,-0.412444,-0.456,-0.493333,-0.508889,-0.536889,-0.561778,-0.574222,-0.599111,-0.617778,-0.624,-0.633333,-0.645778,-0.655111,-0.676889,-0.692444,-0.695556,-0.704889,-0.717333,-0.723556,-0.732889,-0.736,-0.736,-0.732889,-0.729778,-0.729778,-0.726667,-0.723556,-0.723556,-0.720444,-0.720444,-0.720444,-0.720444,-0.717333,-0.714222,-0.711111,-0.711111,-0.711111,-0.708,-0.708,-0.704889,-0.701778,-0.692444,-0.683111,-0.658222,-0.614667,-0.558667,-0.527556,-0.471556,-0.443556,-0.387556,-0.334667,-0.309778,-0.266222,-0.241333,-0.232,-0.222667,-0.216444,-0.210222,-0.210222,-0.207111,-0.204,-0.194667,-0.176,-0.151111,-0.141778,-0.12,-0.107556,-0.088889,-0.067111,-0.057778,-0.039111,-0.029778]","[0.0007,0.0164,0.0331,0.0497,0.0664,0.0833,0.0997,0.1165,0.133,0.1494,0.1664,0.1833,0.1999,0.2165,0.2342,0.2501,0.2667,0.2832,0.3001,0.317,0.3336,0.35,0.3665,0.3835,0.4,0.4172,0.4336,0.45,0.4667,0.4833,0.5001,0.5169,0.5342,0.5502,0.5669,0.5836,0.6003,0.6168,0.6336,0.6503,0.667,0.6836,0.7004,0.717,0.7336,0.7503,0.7669,0.7839,0.8006,0.8169,0.8336,0.8503,0.8669,0.8844,0.9004,0.9176,0.9342,0.9509,0.9675,0.984,1.0007,1.0174,1.0342,1.0509,1.0675,1.0843,1.1012,1.1176,1.1342,1.1504,1.1673,1.1839,1.2005,1.218,1.2348,1.2506,1.2673,1.2847,1.3013,1.3178,1.3343,1.3509,1.3676,1.3842,1.4009,1.4175,1.4341,1.4508,1.4674,1.4848,1.5015,1.5181,1.5349,1.5524,1.5679,1.5846,1.6013,1.618,1.6347,1.6516,1.6686,1.6845,1.7011,1.7178,1.7345]","[1,1,1,1,1,1,1,1,1,1,1,1,1,1,1,1,1,1,1,1,1,1,1,1,1,1,1,1,1,1,1,1,1,1,1,1,1,1,1,1,1,1,1,1,1,1,1,1,1,1,1,1,1,2,2,2,2,2,2,2,2,2,2,2,2,2,2,2,2,2,2,2,2,2,2,2,2,2,2,2,2,2,2,2,2,2,2,2,2,2,2,2,2,2,2,2,2,2,2,2,2,2,2,2,2]",6,139.8076,4,42,0,42,0,1,229579,4,SV_73ADPjbMtd0KUBg,304,2022-03-02_15h06.07.165,implicit_time,2021.1.4,Linux x86_64,59.95563283
cursorjump,215,0,0,10,NA,0,NA,0,0,0.5,FALSE,baseline,0,"[0.002083,0.002083,0.004167,0.004167,0.004167,0.004167,0.004167,0.00625,0.00625,0.00625,0.008333,0.008333,0.010417,0.010417,0.010417,0.010417,0.010417,0.010417,0.010417,0.008333,0.002083,-0.002083,-0.022917,-0.054167,-0.072917,-0.110417,-0.152083,-0.2,-0.225,-0.279167,-0.30625,-0.360417,-0.408333,-0.43125,-0.475,-0.510417,-0.525,-0.55,-0.570833,-0.58125,-0.6,-0.608333,-0.622917,-0.6375,-0.654167,-0.664583,-0.683333,-0.691667,-0.708333,-0.725,-0.7375,-0.745833,-0.758333,-0.766667,-0.779167,-0.791667,-0.804167,-0.8125,-0.829167,-0.835417,-0.85,-0.858333,-0.860417,-0.858333,-0.85,-0.841667,-0.827083,-0.810417,-0.791667,-0.78125,-0.747917,-0.727083,-0.675,-0.610417,-0.55,-0.522917,-0.470833,-0.44375,-0.389583,-0.333333,-0.279167,-0.25625,-0.2125,-0.191667,-0.147917,-0.104167,-0.075,-0.064583,-0.054167,-0.05,-0.041667,-0.0375,-0.0375,-0.0375,-0.04375,-0.047917,-0.054167,-0.05625,-0.05625,-0.05625,-0.052083,-0.047917,-0.035417,-0.022917,-0.0125]","[0.007556,0.007556,0.007556,0.007556,0.004444,0.004444,0.004444,0.004444,0.004444,0.004444,0.004444,0.001333,0.001333,0.001333,0.001333,0.001333,-0.001778,-0.001778,-0.001778,-0.004889,-0.008,-0.014222,-0.026667,-0.051556,-0.067111,-0.101333,-0.148,-0.204,-0.235111,-0.294222,-0.319111,-0.359556,-0.384444,-0.396889,-0.412444,-0.424889,-0.428,-0.434222,-0.440444,-0.443556,-0.446667,-0.449778,-0.459111,-0.471556,-0.490222,-0.499556,-0.515111,-0.524444,-0.543111,-0.564889,-0.583556,-0.589778,-0.605333,-0.611556,-0.620889,-0.633333,-0.652,-0.664444,-0.689333,-0.701778,-0.714222,-0.723556,-0.723556,-0.723556,-0.714222,-0.708,-0.689333,-0.670667,-0.648889,-0.636444,-0.602222,-0.583556,-0.530667,-0.477778,-0.434222,-0.418667,-0.384444,-0.362667,-0.312889,-0.256889,-0.207111,-0.185333,-0.144889,-0.123111,-0.079556,-0.042222,-0.020444,-0.011111,-0.001778,0.004444,0.02,0.032444,0.035556,0.035556,0.029333,0.026222,0.023111,0.023111,0.023111,0.026222,0.026222,0.029333,0.035556,0.041778,0.038667]","[0.0008,0.0155,0.0323,0.0487,0.0652,0.0829,0.0991,0.1156,0.1321,0.1486,0.1653,0.1819,0.1994,0.216,0.2318,0.2487,0.2654,0.2818,0.2985,0.3161,0.3327,0.3486,0.3653,0.3829,0.399,0.416,0.4325,0.461,0.4665,0.4834,0.4997,0.515,0.5329,0.5496,0.5662,0.5829,0.5988,0.6159,0.6329,0.6497,0.6661,0.6831,0.6998,0.7166,0.7319,0.7495,0.766,0.7822,0.7988,0.8167,0.8335,0.8487,0.8666,0.882,0.8988,0.9158,0.932,0.9499,0.9668,0.9822,0.9988,1.0164,1.0333,1.0489,1.0663,1.0831,1.1,1.1166,1.1338,1.1498,1.1667,1.1824,1.1996,1.216,1.2325,1.2501,1.2667,1.2835,1.2992,1.3164,1.3332,1.3496,1.366,1.3825,1.3992,1.4162,1.4326,1.4492,1.466,1.4829,1.4993,1.5161,1.5329,1.5493,1.5662,1.5831,1.5994,1.6161,1.6328,1.6495,1.6663,1.6829,1.6997,1.7169,1.733]","[1,1,1,1,1,1,1,1,1,1,1,1,1,1,1,1,1,1,1,1,1,1,1,1,1,1,1,1,1,1,1,1,1,1,1,1,1,1,1,1,1,1,1,1,1,1,1,1,1,1,1,1,2,2,2,2,2,2,2,2,2,2,2,2,2,2,2,2,2,2,2,2,2,2,2,2,2,2,2,2,2,2,2,2,2,2,2,2,2,2,2,2,2,2,2,2,2,2,2,2,2,2,2,2,2]",6,142.0586,4,43,0,43,0,1,229579,4,SV_73ADPjbMtd0KUBg,304,2022-03-02_15h06.07.165,implicit_time,2021.1.4,Linux x86_64,59.95563283
cursorjump,135,0,0.5,10,NA,0,NA,0,1,0.5,FALSE,baseline,1,"[0.002083,0.002083,0.002083,0.002083,0.002083,0.002083,0.002083,0.002083,0.002083,0.002083,0.002083,0.002083,0.002083,0.002083,0.002083,0.002083,0.002083,0.002083,0.002083,-0.00625,-0.029167,-0.045833,-0.085417,-0.104167,-0.141667,-0.172917,-0.189583,-0.227083,-0.266667,-0.285417,-0.31875,-0.352083,-0.3875,-0.40625,-0.445833,-0.464583,-0.5,-0.5375,-0.55625,-0.591667,-0.620833,-0.63125,-0.654167,-0.664583,-0.683333,-0.7,-0.7125,-0.716667,-0.722917,-0.725,-0.725,-0.722917,-0.720833,-0.71875,-0.714583,-0.7125,-0.708333,-0.704167,-0.702083,-0.702083,-0.7,-0.7,-0.697917,-0.695833,-0.695833,-0.695833,-0.69375,-0.69375,-0.69375,-0.69375,-0.691667,-0.6875,-0.677083,-0.670833,-0.65,-0.625,-0.59375,-0.575,-0.53125,-0.508333,-0.458333,-0.410417,-0.366667,-0.347917,-0.310417,-0.291667,-0.2625,-0.241667,-0.227083,-0.220833,-0.208333,-0.202083,-0.189583,-0.175,-0.160417,-0.152083,-0.135417,-0.127083,-0.108333,-0.085417,-0.05625,-0.041667,-0.014583]","[0.004444,0.004444,0.004444,0.004444,0.004444,0.004444,0.004444,0.004444,0.004444,0.004444,0.004444,0.004444,0.004444,0.004444,0.004444,0.004444,0.004444,0.004444,0.004444,0.004444,0.016889,0.026222,0.057333,0.076,0.119556,0.156889,0.175556,0.209778,0.244,0.259556,0.287556,0.306222,0.321778,0.328,0.343556,0.349778,0.368444,0.387111,0.396444,0.418222,0.443111,0.455556,0.477333,0.483556,0.499111,0.514667,0.530222,0.539556,0.561333,0.570667,0.589333,0.608,0.626667,0.636,0.651556,0.657778,0.673333,0.682667,0.692,0.695111,0.704444,0.710667,0.72,0.729333,0.732444,0.735556,0.735556,0.735556,0.735556,0.735556,0.729333,0.723111,0.704444,0.688889,0.648444,0.595556,0.536444,0.511556,0.464889,0.446222,0.408889,0.368444,0.328,0.306222,0.268889,0.250222,0.219111,0.194222,0.178667,0.169333,0.16,0.153778,0.144444,0.138222,0.125778,0.119556,0.104,0.097778,0.085333,0.076,0.060444,0.048,0.023111]","[0.0005,0.0159,0.0327,0.0497,0.0663,0.083,0.0996,0.1165,0.1332,0.1494,0.1665,0.1833,0.1999,0.2167,0.2326,0.2501,0.2661,0.2832,0.2993,0.3165,0.3336,0.3497,0.3667,0.3829,0.4,0.4162,0.4332,0.4501,0.4663,0.4836,0.4997,0.5166,0.5335,0.5497,0.5669,0.583,0.6,0.617,0.633,0.65,0.6668,0.6837,0.6998,0.7169,0.733,0.7499,0.7669,0.7831,0.8001,0.8171,0.8332,0.8504,0.8664,0.8834,0.9006,0.9168,0.9338,0.9508,0.967,0.9831,1.0001,1.017,1.0339,1.0502,1.0666,1.0835,1.1006,1.1169,1.1339,1.1508,1.167,1.184,1.2,1.217,1.234,1.2504,1.2676,1.2838,1.3008,1.3167,1.3335,1.3505,1.3677,1.3836,1.4005,1.4174,1.4345,1.4506,1.4678,1.4839,1.501,1.5172,1.5343,1.5505,1.5676,1.5836,1.6005,1.6172,1.6342,1.6513,1.6674,1.6845,1.7004]","[1,1,1,1,1,1,1,1,1,1,1,1,1,1,1,1,1,1,1,1,1,1,1,1,1,1,1,1,1,1,1,1,1,1,1,1,1,1,1,1,1,1,1,1,1,1,1,1,1,1,1,1,1,2,2,2,2,2,2,2,2,2,2,2,2,2,2,2,2,2,2,2,2,2,2,2,2,2,2,2,2,2,2,2,2,2,2,2,2,2,2,2,2,2,2,2,2,2,2,2,2,2,2]",7,144.2762,4,44,0,44,0,1,229579,4,SV_73ADPjbMtd0KUBg,304,2022-03-02_15h06.07.165,implicit_time,2021.1.4,Linux x86_64,59.95563283
cursorjump,145,0,0,10,NA,0,NA,0,0,0.5,FALSE,baseline,0,"[0.01875,0.01875,0.016667,0.016667,0.014583,0.0125,0.008333,0.008333,0.00625,0.00625,0.004167,0.004167,0.004167,0.004167,0.004167,0.004167,0.002083,-0.002083,-0.014583,-0.025,-0.045833,-0.060417,-0.097917,-0.145833,-0.197917,-0.222917,-0.270833,-0.29375,-0.335417,-0.375,-0.410417,-0.427083,-0.45625,-0.46875,-0.495833,-0.522917,-0.552083,-0.566667,-0.589583,-0.602083,-0.622917,-0.64375,-0.66875,-0.683333,-0.7125,-0.729167,-0.760417,-0.79375,-0.8125,-0.845833,-0.875,-0.8875,-0.9,-0.904167,-0.904167,-0.904167,-0.902083,-0.902083,-0.902083,-0.902083,-0.902083,-0.895833,-0.88125,-0.872917,-0.845833,-0.8125,-0.79375,-0.752083,-0.70625,-0.679167,-0.625,-0.570833,-0.54375,-0.491667,-0.447917,-0.429167,-0.391667,-0.358333,-0.34375,-0.316667,-0.297917,-0.289583,-0.277083,-0.26875,-0.264583,-0.260417,-0.25625,-0.254167,-0.252083,-0.25,-0.25,-0.241667,-0.225,-0.216667,-0.2,-0.183333,-0.175,-0.15,-0.122917,-0.1125,-0.09375,-0.08125,-0.075,-0.060417,-0.045833,-0.035417]","[0.001333,0.004444,0.004444,0.004444,0.004444,0.004444,0.004444,0.004444,0.004444,0.004444,0.004444,0.004444,0.004444,0.001333,0.001333,-0.001778,-0.001778,-0.004889,0.001333,0.004444,0.023111,0.035556,0.060444,0.088444,0.116444,0.128889,0.153778,0.166222,0.188,0.209778,0.231556,0.244,0.272,0.284444,0.312444,0.340444,0.365333,0.377778,0.402667,0.415111,0.436889,0.455556,0.474222,0.483556,0.499111,0.505333,0.520889,0.539556,0.548889,0.576889,0.601778,0.614222,0.632889,0.636,0.632889,0.632889,0.632889,0.632889,0.632889,0.636,0.636,0.642222,0.642222,0.642222,0.629778,0.608,0.595556,0.561333,0.524,0.508444,0.471111,0.427556,0.405778,0.365333,0.331111,0.312444,0.284444,0.256444,0.244,0.219111,0.197333,0.188,0.175556,0.166222,0.163111,0.16,0.156889,0.153778,0.150667,0.147556,0.144444,0.135111,0.125778,0.119556,0.107111,0.094667,0.088444,0.072889,0.060444,0.054222,0.044889,0.038667,0.032444,0.023111,0.013778,0.004444]","[0.0001,0.0167,0.0331,0.05,0.0667,0.0836,0.1006,0.1165,0.1335,0.1505,0.1665,0.1834,0.2004,0.2165,0.2336,0.2498,0.2669,0.2838,0.2998,0.3168,0.334,0.3501,0.3667,0.3839,0.4008,0.4167,0.4333,0.4504,0.4666,0.4836,0.5002,0.5172,0.5338,0.5501,0.567,0.5835,0.6007,0.617,0.6335,0.6506,0.6667,0.6839,0.7009,0.7169,0.7341,0.7506,0.7669,0.7837,0.8004,0.817,0.8337,0.8506,0.8674,0.8841,0.9003,0.9173,0.9338,0.951,0.9671,0.9843,1.0007,1.0179,1.0341,1.0505,1.0678,1.0838,1.1008,1.117,1.1339,1.1509,1.1675,1.1839,1.2006,1.2178,1.2338,1.2508,1.2678,1.2839,1.3008,1.3174,1.334,1.3513,1.3673,1.3843,1.4014,1.4178,1.4348,1.4505,1.4675,1.4844,1.5013,1.5174,1.5343,1.5511,1.5682,1.5842,1.6013,1.6174,1.6344,1.6514,1.6684,1.6845,1.7018,1.7178,1.7346,1.7516]","[1,1,1,1,1,1,1,1,1,1,1,1,1,1,1,1,1,1,1,1,1,1,1,1,1,1,1,1,1,1,1,1,1,1,1,1,1,1,1,1,1,1,1,1,1,1,1,2,2,2,2,2,2,2,2,2,2,2,2,2,2,2,2,2,2,2,2,2,2,2,2,2,2,2,2,2,2,2,2,2,2,2,2,2,2,2,2,2,2,2,2,2,2,2,2,2,2,2,2,2,2,2,2,2,2,2]",7,146.5453,4,45,0,45,0,1,229579,4,SV_73ADPjbMtd0KUBg,304,2022-03-02_15h06.07.165,implicit_time,2021.1.4,Linux x86_64,59.95563283
cursorjump,315,0,0.5,10,NA,0,NA,0,1,0.5,FALSE,baseline,1,"[0.00625,0.00625,0.00625,0.00625,0.00625,0.00625,0.00625,0.00625,0.00625,0.00625,0.00625,0.00625,0.00625,0.00625,0.00625,0.00625,0.00625,0.00625,0.008333,0.014583,0.01875,0.033333,0.041667,0.064583,0.0875,0.122917,0.147917,0.208333,0.28125,0.314583,0.36875,0.404167,0.416667,0.4375,0.452083,0.460417,0.472917,0.483333,0.489583,0.504167,0.5125,0.529167,0.545833,0.558333,0.5625,0.577083,0.585417,0.610417,0.6375,0.65,0.666667,0.672917,0.683333,0.691667,0.708333,0.716667,0.727083,0.73125,0.73125,0.73125,0.73125,0.73125,0.733333,0.733333,0.735417,0.735417,0.7375,0.739583,0.745833,0.747917,0.75,0.745833,0.735417,0.727083,0.704167,0.672917,0.633333,0.6125,0.566667,0.54375,0.49375,0.43125,0.360417,0.327083,0.272917,0.25625,0.229167,0.202083,0.16875,0.154167,0.127083,0.1125,0.091667,0.075,0.0625,0.058333,0.052083,0.05,0.041667,0.033333]","[-0.011111,-0.011111,-0.011111,-0.011111,-0.011111,-0.011111,-0.008,-0.008,-0.008,-0.008,-0.008,-0.008,-0.008,-0.008,-0.008,-0.008,-0.008,-0.008,-0.008,-0.011111,-0.011111,-0.020444,-0.026667,-0.051556,-0.082667,-0.123111,-0.144889,-0.200889,-0.266222,-0.294222,-0.340889,-0.372,-0.384444,-0.409333,-0.434222,-0.446667,-0.468444,-0.487111,-0.496444,-0.508889,-0.518222,-0.533778,-0.549333,-0.564889,-0.574222,-0.592889,-0.599111,-0.617778,-0.630222,-0.636444,-0.642667,-0.645778,-0.652,-0.658222,-0.670667,-0.676889,-0.683111,-0.683111,-0.683111,-0.683111,-0.686222,-0.686222,-0.692444,-0.695556,-0.698667,-0.701778,-0.704889,-0.708,-0.714222,-0.717333,-0.720444,-0.717333,-0.714222,-0.708,-0.692444,-0.673778,-0.645778,-0.630222,-0.596,-0.574222,-0.533778,-0.490222,-0.437333,-0.412444,-0.362667,-0.344,-0.312889,-0.275556,-0.235111,-0.213333,-0.176,-0.157333,-0.126222,-0.098222,-0.076444,-0.067111,-0.048444,-0.039111,-0.023556,-0.011111]","[0.0003,0.0166,0.0335,0.0497,0.0667,0.0836,0.0999,0.117,0.133,0.1499,0.1667,0.1839,0.1998,0.217,0.2329,0.2498,0.2667,0.2836,0.3005,0.3167,0.3338,0.35,0.367,0.384,0.4,0.4172,0.4334,0.4506,0.4675,0.4836,0.5008,0.5168,0.5337,0.5506,0.5674,0.5834,0.6006,0.6169,0.6346,0.65,0.6669,0.684,0.7011,0.7171,0.7341,0.7503,0.7671,0.7841,0.8002,0.8174,0.8343,0.8506,0.8679,0.8837,0.9008,0.9169,0.9338,0.9507,0.9679,0.984,1.0012,1.0173,1.0341,1.0511,1.0671,1.0839,1.1009,1.1181,1.1341,1.151,1.1672,1.1842,1.2011,1.2171,1.234,1.2509,1.2678,1.2849,1.301,1.3178,1.3348,1.3508,1.3679,1.3847,1.4009,1.4178,1.4346,1.4515,1.4675,1.4846,1.5007,1.5178,1.5349,1.5508,1.568,1.5841,1.601,1.6179,1.635,1.6508]","[1,1,1,1,1,1,1,1,1,1,1,1,1,1,1,1,1,1,1,1,1,1,1,1,1,1,1,1,1,1,1,1,1,1,1,1,1,1,1,1,1,1,1,1,1,1,1,1,1,1,1,1,1,1,2,2,2,2,2,2,2,2,2,2,2,2,2,2,2,2,2,2,2,2,2,2,2,2,2,2,2,2,2,2,2,2,2,2,2,2,2,2,2,2,2,2,2,2,2,2]",8,148.7129,4,46,0,46,0,1,229579,4,SV_73ADPjbMtd0KUBg,304,2022-03-02_15h06.07.165,implicit_time,2021.1.4,Linux x86_64,59.95563283
cursorjump,305,0,0,10,NA,0,NA,0,0,0.5,FALSE,baseline,0,"[0,0,0,0,0,0,0,-0.002083,-0.002083,-0.002083,-0.004167,-0.004167,-0.004167,-0.004167,-0.004167,-0.004167,-0.004167,-0.004167,-0.004167,-0.004167,-0.004167,-0.002083,0.008333,0.016667,0.0375,0.064583,0.08125,0.122917,0.170833,0.195833,0.24375,0.291667,0.314583,0.35625,0.39375,0.408333,0.429167,0.44375,0.447917,0.45625,0.466667,0.470833,0.48125,0.49375,0.5,0.514583,0.53125,0.539583,0.560417,0.572917,0.6,0.625,0.645833,0.65625,0.679167,0.6875,0.695833,0.695833,0.695833,0.695833,0.691667,0.683333,0.658333,0.614583,0.55625,0.527083,0.470833,0.44375,0.397917,0.358333,0.320833,0.302083,0.272917,0.260417,0.239583,0.21875,0.191667,0.177083,0.152083,0.14375,0.129167,0.11875,0.108333,0.102083,0.091667,0.085417,0.077083,0.070833,0.064583,0.0625,0.058333,0.058333,0.05625,0.05625,0.054167,0.054167,0.047917,0.04375,0.0375,0.03125]","[0.004444,0.004444,0.004444,0.004444,0.004444,0.004444,0.004444,0.001333,0.001333,0.001333,0.001333,0.001333,0.001333,0.001333,0.001333,0.001333,0.001333,0.001333,0.001333,0.001333,0.001333,-0.001778,-0.014222,-0.023556,-0.057778,-0.101333,-0.126222,-0.179111,-0.244444,-0.278667,-0.350222,-0.415556,-0.446667,-0.496444,-0.533778,-0.549333,-0.580444,-0.602222,-0.611556,-0.630222,-0.648889,-0.661333,-0.68,-0.704889,-0.714222,-0.736,-0.754667,-0.767111,-0.788889,-0.801333,-0.826222,-0.844889,-0.863556,-0.869778,-0.885333,-0.891556,-0.897778,-0.897778,-0.897778,-0.897778,-0.891556,-0.885333,-0.863556,-0.835556,-0.795111,-0.767111,-0.711111,-0.676889,-0.614667,-0.555556,-0.502667,-0.477778,-0.428,-0.403111,-0.359556,-0.309778,-0.253778,-0.225778,-0.182222,-0.166667,-0.144889,-0.126222,-0.107556,-0.098222,-0.079556,-0.070222,-0.057778,-0.045333,-0.032889,-0.026667,-0.020444,-0.020444,-0.020444,-0.020444,-0.023556,-0.023556,-0.023556,-0.020444,-0.020444,-0.017333]","[0.0003,0.0161,0.0331,0.0492,0.0662,0.0831,0.0993,0.1162,0.1331,0.1493,0.1665,0.1826,0.1997,0.2158,0.2329,0.2499,0.2661,0.2833,0.2996,0.3167,0.3325,0.3495,0.3667,0.3829,0.4001,0.4162,0.4334,0.4494,0.4662,0.4835,0.4995,0.5165,0.5331,0.5497,0.5667,0.5829,0.6001,0.6166,0.6331,0.6497,0.6663,0.6836,0.6998,0.7164,0.7331,0.7496,0.7666,0.7832,0.8002,0.8164,0.8336,0.8498,0.8671,0.8833,0.8999,0.9168,0.9333,0.9503,0.9674,0.9835,1.0004,1.0165,1.0336,1.0503,1.0668,1.0834,1.1,1.1165,1.1334,1.1506,1.1668,1.1832,1.2001,1.2172,1.2335,1.2507,1.2666,1.2836,1.3007,1.3166,1.3337,1.3509,1.367,1.3842,1.4003,1.417,1.4341,1.4501,1.4669,1.4841,1.5003,1.5176,1.5337,1.5507,1.5669,1.5842,1.6002,1.6171,1.6344,1.6506]","[1,1,1,1,1,1,1,1,1,1,1,1,1,1,1,1,1,1,1,1,1,1,1,1,1,1,1,1,1,1,1,1,1,1,1,1,1,1,1,1,1,1,1,1,1,1,1,1,2,2,2,2,2,2,2,2,2,2,2,2,2,2,2,2,2,2,2,2,2,2,2,2,2,2,2,2,2,2,2,2,2,2,2,2,2,2,2,2,2,2,2,2,2,2,2,2,2,2,2,2]",8,151.0984,4,47,0,47,0,1,229579,4,SV_73ADPjbMtd0KUBg,304,2022-03-02_15h06.07.165,implicit_time,2021.1.4,Linux x86_64,59.95563283
cursorjump,45,0,0.5,10,NA,0,NA,0,1,0.5,FALSE,baseline,1,"[-0.00625,-0.00625,-0.00625,-0.00625,-0.00625,-0.00625,-0.00625,-0.00625,-0.00625,-0.00625,-0.00625,-0.00625,-0.00625,-0.00625,-0.00625,-0.00625,-0.00625,-0.00625,-0.00625,-0.00625,-0.004167,0,0.004167,0.022917,0.0375,0.06875,0.104167,0.120833,0.160417,0.202083,0.222917,0.266667,0.308333,0.347917,0.366667,0.404167,0.420833,0.458333,0.495833,0.527083,0.539583,0.560417,0.570833,0.5875,0.60625,0.625,0.635417,0.652083,0.65625,0.660417,0.658333,0.658333,0.658333,0.660417,0.660417,0.660417,0.660417,0.660417,0.660417,0.660417,0.660417,0.660417,0.660417,0.660417,0.660417,0.6625,0.664583,0.66875,0.677083,0.68125,0.685417,0.6875,0.689583,0.689583,0.689583,0.689583,0.689583,0.689583,0.689583,0.689583,0.689583,0.689583,0.689583,0.685417,0.68125,0.66875,0.660417,0.633333,0.591667,0.539583,0.514583,0.4625,0.416667,0.39375,0.352083,0.3125,0.29375,0.258333,0.229167,0.214583,0.1875,0.15625,0.139583,0.10625,0.075,0.058333,0.027083,-0.002083,-0.016667,-0.039583,-0.05625,-0.0625,-0.06875,-0.06875,-0.06875,-0.06875,-0.066667,-0.064583,-0.058333,-0.052083,-0.047917,-0.045833,-0.045833,-0.045833,-0.045833,-0.04375,-0.04375,-0.041667,-0.035417]","[0.001333,0.001333,0.001333,0.001333,0.001333,0.001333,0.001333,0.001333,0.001333,0.001333,0.001333,0.001333,0.001333,0.001333,0.001333,0.001333,0.001333,0.001333,0.001333,0.001333,0.007556,0.016889,0.026222,0.048,0.063556,0.100889,0.138222,0.156889,0.197333,0.244,0.265778,0.312444,0.349778,0.387111,0.402667,0.436889,0.452444,0.483556,0.508444,0.530222,0.542667,0.558222,0.567556,0.586222,0.604889,0.626667,0.636,0.654667,0.660889,0.664,0.667111,0.670222,0.673333,0.676444,0.679556,0.679556,0.682667,0.682667,0.685778,0.688889,0.688889,0.688889,0.688889,0.688889,0.688889,0.688889,0.692,0.692,0.695111,0.695111,0.695111,0.695111,0.695111,0.695111,0.695111,0.695111,0.695111,0.695111,0.695111,0.695111,0.695111,0.695111,0.695111,0.692,0.688889,0.676444,0.667111,0.642222,0.604889,0.555111,0.530222,0.486667,0.449333,0.433778,0.402667,0.374667,0.362222,0.340444,0.321778,0.309333,0.287556,0.256444,0.237778,0.200444,0.166222,0.147556,0.116444,0.085333,0.072889,0.044889,0.023111,0.013778,-0.004889,-0.017333,-0.020444,-0.023556,-0.023556,-0.023556,-0.023556,-0.020444,-0.017333,-0.017333,-0.017333,-0.017333,-0.017333,-0.017333,-0.017333,-0.017333,-0.017333]","[0.0003,0.0158,0.0328,0.0497,0.0656,0.0828,0.0999,0.1159,0.1329,0.1501,0.1662,0.1832,0.1995,0.2165,0.2325,0.2495,0.2664,0.2826,0.2997,0.3157,0.3327,0.3496,0.3666,0.383,0.3994,0.4165,0.4334,0.4495,0.4666,0.4835,0.4996,0.5168,0.5329,0.5501,0.5663,0.5834,0.6003,0.6163,0.6334,0.6504,0.6666,0.6831,0.7002,0.7161,0.7331,0.7501,0.7671,0.7833,0.8001,0.817,0.8329,0.8502,0.8672,0.8833,0.9002,0.9172,0.9332,0.9503,0.9664,0.9835,1.0004,1.0163,1.0333,1.0505,1.0667,1.0837,1.0997,1.1167,1.1336,1.1507,1.1666,1.1835,1.2004,1.2174,1.2335,1.2506,1.2668,1.2838,1.3006,1.3168,1.3341,1.3503,1.3674,1.3834,1.4003,1.4174,1.4336,1.4508,1.4669,1.4837,1.5005,1.5175,1.5337,1.5509,1.5671,1.5842,1.6004,1.6172,1.6344,1.6504,1.6674,1.6844,1.7005,1.7177,1.7339,1.7508,1.7669,1.7839,1.8007,1.8178,1.8338,1.8509,1.867,1.884,1.9012,1.9172,1.9341,1.9513,1.9675,1.9844,2.0006,2.018,2.0342,2.0515,2.0677,2.0838,2.1011,2.1182,2.1344]","[1,1,1,1,1,1,1,1,1,1,1,1,1,1,1,1,1,1,1,1,1,1,1,1,1,1,1,1,1,1,1,1,1,1,1,1,1,1,1,1,1,1,1,1,1,1,1,1,1,1,1,1,1,1,1,1,1,1,1,1,1,1,1,1,1,1,2,2,2,2,2,2,2,2,2,2,2,2,2,2,2,2,2,2,2,2,2,2,2,2,2,2,2,2,2,2,2,2,2,2,2,2,2,2,2,2,2,2,2,2,2,2,2,2,2,2,2,2,2,2,2,2,2,2,2,2,2,2,2]",9,153.7506,4,48,0,48,0,1,229579,4,SV_73ADPjbMtd0KUBg,304,2022-03-02_15h06.07.165,implicit_time,2021.1.4,Linux x86_64,59.95563283
cursorjump,35,0,0,10,NA,0,NA,0,0,0.5,FALSE,baseline,0,"[-0.002083,-0.002083,-0.002083,0,0,0.002083,0.002083,0.002083,0.004167,0.004167,0.004167,0.00625,0.00625,0.008333,0.008333,0.010417,0.010417,0.010417,0.010417,0.014583,0.01875,0.03125,0.054167,0.085417,0.104167,0.14375,0.164583,0.20625,0.252083,0.302083,0.329167,0.379167,0.404167,0.452083,0.497917,0.535417,0.552083,0.577083,0.5875,0.604167,0.6125,0.616667,0.620833,0.627083,0.629167,0.639583,0.65625,0.664583,0.691667,0.725,0.741667,0.775,0.804167,0.820833,0.85,0.870833,0.875,0.875,0.875,0.875,0.877083,0.872917,0.864583,0.8375,0.804167,0.789583,0.760417,0.720833,0.695833,0.633333,0.5625,0.527083,0.466667,0.414583,0.389583,0.341667,0.297917,0.279167,0.25,0.227083,0.21875,0.197917,0.179167,0.170833,0.154167,0.14375,0.133333,0.13125,0.122917,0.120833,0.116667,0.114583,0.114583,0.1125,0.104167,0.097917,0.08125,0.066667,0.052083,0.045833,0.033333]","[-0.001778,-0.001778,-0.001778,-0.001778,0.001333,0.001333,0.004444,0.004444,0.004444,0.007556,0.007556,0.007556,0.010667,0.010667,0.010667,0.013778,0.013778,0.013778,0.013778,0.016889,0.016889,0.023111,0.038667,0.063556,0.082222,0.119556,0.138222,0.178667,0.222222,0.265778,0.284444,0.318667,0.334222,0.359111,0.377778,0.396444,0.402667,0.415111,0.418222,0.424444,0.427556,0.427556,0.430667,0.436889,0.44,0.449333,0.461778,0.468,0.486667,0.511556,0.524,0.545778,0.567556,0.58,0.598667,0.608,0.611111,0.611111,0.611111,0.611111,0.611111,0.611111,0.608,0.595556,0.58,0.570667,0.552,0.527111,0.508444,0.468,0.418222,0.393333,0.346667,0.306222,0.290667,0.259556,0.231556,0.219111,0.203556,0.188,0.181778,0.166222,0.147556,0.138222,0.119556,0.107111,0.100889,0.100889,0.097778,0.094667,0.091556,0.091556,0.091556,0.085333,0.076,0.066667,0.054222,0.044889,0.032444,0.029333,0.02]","[0.0004,0.0166,0.0338,0.05,0.0671,0.0833,0.1004,0.1165,0.1335,0.1506,0.1667,0.1839,0.2,0.2169,0.234,0.25,0.2672,0.2832,0.3002,0.3173,0.3334,0.3506,0.3666,0.3839,0.4,0.4173,0.4335,0.4508,0.4671,0.4833,0.5007,0.5169,0.5336,0.5508,0.5671,0.5843,0.6002,0.6173,0.6337,0.6502,0.6673,0.6837,0.7006,0.7177,0.7338,0.7503,0.7672,0.7841,0.8007,0.8172,0.8338,0.8509,0.8674,0.8841,0.9004,0.9175,0.934,0.9506,0.9677,0.9836,1.0007,1.0174,1.0341,1.0507,1.0673,1.0845,1.1006,1.1175,1.134,1.1507,1.1678,1.1842,1.2009,1.2175,1.2341,1.2513,1.2675,1.2841,1.301,1.3181,1.3343,1.3514,1.3676,1.385,1.4011,1.4175,1.4347,1.4514,1.4684,1.4847,1.501,1.5181,1.5343,1.5514,1.5683,1.5842,1.6012,1.6184,1.6343,1.6515,1.6676]","[1,1,1,1,1,1,1,1,1,1,1,1,1,1,1,1,1,1,1,1,1,1,1,1,1,1,1,1,1,1,1,1,1,1,1,1,1,1,1,1,1,1,1,1,1,1,1,1,1,1,1,1,2,2,2,2,2,2,2,2,2,2,2,2,2,2,2,2,2,2,2,2,2,2,2,2,2,2,2,2,2,2,2,2,2,2,2,2,2,2,2,2,2,2,2,2,2,2,2,2,2]",9,155.935,4,49,0,49,0,1,229579,4,SV_73ADPjbMtd0KUBg,304,2022-03-02_15h06.07.165,implicit_time,2021.1.4,Linux x86_64,59.95563283
cursorjump,315,0,0.5,10,NA,0,NA,0,1,0.5,FALSE,baseline,1,"[0.016667,0.016667,0.016667,0.016667,0.016667,0.016667,0.016667,0.016667,0.016667,0.016667,0.016667,0.016667,0.016667,0.016667,0.014583,0.014583,0.0125,0.0125,0.014583,0.020833,0.03125,0.0375,0.05625,0.0875,0.10625,0.154167,0.210417,0.241667,0.308333,0.377083,0.408333,0.454167,0.48125,0.491667,0.502083,0.510417,0.514583,0.520833,0.53125,0.539583,0.554167,0.5625,0.58125,0.595833,0.614583,0.625,0.647917,0.660417,0.68125,0.689583,0.689583,0.689583,0.689583,0.689583,0.689583,0.6875,0.683333,0.68125,0.677083,0.675,0.679167,0.685417,0.689583,0.691667,0.689583,0.683333,0.6625,0.627083,0.585417,0.564583,0.525,0.502083,0.45,0.389583,0.3375,0.31875,0.29375,0.283333,0.2625,0.235417,0.208333,0.197917,0.177083,0.170833,0.154167,0.139583,0.125,0.11875,0.110417,0.10625,0.1,0.091667,0.08125,0.075,0.066667,0.0625,0.058333,0.054167,0.052083,0.05,0.047917,0.045833,0.04375,0.0375,0.03125,0.027083,0.020833]","[0.001333,0.001333,0.001333,0.001333,0.001333,0.004444,0.004444,0.004444,0.004444,0.004444,0.007556,0.007556,0.007556,0.007556,0.007556,0.007556,0.004444,0.001333,0.001333,-0.008,-0.020444,-0.026667,-0.048444,-0.085778,-0.107556,-0.166667,-0.238222,-0.275556,-0.347111,-0.409333,-0.434222,-0.477778,-0.505778,-0.518222,-0.533778,-0.552444,-0.561778,-0.583556,-0.608444,-0.620889,-0.642667,-0.652,-0.667556,-0.68,-0.692444,-0.698667,-0.714222,-0.720444,-0.729778,-0.732889,-0.732889,-0.729778,-0.729778,-0.729778,-0.729778,-0.729778,-0.726667,-0.723556,-0.714222,-0.714222,-0.711111,-0.711111,-0.711111,-0.714222,-0.711111,-0.711111,-0.698667,-0.676889,-0.648889,-0.633333,-0.599111,-0.577333,-0.524444,-0.459111,-0.4,-0.378222,-0.350222,-0.340889,-0.322222,-0.294222,-0.26,-0.241333,-0.213333,-0.204,-0.185333,-0.166667,-0.151111,-0.141778,-0.132444,-0.126222,-0.12,-0.110667,-0.101333,-0.092,-0.076444,-0.070222,-0.057778,-0.051556,-0.051556,-0.048444,-0.048444,-0.048444,-0.045333,-0.042222,-0.039111,-0.039111,-0.036]","[0.0003,0.0162,0.0335,0.0496,0.0666,0.0836,0.0995,0.1168,0.133,0.1501,0.1669,0.183,0.2002,0.2164,0.2336,0.2498,0.2669,0.2831,0.3004,0.3166,0.3338,0.3499,0.3672,0.3833,0.4005,0.4167,0.434,0.4501,0.4671,0.4832,0.5003,0.5166,0.5338,0.5501,0.5673,0.5834,0.6005,0.6167,0.6338,0.65,0.6671,0.6832,0.7004,0.7167,0.7339,0.7501,0.7673,0.7839,0.8001,0.8173,0.8335,0.8508,0.8668,0.8839,0.9001,0.9171,0.9341,0.9502,0.967,0.9841,1.0003,1.0174,1.0335,1.0505,1.0675,1.0845,1.1006,1.1176,1.1336,1.1507,1.1679,1.1839,1.2011,1.2173,1.2345,1.2507,1.268,1.284,1.3009,1.3178,1.3338,1.3509,1.368,1.3842,1.4005,1.4174,1.4343,1.4505,1.4678,1.4839,1.5008,1.5177,1.5348,1.5508,1.5677,1.5848,1.601,1.618,1.634,1.6512,1.6674,1.6845,1.7008,1.7176,1.7346,1.7508,1.768]","[1,1,1,1,1,1,1,1,1,1,1,1,1,1,1,1,1,1,1,1,1,1,1,1,1,1,1,1,1,1,1,1,1,1,1,1,1,1,1,1,1,1,1,1,1,1,2,2,2,2,2,2,2,2,2,2,2,2,2,2,2,2,2,2,2,2,2,2,2,2,2,2,2,2,2,2,2,2,2,2,2,2,2,2,2,2,2,2,2,2,2,2,2,2,2,2,2,2,2,2,2,2,2,2,2,2,2]",10,158.2207,4,50,0,50,0,1,229579,4,SV_73ADPjbMtd0KUBg,304,2022-03-02_15h06.07.165,implicit_time,2021.1.4,Linux x86_64,59.95563283
cursorjump,325,0,0,10,NA,0,NA,0,0,0.5,FALSE,baseline,0,"[-0.00625,-0.00625,-0.00625,-0.00625,-0.00625,-0.00625,-0.00625,-0.00625,-0.00625,-0.004167,-0.004167,-0.002083,-0.002083,-0.002083,0,0,0,0.002083,0.004167,0.008333,0.020833,0.033333,0.0625,0.097917,0.116667,0.160417,0.214583,0.245833,0.3125,0.375,0.404167,0.45625,0.5,0.520833,0.55625,0.575,0.58125,0.583333,0.585417,0.5875,0.597917,0.6125,0.63125,0.64375,0.675,0.691667,0.729167,0.747917,0.785417,0.81875,0.85,0.864583,0.889583,0.89375,0.895833,0.895833,0.895833,0.89375,0.883333,0.875,0.847917,0.816667,0.78125,0.7625,0.710417,0.677083,0.602083,0.522917,0.458333,0.433333,0.391667,0.370833,0.327083,0.2875,0.260417,0.25,0.229167,0.210417,0.2,0.18125,0.166667,0.160417,0.152083,0.145833,0.14375,0.135417,0.127083,0.122917,0.116667,0.114583,0.1125,0.108333,0.102083,0.097917,0.089583,0.077083,0.06875,0.05625,0.045833,0.041667,0.033333]","[-0.001778,-0.001778,-0.001778,-0.001778,-0.001778,-0.001778,-0.001778,-0.001778,-0.001778,-0.001778,-0.001778,-0.001778,-0.001778,-0.001778,-0.001778,-0.001778,-0.001778,-0.001778,-0.001778,-0.004889,-0.011111,-0.017333,-0.039111,-0.064,-0.079556,-0.123111,-0.185333,-0.225778,-0.300444,-0.365778,-0.393778,-0.434222,-0.468444,-0.484,-0.508889,-0.527556,-0.533778,-0.536889,-0.536889,-0.536889,-0.543111,-0.549333,-0.555556,-0.561778,-0.574222,-0.580444,-0.602222,-0.614667,-0.639556,-0.664444,-0.689333,-0.701778,-0.717333,-0.723556,-0.726667,-0.726667,-0.723556,-0.720444,-0.711111,-0.701778,-0.683111,-0.655111,-0.624,-0.605333,-0.555556,-0.527556,-0.459111,-0.390667,-0.337778,-0.319111,-0.291111,-0.278667,-0.241333,-0.197778,-0.166667,-0.157333,-0.141778,-0.126222,-0.12,-0.101333,-0.082667,-0.076444,-0.064,-0.054667,-0.051556,-0.039111,-0.023556,-0.017333,-0.008,-0.004889,-0.001778,0.001333,0.004444,0.004444,0.007556,0.010667,0.013778,0.016889,0.016889,0.016889,0.016889]","[0.0002,0.0164,0.0334,0.0495,0.0666,0.0829,0.0998,0.1163,0.1334,0.1495,0.1663,0.1833,0.2005,0.2165,0.2335,0.2497,0.2667,0.2829,0.3003,0.3164,0.3335,0.3497,0.3669,0.383,0.3999,0.4169,0.433,0.4503,0.467,0.4833,0.4999,0.5165,0.5337,0.5499,0.5667,0.5834,0.6,0.6171,0.6333,0.6505,0.6668,0.6835,0.7006,0.7168,0.7333,0.7505,0.7668,0.7833,0.8003,0.8167,0.8334,0.8506,0.8668,0.8839,0.9003,0.9173,0.9336,0.9508,0.967,0.9835,1.0005,1.017,1.0337,1.0503,1.067,1.0835,1.1004,1.117,1.1336,1.1509,1.167,1.184,1.2004,1.2175,1.2337,1.2509,1.2672,1.2844,1.3005,1.3178,1.334,1.3512,1.3673,1.3845,1.4007,1.4178,1.4341,1.4513,1.4674,1.4844,1.5005,1.5177,1.5338,1.5509,1.5679,1.584,1.6011,1.6173,1.6346,1.6508,1.6678]","[1,1,1,1,1,1,1,1,1,1,1,1,1,1,1,1,1,1,1,1,1,1,1,1,1,1,1,1,1,1,1,1,1,1,1,1,1,1,1,1,1,1,1,1,1,1,1,2,2,2,2,2,2,2,2,2,2,2,2,2,2,2,2,2,2,2,2,2,2,2,2,2,2,2,2,2,2,2,2,2,2,2,2,2,2,2,2,2,2,2,2,2,2,2,2,2,2,2,2,2,2]",10,160.4054,4,51,0,51,0,1,229579,4,SV_73ADPjbMtd0KUBg,304,2022-03-02_15h06.07.165,implicit_time,2021.1.4,Linux x86_64,59.95563283
cursorjump,225,0,0.5,10,NA,0,NA,0,1,0.5,FALSE,baseline,1,"[-0.004167,-0.004167,-0.004167,-0.004167,-0.004167,-0.004167,-0.004167,-0.004167,-0.004167,-0.004167,-0.004167,-0.004167,-0.004167,-0.004167,-0.004167,-0.004167,-0.004167,-0.004167,-0.004167,-0.004167,-0.004167,-0.004167,-0.00625,-0.0125,-0.027083,-0.0375,-0.066667,-0.083333,-0.120833,-0.160417,-0.197917,-0.216667,-0.252083,-0.270833,-0.304167,-0.3375,-0.370833,-0.3875,-0.420833,-0.435417,-0.464583,-0.49375,-0.525,-0.541667,-0.570833,-0.583333,-0.60625,-0.625,-0.64375,-0.652083,-0.666667,-0.675,-0.689583,-0.702083,-0.70625,-0.714583,-0.720833,-0.722917,-0.722917,-0.722917,-0.722917,-0.722917,-0.720833,-0.71875,-0.714583,-0.7125,-0.7125,-0.710417,-0.708333,-0.70625,-0.69375,-0.672917,-0.658333,-0.627083,-0.591667,-0.572917,-0.53125,-0.483333,-0.460417,-0.414583,-0.375,-0.358333,-0.33125,-0.304167,-0.289583,-0.260417,-0.233333,-0.222917,-0.208333,-0.195833,-0.189583,-0.170833,-0.152083,-0.141667,-0.122917,-0.108333,-0.102083,-0.0875,-0.06875,-0.060417,-0.041667,-0.029167]","[-0.001778,-0.001778,-0.001778,-0.001778,-0.001778,-0.001778,-0.001778,-0.001778,-0.001778,-0.001778,-0.001778,-0.001778,-0.001778,-0.001778,-0.001778,-0.001778,-0.001778,-0.001778,-0.001778,-0.001778,-0.001778,-0.001778,-0.001778,-0.014222,-0.036,-0.051556,-0.082667,-0.098222,-0.135556,-0.169778,-0.213333,-0.238222,-0.288,-0.312889,-0.356444,-0.390667,-0.424889,-0.440444,-0.471556,-0.487111,-0.512,-0.530667,-0.549333,-0.558667,-0.580444,-0.589778,-0.605333,-0.614667,-0.627111,-0.633333,-0.648889,-0.658222,-0.676889,-0.689333,-0.695556,-0.704889,-0.708,-0.708,-0.711111,-0.711111,-0.711111,-0.711111,-0.708,-0.708,-0.704889,-0.704889,-0.704889,-0.704889,-0.704889,-0.701778,-0.686222,-0.655111,-0.636444,-0.599111,-0.561778,-0.543111,-0.502667,-0.452889,-0.428,-0.384444,-0.347111,-0.331556,-0.303556,-0.275556,-0.263111,-0.235111,-0.213333,-0.200889,-0.182222,-0.166667,-0.157333,-0.135556,-0.113778,-0.104444,-0.085778,-0.070222,-0.064,-0.051556,-0.036,-0.029778,-0.017333,-0.008]","[0.0001,0.0168,0.0332,0.0504,0.0666,0.0838,0.0999,0.1169,0.1339,0.1502,0.1674,0.1835,0.2006,0.2168,0.2334,0.2499,0.2671,0.2835,0.3005,0.3169,0.3338,0.3507,0.3669,0.3838,0.4007,0.4174,0.4337,0.4509,0.4668,0.4837,0.501,0.5172,0.5344,0.5505,0.5675,0.584,0.6006,0.6176,0.634,0.6509,0.6674,0.6842,0.7003,0.7176,0.7341,0.7509,0.7673,0.7844,0.801,0.8172,0.8342,0.8512,0.8677,0.8843,0.9011,0.9176,0.9342,0.9512,0.9677,0.9843,1.0013,1.0177,1.0343,1.0512,1.0676,1.0842,1.1013,1.1178,1.1348,1.1511,1.1682,1.1848,1.2011,1.2178,1.2346,1.2514,1.2679,1.2845,1.3016,1.3181,1.3346,1.3513,1.3683,1.3847,1.4012,1.4181,1.4348,1.451,1.4684,1.4849,1.5015,1.5183,1.5349,1.5514,1.5682,1.585,1.6015,1.6178,1.635,1.6516,1.6683,1.6849]","[1,1,1,1,1,1,1,1,1,1,1,1,1,1,1,1,1,1,1,1,1,1,1,1,1,1,1,1,1,1,1,1,1,1,1,1,1,1,1,1,1,1,1,1,1,1,1,1,1,1,1,1,2,2,2,2,2,2,2,2,2,2,2,2,2,2,2,2,2,2,2,2,2,2,2,2,2,2,2,2,2,2,2,2,2,2,2,2,2,2,2,2,2,2,2,2,2,2,2,2,2,2]",11,162.6074,4,52,0,52,0,1,229579,4,SV_73ADPjbMtd0KUBg,304,2022-03-02_15h06.07.165,implicit_time,2021.1.4,Linux x86_64,59.95563283
cursorjump,235,0,0,10,NA,0,NA,0,0,0.5,FALSE,baseline,0,"[0.008333,0.008333,0.008333,0.008333,0.008333,0.008333,0.008333,0.008333,0.008333,0.008333,0.008333,0.008333,0.008333,0.008333,0.008333,0.008333,0.008333,0.008333,0.008333,0.00625,0.004167,-0.004167,-0.01875,-0.041667,-0.05625,-0.091667,-0.13125,-0.154167,-0.2,-0.241667,-0.2625,-0.302083,-0.320833,-0.35625,-0.3875,-0.414583,-0.427083,-0.441667,-0.447917,-0.45625,-0.4625,-0.466667,-0.470833,-0.477083,-0.479167,-0.4875,-0.495833,-0.508333,-0.514583,-0.529167,-0.545833,-0.55,-0.55625,-0.55625,-0.55625,-0.55625,-0.554167,-0.552083,-0.54375,-0.5375,-0.51875,-0.49375,-0.48125,-0.454167,-0.425,-0.410417,-0.375,-0.3375,-0.302083,-0.2875,-0.260417,-0.247917,-0.225,-0.204167,-0.185417,-0.177083,-0.164583,-0.160417,-0.147917,-0.139583,-0.13125,-0.129167,-0.127083,-0.127083,-0.125,-0.122917,-0.11875,-0.116667,-0.1125,-0.110417,-0.104167,-0.095833,-0.0875,-0.08125,-0.070833,-0.064583,-0.054167,-0.04375,-0.033333,-0.027083]","[0.004444,0.004444,0.004444,0.004444,0.004444,0.004444,0.004444,0.004444,0.004444,0.004444,0.004444,0.004444,0.004444,0.004444,0.004444,0.004444,0.004444,0.004444,0.004444,0.004444,0.001333,-0.008,-0.029778,-0.067111,-0.088889,-0.138667,-0.197778,-0.232,-0.309778,-0.390667,-0.428,-0.490222,-0.518222,-0.564889,-0.608444,-0.645778,-0.661333,-0.686222,-0.695556,-0.711111,-0.726667,-0.748444,-0.757778,-0.779556,-0.792,-0.816889,-0.844889,-0.876,-0.894667,-0.925778,-0.950667,-0.96,-0.966222,-0.966222,-0.966222,-0.966222,-0.96,-0.953778,-0.925778,-0.904,-0.854222,-0.801333,-0.773333,-0.720444,-0.667556,-0.639556,-0.580444,-0.521333,-0.471556,-0.449778,-0.412444,-0.393778,-0.356444,-0.319111,-0.291111,-0.278667,-0.256889,-0.244444,-0.222667,-0.200889,-0.185333,-0.179111,-0.176,-0.172889,-0.166667,-0.157333,-0.148,-0.144889,-0.138667,-0.132444,-0.123111,-0.113778,-0.101333,-0.095111,-0.079556,-0.073333,-0.064,-0.051556,-0.036,-0.026667]","[0.0008,0.0163,0.0323,0.0492,0.0661,0.0823,0.0989,0.1164,0.1329,0.1493,0.1664,0.1831,0.1991,0.2159,0.2327,0.2499,0.2661,0.283,0.2999,0.3168,0.3334,0.35,0.3669,0.3835,0.3997,0.4168,0.4336,0.45,0.4668,0.4837,0.5003,0.5169,0.5337,0.5505,0.5669,0.5836,0.6002,0.6169,0.6336,0.6504,0.6667,0.6836,0.7006,0.7171,0.7332,0.7502,0.7668,0.7833,0.7999,0.8169,0.8338,0.8502,0.867,0.8836,0.9005,0.9175,0.9341,0.9502,0.9668,0.9835,1.0002,1.0169,1.0336,1.0506,1.0668,1.0839,1.1005,1.1175,1.1335,1.1503,1.1671,1.1839,1.2005,1.2174,1.2344,1.2501,1.2673,1.2844,1.3013,1.3167,1.3337,1.3507,1.3676,1.3846,1.4006,1.4174,1.4343,1.4513,1.4671,1.4841,1.5012,1.5179,1.5347,1.5507,1.5674,1.5841,1.6015,1.6184,1.6343,1.6512]","[1,1,1,1,1,1,1,1,1,1,1,1,1,1,1,1,1,1,1,1,1,1,1,1,1,1,1,1,1,1,1,1,1,1,1,1,1,1,1,1,1,1,1,1,1,1,2,2,2,2,2,2,2,2,2,2,2,2,2,2,2,2,2,2,2,2,2,2,2,2,2,2,2,2,2,2,2,2,2,2,2,2,2,2,2,2,2,2,2,2,2,2,2,2,2,2,2,2,2,2]",11,164.7766,4,53,0,53,0,1,229579,4,SV_73ADPjbMtd0KUBg,304,2022-03-02_15h06.07.165,implicit_time,2021.1.4,Linux x86_64,59.95563283
cursorjump,135,0,0.5,10,NA,0,NA,0,1,0.5,FALSE,baseline,1,"[0.004167,0.004167,0.004167,0.004167,0.004167,0.002083,-0.002083,-0.004167,-0.00625,-0.00625,-0.00625,-0.00625,-0.00625,-0.004167,-0.002083,0,0,0.002083,0.002083,0.002083,0.002083,0.002083,0,-0.00625,-0.014583,-0.020833,-0.039583,-0.064583,-0.079167,-0.110417,-0.139583,-0.154167,-0.179167,-0.208333,-0.222917,-0.254167,-0.28125,-0.291667,-0.316667,-0.34375,-0.360417,-0.391667,-0.427083,-0.4625,-0.48125,-0.516667,-0.533333,-0.566667,-0.595833,-0.608333,-0.63125,-0.647917,-0.65625,-0.670833,-0.68125,-0.6875,-0.69375,-0.7,-0.7,-0.7,-0.697917,-0.69375,-0.689583,-0.6875,-0.685417,-0.683333,-0.68125,-0.68125,-0.683333,-0.6875,-0.6875,-0.689583,-0.689583,-0.6875,-0.689583,-0.691667,-0.691667,-0.69375,-0.69375,-0.695833,-0.697917,-0.7,-0.7,-0.695833,-0.69375,-0.68125,-0.6625,-0.6375,-0.622917,-0.5875,-0.566667,-0.520833,-0.470833,-0.416667,-0.389583,-0.335417,-0.30625,-0.25,-0.202083,-0.1625,-0.147917,-0.125,-0.11875,-0.10625,-0.097917,-0.085417,-0.077083,-0.054167,-0.04375,-0.020833,-0.004167,0.008333,0.01875]","[0.013778,0.013778,0.013778,0.010667,0.010667,0.004444,-0.001778,-0.004889,-0.008,-0.008,-0.008,-0.008,-0.008,-0.008,-0.004889,-0.004889,-0.004889,-0.004889,-0.004889,-0.004889,-0.004889,-0.004889,-0.001778,0.001333,0.010667,0.016889,0.032444,0.051111,0.063556,0.088444,0.116444,0.132,0.156889,0.175556,0.188,0.216,0.247111,0.262667,0.293778,0.321778,0.334222,0.362222,0.393333,0.430667,0.449333,0.483556,0.496,0.517778,0.536444,0.542667,0.558222,0.573778,0.576889,0.586222,0.595556,0.598667,0.604889,0.611111,0.614222,0.620444,0.626667,0.632889,0.642222,0.651556,0.654667,0.667111,0.670222,0.682667,0.692,0.701333,0.704444,0.704444,0.704444,0.704444,0.707556,0.710667,0.710667,0.713778,0.716889,0.716889,0.72,0.72,0.72,0.72,0.716889,0.707556,0.688889,0.664,0.648444,0.614222,0.598667,0.558222,0.511556,0.458667,0.430667,0.374667,0.346667,0.293778,0.244,0.203556,0.188,0.166222,0.16,0.153778,0.150667,0.147556,0.144444,0.135111,0.125778,0.104,0.076,0.051111,0.035556]","[0.0006,0.0163,0.0328,0.0493,0.066,0.0831,0.1001,0.116,0.1331,0.1492,0.1659,0.1827,0.1992,0.2162,0.2328,0.2497,0.266,0.2828,0.2992,0.3158,0.3331,0.3497,0.3663,0.3829,0.3999,0.4165,0.433,0.4497,0.4665,0.4835,0.4993,0.5169,0.5336,0.5502,0.567,0.5829,0.5996,0.6171,0.6329,0.6496,0.6663,0.6832,0.7002,0.7171,0.7334,0.7503,0.7664,0.7835,0.7998,0.8167,0.8333,0.85,0.8668,0.8838,0.8997,0.9169,0.9341,0.95,0.9671,0.984,0.9999,1.0171,1.0338,1.0506,1.0677,1.0838,1.1005,1.117,1.1335,1.1502,1.1673,1.1841,1.1999,1.2169,1.2337,1.2506,1.2676,1.2838,1.3011,1.3169,1.3336,1.3504,1.3671,1.3841,1.4012,1.417,1.4338,1.4509,1.4667,1.4835,1.5002,1.5169,1.5338,1.5506,1.5673,1.5841,1.6003,1.6168,1.6337,1.6507,1.6677,1.6836,1.7005,1.717,1.7336,1.7507,1.7672,1.7839,1.801,1.817,1.8339,1.8507,1.8677]","[1,1,1,1,1,1,1,1,1,1,1,1,1,1,1,1,1,1,1,1,1,1,1,1,1,1,1,1,1,1,1,1,1,1,1,1,1,1,1,1,1,1,1,1,1,1,1,1,1,1,1,1,1,1,1,1,1,1,1,1,1,1,1,1,1,1,1,2,2,2,2,2,2,2,2,2,2,2,2,2,2,2,2,2,2,2,2,2,2,2,2,2,2,2,2,2,2,2,2,2,2,2,2,2,2,2,2,2,2,2,2,2,2]",12,167.1614,4,54,0,54,0,1,229579,4,SV_73ADPjbMtd0KUBg,304,2022-03-02_15h06.07.165,implicit_time,2021.1.4,Linux x86_64,59.95563283
cursorjump,125,0,0,10,NA,0,NA,0,0,0.5,FALSE,baseline,0,"[0.014583,0.014583,0.014583,0.014583,0.014583,0.014583,0.014583,0.016667,0.016667,0.016667,0.01875,0.01875,0.01875,0.01875,0.01875,0.01875,0.01875,0.01875,0.01875,0.016667,0.010417,0.004167,-0.010417,-0.01875,-0.041667,-0.070833,-0.110417,-0.13125,-0.170833,-0.1875,-0.2125,-0.235417,-0.252083,-0.260417,-0.270833,-0.272917,-0.277083,-0.283333,-0.291667,-0.297917,-0.308333,-0.314583,-0.327083,-0.339583,-0.358333,-0.366667,-0.385417,-0.395833,-0.414583,-0.422917,-0.435417,-0.441667,-0.447917,-0.45,-0.4625,-0.48125,-0.489583,-0.508333,-0.522917,-0.53125,-0.539583,-0.541667,-0.541667,-0.54375,-0.541667,-0.541667,-0.53125,-0.5125,-0.5,-0.46875,-0.43125,-0.410417,-0.370833,-0.329167,-0.30625,-0.25625,-0.208333,-0.185417,-0.145833,-0.110417,-0.091667,-0.060417,-0.035417,-0.025,-0.010417,0.002083,0.00625,0.0125,0.016667,0.01875,0.01875,0.01875,0.01875,0.01875,0.022917,0.025,0.03125,0.035417,0.035417,0.0375,0.041667,0.041667,0.04375,0.045833,0.045833,0.04375,0.045833,0.045833,0.047917,0.045833,0.041667,0.033333,0.027083,0.025,0.025]","[-0.008,-0.008,-0.008,-0.008,-0.004889,-0.004889,-0.004889,-0.004889,-0.004889,-0.004889,-0.004889,-0.004889,-0.004889,-0.004889,-0.004889,-0.004889,-0.004889,-0.004889,-0.004889,-0.004889,-0.001778,-0.001778,0.007556,0.016889,0.038667,0.072889,0.122667,0.153778,0.212889,0.240889,0.284444,0.321778,0.352889,0.365333,0.384,0.393333,0.412,0.436889,0.458667,0.468,0.486667,0.496,0.517778,0.539556,0.567556,0.583111,0.614222,0.629778,0.664,0.679556,0.707556,0.732444,0.760444,0.776,0.804,0.838222,0.853778,0.881778,0.909778,0.922222,0.937778,0.937778,0.937778,0.937778,0.937778,0.937778,0.928444,0.912889,0.900444,0.869333,0.825778,0.804,0.748,0.688889,0.660889,0.604889,0.552,0.527111,0.483556,0.44,0.421333,0.380889,0.343556,0.324889,0.290667,0.262667,0.253333,0.234667,0.222222,0.216,0.209778,0.206667,0.206667,0.203556,0.197333,0.191111,0.181778,0.175556,0.172444,0.169333,0.16,0.153778,0.135111,0.119556,0.110222,0.100889,0.088444,0.082222,0.063556,0.048,0.044889,0.035556,0.035556,0.035556,0.032444]","[0.0007,0.0164,0.0332,0.0493,0.0664,0.0828,0.0996,0.1164,0.133,0.1497,0.1666,0.1832,0.1998,0.2164,0.2334,0.2497,0.2667,0.2828,0.3002,0.3166,0.3331,0.35,0.3667,0.3833,0.4004,0.4163,0.4332,0.4502,0.4664,0.4836,0.4998,0.5168,0.5334,0.5504,0.5666,0.5839,0.6003,0.6163,0.6332,0.6501,0.6676,0.6839,0.6995,0.7166,0.7334,0.7503,0.7666,0.7837,0.7996,0.8162,0.8336,0.8503,0.8672,0.8833,0.9002,0.9169,0.9334,0.9503,0.9669,0.9837,0.9998,1.0168,1.0338,1.0509,1.0665,1.0834,1.1004,1.1173,1.134,1.1502,1.1671,1.184,1.2006,1.2173,1.2341,1.2508,1.2671,1.284,1.3008,1.3174,1.3342,1.3503,1.3673,1.384,1.4008,1.4166,1.4336,1.4507,1.4677,1.4837,1.5005,1.5172,1.5344,1.5505,1.5675,1.5888,1.6013,1.6178,1.6353,1.6511,1.6671,1.6839,1.7008,1.7173,1.7341,1.7509,1.7673,1.7841,1.8009,1.8174,1.8341,1.8508,1.8674,1.8845,1.9014]","[1,1,1,1,1,1,1,1,1,1,1,1,1,1,1,1,1,1,1,1,1,1,1,1,1,1,1,1,1,1,1,1,1,1,1,1,1,1,1,1,1,1,1,1,1,1,1,1,1,1,1,1,1,1,1,2,2,2,2,2,2,2,2,2,2,2,2,2,2,2,2,2,2,2,2,2,2,2,2,2,2,2,2,2,2,2,2,2,2,2,2,2,2,2,2,2,2,2,2,2,2,2,2,2,2,2,2,2,2,2,2,2,2,2,2]",12,169.8634,4,55,0,55,0,1,229579,4,SV_73ADPjbMtd0KUBg,304,2022-03-02_15h06.07.165,implicit_time,2021.1.4,Linux x86_64,59.95563283
cursorjump,315,0,0.5,10,NA,0,NA,0,1,0.5,FALSE,baseline,1,"[0.00625,0.00625,0.00625,0.00625,0.00625,0.008333,0.008333,0.008333,0.008333,0.008333,0.00625,0.00625,0.00625,0.00625,0.00625,0.00625,0.008333,0.008333,0.008333,0.008333,0.008333,0.010417,0.0125,0.01875,0.035417,0.05,0.089583,0.110417,0.154167,0.195833,0.239583,0.2625,0.31875,0.347917,0.40625,0.45,0.483333,0.502083,0.5375,0.575,0.59375,0.63125,0.647917,0.683333,0.714583,0.729167,0.754167,0.76875,0.76875,0.770833,0.777083,0.783333,0.785417,0.7875,0.7875,0.7875,0.789583,0.789583,0.7875,0.779167,0.770833,0.75,0.722917,0.708333,0.675,0.627083,0.597917,0.535417,0.48125,0.458333,0.41875,0.375,0.354167,0.314583,0.283333,0.270833,0.247917,0.227083,0.21875,0.197917,0.172917,0.154167,0.147917,0.135417,0.129167,0.114583,0.102083,0.091667,0.0875,0.079167,0.072917,0.060417,0.047917,0.039583,0.0375,0.035417,0.035417,0.03125]","[0.001333,0.001333,0.001333,0.001333,0.001333,0.004444,0.004444,0.004444,0.004444,0.004444,0.004444,0.001333,0.001333,0.001333,0.001333,0.001333,0.001333,0.001333,0.001333,0.001333,0.001333,0.001333,0.001333,-0.004889,-0.017333,-0.029778,-0.057778,-0.073333,-0.110667,-0.160444,-0.219556,-0.253778,-0.328444,-0.365778,-0.431111,-0.484,-0.530667,-0.558667,-0.611556,-0.655111,-0.673778,-0.708,-0.723556,-0.751556,-0.779556,-0.792,-0.810667,-0.82,-0.82,-0.816889,-0.813778,-0.804444,-0.801333,-0.795111,-0.792,-0.788889,-0.785778,-0.782667,-0.776444,-0.760889,-0.751556,-0.732889,-0.714222,-0.704889,-0.68,-0.639556,-0.614667,-0.555556,-0.496444,-0.474667,-0.434222,-0.384444,-0.353333,-0.300444,-0.26,-0.241333,-0.204,-0.163556,-0.144889,-0.113778,-0.088889,-0.067111,-0.060889,-0.048444,-0.042222,-0.029778,-0.014222,-0.004889,-0.001778,0.007556,0.013778,0.023111,0.029333,0.032444,0.032444,0.029333,0.029333,0.023111]","[0.0006,0.0161,0.0326,0.0495,0.0663,0.0833,0.0989,0.1158,0.1329,0.1491,0.1663,0.1829,0.1996,0.2167,0.2327,0.25,0.2668,0.2828,0.2998,0.3165,0.3334,0.3502,0.3668,0.3827,0.4002,0.4161,0.4329,0.4498,0.4669,0.4828,0.4998,0.5168,0.5338,0.5505,0.5664,0.5835,0.6001,0.6169,0.6337,0.6503,0.6671,0.6834,0.6999,0.7167,0.7331,0.7499,0.7666,0.7832,0.8,0.8168,0.8335,0.8503,0.8672,0.8832,0.9001,0.9164,0.933,0.9498,0.9665,0.9833,0.9998,1.0165,1.0331,1.0501,1.067,1.0841,1.1,1.1166,1.1332,1.15,1.1667,1.1835,1.2,1.2164,1.2334,1.2499,1.2666,1.2835,1.2999,1.3165,1.3334,1.3505,1.367,1.3836,1.4002,1.417,1.4337,1.4502,1.4669,1.4834,1.5001,1.5174,1.5337,1.5505,1.5669,1.5834,1.6007,1.6171]","[1,1,1,1,1,1,1,1,1,1,1,1,1,1,1,1,1,1,1,1,1,1,1,1,1,1,1,1,1,1,1,1,1,1,1,1,1,1,1,1,1,1,2,2,2,2,2,2,2,2,2,2,2,2,2,2,2,2,2,2,2,2,2,2,2,2,2,2,2,2,2,2,2,2,2,2,2,2,2,2,2,2,2,2,2,2,2,2,2,2,2,2,2,2,2,2,2,2]",13,171.9978,4,56,0,56,0,1,229579,4,SV_73ADPjbMtd0KUBg,304,2022-03-02_15h06.07.165,implicit_time,2021.1.4,Linux x86_64,59.95563283
cursorjump,325,0,0,10,NA,0,NA,0,0,0.5,FALSE,baseline,0,"[-0.010417,-0.010417,-0.010417,-0.010417,-0.008333,-0.008333,-0.00625,-0.00625,-0.00625,-0.00625,-0.00625,-0.00625,-0.00625,-0.00625,-0.00625,-0.00625,-0.00625,-0.00625,-0.00625,-0.00625,-0.002083,0.0125,0.022917,0.052083,0.09375,0.11875,0.172917,0.229167,0.25625,0.30625,0.35,0.370833,0.40625,0.439583,0.454167,0.485417,0.516667,0.533333,0.566667,0.59375,0.604167,0.627083,0.654167,0.666667,0.695833,0.725,0.739583,0.770833,0.804167,0.825,0.86875,0.891667,0.916667,0.920833,0.920833,0.920833,0.920833,0.920833,0.920833,0.914583,0.8875,0.8625,0.795833,0.758333,0.685417,0.61875,0.552083,0.522917,0.48125,0.46875,0.447917,0.425,0.39375,0.377083,0.347917,0.335417,0.30625,0.277083,0.247917,0.233333,0.210417,0.202083,0.1875,0.179167,0.172917,0.170833,0.164583,0.160417,0.15625,0.15,0.14375,0.139583,0.13125,0.125,0.1125,0.095833,0.072917,0.0625,0.04375,0.039583,0.03125,0.027083]","[0.001333,0.001333,0.001333,0.001333,0.001333,0.001333,0.001333,0.001333,0.001333,0.001333,0.001333,0.001333,0.001333,0.001333,0.001333,0.001333,0.001333,0.001333,0.001333,-0.001778,-0.001778,-0.004889,-0.008,-0.017333,-0.039111,-0.051556,-0.092,-0.138667,-0.166667,-0.216444,-0.266222,-0.291111,-0.337778,-0.378222,-0.396889,-0.428,-0.452889,-0.465333,-0.484,-0.499556,-0.508889,-0.524444,-0.54,-0.549333,-0.561778,-0.568,-0.571111,-0.580444,-0.592889,-0.602222,-0.624,-0.636444,-0.652,-0.655111,-0.655111,-0.655111,-0.655111,-0.655111,-0.655111,-0.645778,-0.620889,-0.602222,-0.552444,-0.524444,-0.471556,-0.418667,-0.359556,-0.331556,-0.291111,-0.275556,-0.26,-0.241333,-0.213333,-0.194667,-0.166667,-0.154222,-0.132444,-0.107556,-0.079556,-0.064,-0.045333,-0.039111,-0.032889,-0.026667,-0.020444,-0.014222,-0.004889,-0.001778,0.004444,0.010667,0.016889,0.02,0.023111,0.023111,0.023111,0.023111,0.023111,0.026222,0.029333,0.029333,0.029333,0.026222]","[0.0008,0.0163,0.0331,0.0501,0.0666,0.0831,0.0998,0.1165,0.1333,0.1496,0.166,0.1836,0.1998,0.2159,0.2334,0.2499,0.2664,0.2832,0.2998,0.3163,0.3337,0.3503,0.3669,0.3834,0.3999,0.4165,0.4332,0.45,0.4668,0.4838,0.5009,0.5169,0.5334,0.5502,0.5673,0.5835,0.6004,0.6168,0.6333,0.6499,0.6665,0.6835,0.6999,0.7167,0.7334,0.7502,0.7667,0.7836,0.8001,0.8169,0.8337,0.8504,0.867,0.8834,0.9,0.9169,0.9336,0.9501,0.9667,0.9834,1.0014,1.017,1.0337,1.0504,1.0669,1.0836,1.1009,1.1173,1.1339,1.1508,1.1669,1.1836,1.2005,1.2174,1.2343,1.251,1.2668,1.2836,1.3004,1.3171,1.3338,1.3503,1.3671,1.3841,1.4005,1.417,1.434,1.4504,1.468,1.4841,1.5006,1.5172,1.5337,1.5507,1.5672,1.5842,1.6007,1.6172,1.6342,1.6509,1.6677,1.6842]","[1,1,1,1,1,1,1,1,1,1,1,1,1,1,1,1,1,1,1,1,1,1,1,1,1,1,1,1,1,1,1,1,1,1,1,1,1,1,1,1,1,1,1,1,1,1,1,2,2,2,2,2,2,2,2,2,2,2,2,2,2,2,2,2,2,2,2,2,2,2,2,2,2,2,2,2,2,2,2,2,2,2,2,2,2,2,2,2,2,2,2,2,2,2,2,2,2,2,2,2,2,2]",13,174.1994,4,57,0,57,0,1,229579,4,SV_73ADPjbMtd0KUBg,304,2022-03-02_15h06.07.165,implicit_time,2021.1.4,Linux x86_64,59.95563283
cursorjump,225,0,0.5,10,NA,0,NA,0,1,0.5,FALSE,baseline,1,"[-0.010417,-0.010417,-0.010417,-0.010417,-0.010417,-0.008333,-0.008333,-0.00625,-0.00625,-0.00625,-0.004167,-0.004167,-0.004167,-0.002083,-0.002083,-0.002083,-0.002083,-0.002083,-0.002083,-0.002083,-0.002083,-0.00625,-0.010417,-0.025,-0.033333,-0.052083,-0.075,-0.0875,-0.114583,-0.15,-0.170833,-0.2125,-0.258333,-0.283333,-0.329167,-0.372917,-0.39375,-0.433333,-0.470833,-0.508333,-0.527083,-0.558333,-0.56875,-0.589583,-0.608333,-0.627083,-0.6375,-0.65,-0.65625,-0.658333,-0.660417,-0.6625,-0.664583,-0.66875,-0.670833,-0.679167,-0.689583,-0.695833,-0.704167,-0.708333,-0.708333,-0.70625,-0.697917,-0.69375,-0.679167,-0.6625,-0.654167,-0.63125,-0.61875,-0.589583,-0.552083,-0.514583,-0.497917,-0.46875,-0.454167,-0.422917,-0.3875,-0.352083,-0.335417,-0.30625,-0.295833,-0.277083,-0.266667,-0.252083,-0.24375,-0.225,-0.202083,-0.189583,-0.164583,-0.135417,-0.11875,-0.0875,-0.058333,-0.047917,-0.03125]","[-0.001778,-0.001778,-0.001778,-0.001778,-0.001778,-0.001778,-0.001778,-0.001778,-0.001778,-0.001778,0.001333,0.001333,0.001333,0.001333,0.001333,0.004444,0.004444,0.004444,0.004444,0.004444,0.001333,-0.001778,-0.008,-0.026667,-0.039111,-0.070222,-0.104444,-0.123111,-0.163556,-0.204,-0.225778,-0.269333,-0.309778,-0.328444,-0.368889,-0.406222,-0.428,-0.471556,-0.518222,-0.561778,-0.580444,-0.614667,-0.627111,-0.648889,-0.670667,-0.689333,-0.695556,-0.704889,-0.708,-0.711111,-0.714222,-0.717333,-0.717333,-0.720444,-0.723556,-0.729778,-0.736,-0.739111,-0.742222,-0.742222,-0.742222,-0.739111,-0.729778,-0.726667,-0.714222,-0.695556,-0.683111,-0.658222,-0.642667,-0.605333,-0.561778,-0.521333,-0.505778,-0.471556,-0.456,-0.418667,-0.378222,-0.337778,-0.322222,-0.297333,-0.284889,-0.269333,-0.247556,-0.222667,-0.207111,-0.182222,-0.157333,-0.144889,-0.116889,-0.082667,-0.064,-0.032889,-0.008,0.001333,0.016889]","[0.0006,0.0167,0.0333,0.0501,0.0668,0.0834,0.1,0.1166,0.1333,0.1502,0.1668,0.1835,0.2001,0.2167,0.2333,0.2499,0.2662,0.2837,0.3001,0.3169,0.3337,0.3505,0.3669,0.3836,0.4001,0.4169,0.4334,0.45,0.4673,0.4838,0.5003,0.517,0.5336,0.5503,0.5669,0.5834,0.6002,0.6175,0.6341,0.6509,0.6675,0.6841,0.7006,0.7173,0.7339,0.7506,0.7672,0.7838,0.8005,0.8171,0.8338,0.8504,0.8671,0.8838,0.9006,0.9175,0.9342,0.951,0.9675,0.9843,1.0009,1.0177,1.0344,1.051,1.0676,1.0842,1.1009,1.1176,1.1342,1.1509,1.1674,1.1844,1.2011,1.2174,1.234,1.2506,1.2675,1.284,1.3018,1.3174,1.3341,1.3507,1.3674,1.384,1.4018,1.4176,1.4344,1.4509,1.4674,1.4851,1.5007,1.5183,1.5348,1.5515,1.5679]","[1,1,1,1,1,1,1,1,1,1,1,1,1,1,1,1,1,1,1,1,1,1,1,1,1,1,1,1,1,1,1,1,1,1,1,1,1,1,1,1,1,1,1,1,1,1,1,2,2,2,2,2,2,2,2,2,2,2,2,2,2,2,2,2,2,2,2,2,2,2,2,2,2,2,2,2,2,2,2,2,2,2,2,2,2,2,2,2,2,2,2,2,2,2,2]",14,176.2844,4,58,0,58,0,1,229579,4,SV_73ADPjbMtd0KUBg,304,2022-03-02_15h06.07.165,implicit_time,2021.1.4,Linux x86_64,59.95563283
cursorjump,215,0,0,10,NA,0,NA,0,0,0.5,FALSE,baseline,0,"[-0.01875,-0.01875,-0.016667,-0.016667,-0.014583,-0.0125,-0.0125,-0.010417,-0.008333,-0.00625,-0.002083,-0.002083,0.002083,0.002083,0.004167,0.00625,0.00625,0.00625,0.00625,0.00625,0.004167,-0.002083,-0.014583,-0.025,-0.047917,-0.0625,-0.097917,-0.141667,-0.191667,-0.21875,-0.275,-0.304167,-0.360417,-0.414583,-0.46875,-0.49375,-0.5375,-0.558333,-0.59375,-0.622917,-0.647917,-0.660417,-0.677083,-0.683333,-0.691667,-0.7,-0.710417,-0.716667,-0.73125,-0.7375,-0.754167,-0.777083,-0.802083,-0.816667,-0.845833,-0.860417,-0.883333,-0.897917,-0.904167,-0.904167,-0.904167,-0.904167,-0.902083,-0.89375,-0.8875,-0.86875,-0.841667,-0.825,-0.785417,-0.739583,-0.714583,-0.658333,-0.6,-0.570833,-0.516667,-0.46875,-0.447917,-0.40625,-0.366667,-0.35,-0.31875,-0.29375,-0.283333,-0.260417,-0.235417,-0.222917,-0.202083,-0.1875,-0.18125,-0.166667,-0.154167,-0.139583,-0.13125,-0.11875,-0.1125,-0.102083,-0.095833,-0.091667,-0.089583,-0.0875,-0.085417,-0.08125,-0.072917,-0.066667,-0.054167,-0.039583]","[-0.004889,-0.004889,-0.004889,-0.001778,-0.001778,-0.001778,0.001333,0.001333,0.001333,0.001333,0.001333,0.001333,0.001333,0.001333,0.004444,0.004444,0.004444,0.004444,0.004444,0.004444,0.001333,-0.004889,-0.020444,-0.029778,-0.051556,-0.067111,-0.098222,-0.135556,-0.176,-0.197778,-0.244444,-0.266222,-0.309778,-0.353333,-0.390667,-0.409333,-0.434222,-0.443556,-0.459111,-0.468444,-0.480889,-0.484,-0.490222,-0.490222,-0.490222,-0.490222,-0.493333,-0.496444,-0.502667,-0.508889,-0.524444,-0.552444,-0.580444,-0.596,-0.624,-0.636444,-0.661333,-0.68,-0.689333,-0.689333,-0.689333,-0.689333,-0.686222,-0.676889,-0.667556,-0.642667,-0.614667,-0.599111,-0.568,-0.530667,-0.508889,-0.456,-0.406222,-0.381333,-0.344,-0.306667,-0.291111,-0.26,-0.225778,-0.210222,-0.182222,-0.160444,-0.151111,-0.126222,-0.101333,-0.092,-0.073333,-0.060889,-0.054667,-0.042222,-0.029778,-0.020444,-0.017333,-0.014222,-0.014222,-0.011111,-0.008,-0.004889,-0.001778,-0.001778,0.001333,0.001333,0.004444,0.004444,0.004444,0.001333]","[0.0007,0.0166,0.0333,0.0496,0.0661,0.0829,0.0994,0.1159,0.1333,0.1498,0.1664,0.1828,0.1994,0.2163,0.2329,0.2495,0.266,0.2835,0.3002,0.3166,0.3333,0.3499,0.3665,0.3833,0.4,0.4167,0.4337,0.4497,0.4664,0.4831,0.4998,0.5164,0.5333,0.5497,0.5662,0.5834,0.6,0.6164,0.6333,0.6499,0.6665,0.6833,0.7001,0.7165,0.7333,0.7499,0.7667,0.7833,0.8,0.8167,0.8332,0.85,0.8665,0.8834,0.9002,0.917,0.9336,0.9501,0.9669,0.9834,1,1.0165,1.0334,1.0499,1.0668,1.0835,1.1003,1.1171,1.1336,1.1503,1.167,1.1837,1.2003,1.2168,1.2337,1.2501,1.2668,1.2836,1.3004,1.3172,1.3339,1.3505,1.3672,1.3839,1.4,1.4169,1.4333,1.4501,1.4677,1.4844,1.5,1.5175,1.534,1.5501,1.5678,1.5835,1.601,1.6175,1.6342,1.6507,1.6675,1.6838,1.7,1.7166,1.7343,1.7509]","[1,1,1,1,1,1,1,1,1,1,1,1,1,1,1,1,1,1,1,1,1,1,1,1,1,1,1,1,1,1,1,1,1,1,1,1,1,1,1,1,1,1,1,1,1,1,1,1,1,1,1,1,2,2,2,2,2,2,2,2,2,2,2,2,2,2,2,2,2,2,2,2,2,2,2,2,2,2,2,2,2,2,2,2,2,2,2,2,2,2,2,2,2,2,2,2,2,2,2,2,2,2,2,2,2,2]",14,178.7363,4,59,0,59,0,1,229579,4,SV_73ADPjbMtd0KUBg,304,2022-03-02_15h06.07.165,implicit_time,2021.1.4,Linux x86_64,59.95563283
cursorjump,45,0,0.5,10,NA,0,NA,0,1,0.5,FALSE,baseline,1,"[0.0125,0.0125,0.0125,0.0125,0.0125,0.0125,0.0125,0.0125,0.0125,0.0125,0.0125,0.0125,0.0125,0.0125,0.0125,0.0125,0.0125,0.010417,0.010417,0.008333,0.008333,0.008333,0.008333,0.008333,0.008333,0.014583,0.020833,0.04375,0.075,0.108333,0.127083,0.164583,0.1875,0.235417,0.285417,0.333333,0.354167,0.397917,0.4375,0.45625,0.495833,0.529167,0.54375,0.564583,0.579167,0.5875,0.608333,0.63125,0.641667,0.654167,0.660417,0.660417,0.660417,0.658333,0.658333,0.660417,0.6625,0.664583,0.66875,0.675,0.679167,0.689583,0.69375,0.695833,0.695833,0.695833,0.69375,0.69375,0.695833,0.695833,0.695833,0.695833,0.695833,0.695833,0.695833,0.695833,0.697917,0.697917,0.697917,0.697917,0.697917,0.695833,0.683333,0.670833,0.6375,0.59375,0.547917,0.525,0.477083,0.452083,0.395833,0.341667,0.295833,0.275,0.235417,0.216667,0.183333,0.15625,0.133333,0.125,0.108333,0.1,0.0875,0.079167,0.072917,0.070833,0.064583,0.060417,0.05,0.039583,0.025,0.014583]","[0.013778,0.013778,0.013778,0.013778,0.013778,0.013778,0.013778,0.013778,0.013778,0.013778,0.013778,0.013778,0.013778,0.013778,0.013778,0.013778,0.013778,0.010667,0.010667,0.010667,0.010667,0.007556,0.007556,0.010667,0.010667,0.02,0.029333,0.057333,0.088444,0.122667,0.138222,0.169333,0.188,0.228444,0.272,0.315556,0.334222,0.368444,0.399556,0.415111,0.443111,0.468,0.477333,0.489778,0.502222,0.505333,0.524,0.542667,0.555111,0.570667,0.583111,0.583111,0.589333,0.592444,0.598667,0.604889,0.614222,0.617333,0.623556,0.636,0.642222,0.651556,0.657778,0.660889,0.660889,0.660889,0.660889,0.660889,0.660889,0.660889,0.660889,0.664,0.664,0.664,0.667111,0.667111,0.670222,0.670222,0.670222,0.670222,0.667111,0.660889,0.642222,0.629778,0.598667,0.561333,0.514667,0.492889,0.449333,0.427556,0.377778,0.328,0.278222,0.256444,0.216,0.197333,0.169333,0.150667,0.141333,0.135111,0.125778,0.122667,0.113333,0.110222,0.107111,0.104,0.091556,0.085333,0.069778,0.057333,0.038667,0.029333]","[0.0006,0.0163,0.0328,0.0489,0.0656,0.0822,0.0996,0.1159,0.1322,0.1488,0.1655,0.1826,0.1989,0.2157,0.2324,0.2491,0.2658,0.2824,0.2993,0.3158,0.3325,0.3492,0.366,0.3823,0.3991,0.4159,0.4326,0.4493,0.4663,0.4828,0.4997,0.5161,0.5326,0.5493,0.5661,0.5828,0.599,0.6161,0.6331,0.6492,0.6661,0.6831,0.6993,0.7161,0.733,0.7499,0.7662,0.7828,0.7996,0.8165,0.8334,0.8499,0.866,0.883,0.8998,0.9168,0.933,0.9499,0.9663,0.9832,1.0002,1.0161,1.0333,1.0494,1.0663,1.0833,1.0998,1.1168,1.1329,1.15,1.1662,1.1831,1.2002,1.2164,1.2336,1.2496,1.2666,1.2835,1.3003,1.3162,1.3333,1.3502,1.367,1.3829,1.4,1.4169,1.4339,1.4498,1.4667,1.4836,1.5004,1.5166,1.5335,1.5506,1.5666,1.5834,1.6004,1.6173,1.6332,1.6502,1.667,1.6839,1.7008,1.7168,1.7338,1.7505,1.7668,1.7839,1.8003,1.8173,1.8333,1.8503]","[1,1,1,1,1,1,1,1,1,1,1,1,1,1,1,1,1,1,1,1,1,1,1,1,1,1,1,1,1,1,1,1,1,1,1,1,1,1,1,1,1,1,1,1,1,1,1,1,1,1,1,1,1,1,1,1,1,1,1,1,1,1,1,2,2,2,2,2,2,2,2,2,2,2,2,2,2,2,2,2,2,2,2,2,2,2,2,2,2,2,2,2,2,2,2,2,2,2,2,2,2,2,2,2,2,2,2,2,2,2,2,2]",15,181.1037,4,60,0,60,0,1,229579,4,SV_73ADPjbMtd0KUBg,304,2022-03-02_15h06.07.165,implicit_time,2021.1.4,Linux x86_64,59.95563283
cursorjump,35,0,0,10,NA,0,NA,0,0,0.5,FALSE,baseline,0,"[0.0125,0.010417,0.008333,0.00625,0.00625,0.00625,0.00625,0.00625,0.00625,0.00625,0.004167,0.004167,0.002083,0,-0.002083,-0.004167,-0.00625,-0.00625,-0.00625,-0.00625,-0.002083,0.008333,0.016667,0.041667,0.075,0.095833,0.141667,0.19375,0.220833,0.277083,0.329167,0.375,0.395833,0.439583,0.460417,0.5,0.53125,0.541667,0.560417,0.577083,0.583333,0.597917,0.614583,0.622917,0.639583,0.664583,0.683333,0.725,0.770833,0.810417,0.829167,0.8625,0.875,0.889583,0.8875,0.8875,0.8875,0.8875,0.8875,0.879167,0.866667,0.825,0.78125,0.74375,0.725,0.68125,0.652083,0.583333,0.510417,0.447917,0.420833,0.377083,0.35625,0.31875,0.283333,0.254167,0.24375,0.222917,0.214583,0.19375,0.170833,0.147917,0.1375,0.11875,0.110417,0.095833,0.083333,0.072917,0.06875,0.064583,0.064583,0.0625,0.064583,0.064583,0.064583,0.060417,0.05625,0.047917,0.0375,0.027083]","[0.001333,0.001333,-0.001778,-0.004889,-0.004889,-0.004889,-0.004889,-0.004889,-0.004889,-0.004889,-0.004889,-0.004889,-0.004889,-0.004889,-0.004889,-0.004889,-0.004889,-0.004889,-0.004889,-0.004889,-0.001778,0.007556,0.016889,0.041778,0.069778,0.085333,0.122667,0.163111,0.184889,0.228444,0.265778,0.296889,0.312444,0.340444,0.352889,0.374667,0.387111,0.393333,0.399556,0.408889,0.412,0.418222,0.427556,0.433778,0.443111,0.461778,0.474222,0.502222,0.533333,0.561333,0.573778,0.595556,0.604889,0.611111,0.611111,0.611111,0.611111,0.611111,0.611111,0.604889,0.601778,0.583111,0.558222,0.533333,0.520889,0.486667,0.464889,0.415111,0.362222,0.315556,0.296889,0.268889,0.256444,0.234667,0.212889,0.191111,0.184889,0.169333,0.163111,0.150667,0.132,0.113333,0.104,0.088444,0.082222,0.072889,0.060444,0.054222,0.054222,0.051111,0.051111,0.051111,0.051111,0.048,0.048,0.041778,0.038667,0.032444,0.026222,0.02]","[0.0005,0.0158,0.033,0.0492,0.0661,0.0829,0.0991,0.1161,0.1323,0.1492,0.1662,0.183,0.1999,0.216,0.2332,0.2493,0.2661,0.2823,0.2992,0.3161,0.3332,0.3492,0.3662,0.3831,0.3996,0.4158,0.433,0.4496,0.4661,0.4832,0.4997,0.5167,0.5327,0.5499,0.566,0.583,0.6,0.6163,0.6334,0.6495,0.6666,0.6833,0.6993,0.7164,0.7333,0.7498,0.7667,0.7827,0.7998,0.8169,0.8328,0.8499,0.8663,0.8832,0.9001,0.9162,0.9333,0.9504,0.9666,0.9836,1.0002,1.0164,1.0334,1.0498,1.0666,1.0836,1.1,1.1171,1.133,1.1502,1.1665,1.1834,1.2003,1.2167,1.2336,1.2506,1.2666,1.2836,1.3005,1.3176,1.3337,1.3499,1.367,1.384,1.4,1.4172,1.4332,1.4504,1.4673,1.4835,1.5005,1.5174,1.5336,1.55,1.567,1.584,1.6002,1.6173,1.6344,1.6503]","[1,1,1,1,1,1,1,1,1,1,1,1,1,1,1,1,1,1,1,1,1,1,1,1,1,1,1,1,1,1,1,1,1,1,1,1,1,1,1,1,1,1,1,1,1,1,1,1,1,2,2,2,2,2,2,2,2,2,2,2,2,2,2,2,2,2,2,2,2,2,2,2,2,2,2,2,2,2,2,2,2,2,2,2,2,2,2,2,2,2,2,2,2,2,2,2,2,2,2,2]",15,183.272,4,61,0,61,0,1,229579,4,SV_73ADPjbMtd0KUBg,304,2022-03-02_15h06.07.165,implicit_time,2021.1.4,Linux x86_64,59.95563283
cursorjump,135,0,0.5,10,NA,0,NA,0,1,0.5,FALSE,baseline,1,"[0.002083,0.002083,0.004167,0.004167,0.00625,0.00625,0.008333,0.008333,0.008333,0.008333,0.008333,0.008333,0.008333,0.008333,0.008333,0.008333,0.008333,0.008333,0.008333,0.002083,-0.00625,-0.014583,-0.0375,-0.052083,-0.09375,-0.135417,-0.172917,-0.1875,-0.21875,-0.235417,-0.26875,-0.3,-0.325,-0.339583,-0.36875,-0.3875,-0.422917,-0.458333,-0.49375,-0.510417,-0.54375,-0.560417,-0.589583,-0.610417,-0.622917,-0.625,-0.629167,-0.63125,-0.633333,-0.633333,-0.633333,-0.633333,-0.63125,-0.629167,-0.63125,-0.635417,-0.639583,-0.641667,-0.647917,-0.652083,-0.6625,-0.670833,-0.68125,-0.685417,-0.695833,-0.702083,-0.7125,-0.71875,-0.720833,-0.722917,-0.720833,-0.720833,-0.714583,-0.704167,-0.697917,-0.685417,-0.672917,-0.666667,-0.652083,-0.627083,-0.610417,-0.56875,-0.527083,-0.50625,-0.46875,-0.427083,-0.40625,-0.366667,-0.329167,-0.310417,-0.277083,-0.24375,-0.227083,-0.197917,-0.177083,-0.170833,-0.158333,-0.147917,-0.139583,-0.127083,-0.114583,-0.110417,-0.09375,-0.06875,-0.05625,-0.029167]","[0.004444,0.004444,0.004444,0.007556,0.007556,0.007556,0.007556,0.007556,0.007556,0.007556,0.007556,0.007556,0.007556,0.007556,0.007556,0.007556,0.007556,0.007556,0.007556,0.007556,0.007556,0.010667,0.023111,0.029333,0.051111,0.076,0.104,0.116444,0.144444,0.156889,0.184889,0.222222,0.256444,0.272,0.3,0.312444,0.334222,0.359111,0.384,0.399556,0.430667,0.449333,0.480444,0.505333,0.524,0.530222,0.539556,0.542667,0.545778,0.548889,0.558222,0.564444,0.58,0.586222,0.601778,0.617333,0.636,0.642222,0.651556,0.654667,0.660889,0.667111,0.673333,0.676444,0.685778,0.692,0.698222,0.701333,0.704444,0.704444,0.701333,0.701333,0.695111,0.682667,0.676444,0.664,0.651556,0.642222,0.623556,0.598667,0.586222,0.552,0.511556,0.492889,0.455556,0.418222,0.399556,0.362222,0.324889,0.306222,0.275111,0.250222,0.234667,0.206667,0.175556,0.163111,0.141333,0.119556,0.110222,0.091556,0.082222,0.076,0.063556,0.048,0.038667,0.02]","[0.0004,0.0158,0.0329,0.0501,0.0662,0.0831,0.1002,0.1163,0.1335,0.1495,0.1664,0.1834,0.1996,0.2167,0.2328,0.2499,0.2661,0.2832,0.2994,0.3163,0.3333,0.3504,0.3665,0.3833,0.4003,0.4161,0.4331,0.4502,0.4661,0.483,0.5,0.517,0.5332,0.5502,0.5664,0.5832,0.6002,0.6172,0.6331,0.6501,0.6662,0.6832,0.7003,0.7169,0.7331,0.7502,0.7672,0.7833,0.7998,0.8168,0.8337,0.85,0.8669,0.8839,0.9001,0.9174,0.9334,0.9503,0.9673,0.9832,1.0003,1.0171,1.0343,1.0502,1.0672,1.0839,1.1,1.1172,1.1341,1.1501,1.167,1.184,1.201,1.2172,1.2342,1.2505,1.2675,1.2835,1.3002,1.3173,1.3344,1.3505,1.3675,1.3837,1.4008,1.417,1.4342,1.4503,1.4674,1.4844,1.5005,1.5177,1.5337,1.5507,1.5678,1.5841,1.6012,1.6174,1.6346,1.6508,1.6676,1.6845,1.7005,1.7177,1.734,1.7513]","[1,1,1,1,1,1,1,1,1,1,1,1,1,1,1,1,1,1,1,1,1,1,1,1,1,1,1,1,1,1,1,1,1,1,1,1,1,1,1,1,1,1,1,1,1,1,1,1,1,1,1,1,1,1,1,1,1,1,1,1,1,1,1,2,2,2,2,2,2,2,2,2,2,2,2,2,2,2,2,2,2,2,2,2,2,2,2,2,2,2,2,2,2,2,2,2,2,2,2,2,2,2,2,2,2,2]",16,185.541,4,62,0,62,0,1,229579,4,SV_73ADPjbMtd0KUBg,304,2022-03-02_15h06.07.165,implicit_time,2021.1.4,Linux x86_64,59.95563283
cursorjump,145,0,0,10,NA,0,NA,0,0,0.5,FALSE,baseline,0,"[-0.002083,-0.002083,-0.002083,-0.002083,0,0.002083,0.00625,0.008333,0.010417,0.0125,0.0125,0.0125,0.0125,0.0125,0.0125,0.0125,0.0125,0.0125,0.0125,0.0125,0.010417,0.010417,0.002083,-0.0125,-0.039583,-0.058333,-0.110417,-0.139583,-0.197917,-0.25,-0.295833,-0.316667,-0.35625,-0.375,-0.40625,-0.435417,-0.4625,-0.475,-0.5,-0.5125,-0.535417,-0.554167,-0.56875,-0.577083,-0.595833,-0.616667,-0.627083,-0.647917,-0.6625,-0.670833,-0.68125,-0.685417,-0.695833,-0.7125,-0.733333,-0.74375,-0.764583,-0.775,-0.795833,-0.814583,-0.83125,-0.839583,-0.85,-0.854167,-0.858333,-0.860417,-0.860417,-0.860417,-0.854167,-0.85,-0.829167,-0.797917,-0.779167,-0.7375,-0.691667,-0.645833,-0.622917,-0.58125,-0.560417,-0.520833,-0.479167,-0.439583,-0.420833,-0.389583,-0.377083,-0.35,-0.322917,-0.295833,-0.28125,-0.25625,-0.24375,-0.227083,-0.2125,-0.195833,-0.185417,-0.164583,-0.158333,-0.147917,-0.14375,-0.135417,-0.13125,-0.122917,-0.11875,-0.114583,-0.110417,-0.104167,-0.097917,-0.083333,-0.077083,-0.066667,-0.058333,-0.047917,-0.041667,-0.029167]","[-0.011111,-0.011111,-0.011111,-0.011111,-0.011111,-0.011111,-0.011111,-0.014222,-0.014222,-0.014222,-0.014222,-0.014222,-0.014222,-0.014222,-0.014222,-0.014222,-0.014222,-0.014222,-0.014222,-0.014222,-0.014222,-0.014222,-0.008,0.001333,0.023111,0.035556,0.066667,0.082222,0.116444,0.144444,0.172444,0.181778,0.203556,0.212889,0.231556,0.250222,0.268889,0.275111,0.290667,0.3,0.315556,0.331111,0.349778,0.359111,0.377778,0.396444,0.408889,0.427556,0.449333,0.461778,0.483556,0.492889,0.511556,0.533333,0.555111,0.567556,0.592444,0.601778,0.623556,0.639111,0.648444,0.651556,0.654667,0.654667,0.651556,0.651556,0.648444,0.645333,0.642222,0.636,0.626667,0.608,0.595556,0.564444,0.524,0.480444,0.461778,0.415111,0.396444,0.359111,0.328,0.3,0.287556,0.262667,0.253333,0.231556,0.209778,0.188,0.175556,0.150667,0.141333,0.116444,0.094667,0.076,0.066667,0.048,0.041778,0.032444,0.026222,0.023111,0.023111,0.016889,0.016889,0.013778,0.013778,0.013778,0.010667,0.007556,0.007556,0.004444,0.001333,0.001333,-0.001778,-0.004889]","[0.0003,0.0168,0.0339,0.0508,0.067,0.0841,0.1001,0.117,0.1339,0.1508,0.167,0.1842,0.2002,0.217,0.2343,0.2502,0.2675,0.2836,0.3007,0.3177,0.3336,0.3505,0.3673,0.3845,0.4007,0.4173,0.4342,0.4505,0.4675,0.4838,0.5007,0.5176,0.5341,0.5507,0.5679,0.5841,0.6011,0.6174,0.6343,0.6508,0.6679,0.684,0.7009,0.7176,0.7342,0.7514,0.7676,0.7847,0.8008,0.8175,0.8341,0.8511,0.8677,0.8842,0.9013,0.9175,0.934,0.951,0.9682,0.9844,1.0013,1.0176,1.0346,1.051,1.0681,1.0845,1.1009,1.1179,1.1348,1.1508,1.1682,1.1844,1.2016,1.2202,1.2344,1.2515,1.2679,1.2857,1.3012,1.3182,1.3345,1.3517,1.3679,1.3848,1.4013,1.4181,1.4351,1.4515,1.4686,1.4848,1.5017,1.5188,1.5349,1.5512,1.5683,1.5853,1.6012,1.6183,1.6354,1.6515,1.6686,1.6844,1.7014,1.7179,1.735,1.7521,1.7681,1.7851,1.8022,1.8183,1.8353,1.8514,1.8686,1.8849]","[1,1,1,1,1,1,1,1,1,1,1,1,1,1,1,1,1,1,1,1,1,1,1,1,1,1,1,1,1,1,1,1,1,1,1,1,1,1,1,1,1,1,1,1,1,1,1,1,1,1,1,1,1,1,1,1,2,2,2,2,2,2,2,2,2,2,2,2,2,2,2,2,2,2,2,2,2,2,2,2,2,2,2,2,2,2,2,2,2,2,2,2,2,2,2,2,2,2,2,2,2,2,2,2,2,2,2,2,2,2,2,2,2,2]",16,188.0923,4,63,0,63,0,1,229579,4,SV_73ADPjbMtd0KUBg,304,2022-03-02_15h06.07.165,implicit_time,2021.1.4,Linux x86_64,59.95563283
cursorjump,225,0,0.5,10,NA,0,NA,0,1,0.5,FALSE,baseline,1,"[0,0.002083,0.002083,0.00625,0.010417,0.010417,0.0125,0.0125,0.0125,0.0125,0.0125,0.0125,0.0125,0.0125,0.0125,0.014583,0.014583,0.014583,0.014583,0.014583,0.014583,0.0125,0.0125,0.010417,0.004167,-0.00625,-0.014583,-0.0375,-0.052083,-0.083333,-0.116667,-0.152083,-0.170833,-0.20625,-0.225,-0.258333,-0.289583,-0.31875,-0.333333,-0.358333,-0.370833,-0.391667,-0.40625,-0.41875,-0.425,-0.435417,-0.441667,-0.454167,-0.46875,-0.483333,-0.491667,-0.50625,-0.516667,-0.54375,-0.575,-0.6,-0.608333,-0.616667,-0.61875,-0.61875,-0.620833,-0.625,-0.625,-0.63125,-0.633333,-0.645833,-0.6625,-0.68125,-0.689583,-0.702083,-0.70625,-0.710417,-0.710417,-0.708333,-0.70625,-0.702083,-0.7,-0.69375,-0.685417,-0.672917,-0.6625,-0.6375,-0.622917,-0.589583,-0.55625,-0.522917,-0.504167,-0.464583,-0.44375,-0.404167,-0.364583,-0.329167,-0.310417,-0.275,-0.258333,-0.23125,-0.210417,-0.202083,-0.183333,-0.166667,-0.160417,-0.152083,-0.147917,-0.145833,-0.139583,-0.135417,-0.133333,-0.13125,-0.13125,-0.13125,-0.127083,-0.11875,-0.116667,-0.110417,-0.10625,-0.104167,-0.095833,-0.08125,-0.072917,-0.058333,-0.047917,-0.045833,-0.041667,-0.0375]","[0.004444,0.004444,0.007556,0.010667,0.013778,0.013778,0.016889,0.016889,0.016889,0.016889,0.016889,0.016889,0.013778,0.013778,0.013778,0.013778,0.013778,0.013778,0.013778,0.010667,0.010667,0.010667,0.007556,0.004444,-0.008,-0.029778,-0.045333,-0.085778,-0.107556,-0.154222,-0.200889,-0.250667,-0.275556,-0.325333,-0.350222,-0.393778,-0.437333,-0.480889,-0.502667,-0.54,-0.555556,-0.580444,-0.596,-0.608444,-0.611556,-0.620889,-0.624,-0.636444,-0.655111,-0.673778,-0.683111,-0.708,-0.720444,-0.745333,-0.764,-0.776444,-0.776444,-0.779556,-0.779556,-0.776444,-0.770222,-0.764,-0.760889,-0.754667,-0.751556,-0.748444,-0.748444,-0.751556,-0.751556,-0.751556,-0.751556,-0.754667,-0.751556,-0.751556,-0.748444,-0.745333,-0.742222,-0.736,-0.729778,-0.714222,-0.701778,-0.670667,-0.652,-0.611556,-0.568,-0.518222,-0.490222,-0.437333,-0.415556,-0.372,-0.331556,-0.297333,-0.278667,-0.241333,-0.225778,-0.194667,-0.166667,-0.154222,-0.132444,-0.107556,-0.098222,-0.079556,-0.067111,-0.060889,-0.051556,-0.042222,-0.042222,-0.039111,-0.039111,-0.036,-0.032889,-0.029778,-0.026667,-0.026667,-0.023556,-0.023556,-0.017333,-0.014222,-0.011111,-0.008,-0.004889,-0.004889,-0.004889,-0.004889]","[0.0006,0.016,0.0326,0.0492,0.0659,0.0825,0.0992,0.1166,0.1332,0.1518,0.1667,0.1832,0.1999,0.2166,0.2331,0.2497,0.2663,0.2829,0.2996,0.3163,0.333,0.35,0.3666,0.3833,0.3999,0.4166,0.4331,0.4497,0.4663,0.4831,0.4997,0.5162,0.5328,0.5494,0.566,0.5827,0.5995,0.6164,0.6332,0.6499,0.6666,0.6834,0.7001,0.7171,0.7336,0.7501,0.7669,0.7835,0.8001,0.8167,0.8331,0.8497,0.8662,0.8829,0.9006,0.9171,0.9334,0.9499,0.9664,0.9832,1.0001,1.0171,1.0337,1.0503,1.0666,1.0832,1.1009,1.1173,1.1339,1.1505,1.1671,1.1832,1.1997,1.2176,1.2329,1.2508,1.2675,1.2833,1.2999,1.3177,1.3333,1.3496,1.3667,1.3832,1.4003,1.4167,1.4342,1.45,1.467,1.4836,1.5001,1.5169,1.5334,1.5502,1.5663,1.5841,1.6,1.6168,1.633,1.6509,1.6669,1.6832,1.7002,1.7168,1.7338,1.7501,1.7669,1.7833,1.8003,1.8165,1.8335,1.85,1.8668,1.8837,1.8999,1.9166,1.9336,1.9504,1.9671,1.9834,2.0005,2.0167,2.034,2.0502]","[1,1,1,1,1,1,1,1,1,1,1,1,1,1,1,1,1,1,1,1,1,1,1,1,1,1,1,1,1,1,1,1,1,1,1,1,1,1,1,1,1,1,1,1,1,1,1,1,1,1,1,1,1,1,1,2,2,2,2,2,2,2,2,2,2,2,2,2,2,2,2,2,2,2,2,2,2,2,2,2,2,2,2,2,2,2,2,2,2,2,2,2,2,2,2,2,2,2,2,2,2,2,2,2,2,2,2,2,2,2,2,2,2,2,2,2,2,2,2,2,2,2,2,2]",17,217.1305,4,64,0,64,0,1,229579,4,SV_73ADPjbMtd0KUBg,304,2022-03-02_15h06.07.165,implicit_time,2021.1.4,Linux x86_64,59.95563283
cursorjump,215,0,0,10,NA,0,NA,0,0,0.5,FALSE,baseline,0,"[0.002083,0.002083,0.002083,0.002083,0.002083,0.002083,0,0,0,-0.002083,-0.002083,-0.002083,-0.002083,-0.002083,-0.002083,-0.002083,-0.002083,-0.002083,-0.002083,-0.002083,-0.002083,-0.002083,-0.004167,-0.010417,-0.016667,-0.0375,-0.06875,-0.085417,-0.129167,-0.18125,-0.210417,-0.270833,-0.327083,-0.354167,-0.402083,-0.445833,-0.466667,-0.502083,-0.529167,-0.539583,-0.55,-0.554167,-0.554167,-0.55,-0.54375,-0.541667,-0.5375,-0.535417,-0.535417,-0.539583,-0.545833,-0.552083,-0.564583,-0.58125,-0.589583,-0.610417,-0.622917,-0.65,-0.679167,-0.704167,-0.716667,-0.735417,-0.739583,-0.74375,-0.747917,-0.75,-0.752083,-0.754167,-0.754167,-0.754167,-0.752083,-0.747917,-0.747917,-0.747917,-0.745833,-0.73125,-0.702083,-0.660417,-0.639583,-0.59375,-0.570833,-0.527083,-0.485417,-0.45,-0.435417,-0.408333,-0.395833,-0.36875,-0.341667,-0.316667,-0.304167,-0.285417,-0.275,-0.25625,-0.235417,-0.214583,-0.204167,-0.183333,-0.175,-0.1625,-0.154167,-0.147917,-0.14375,-0.135417,-0.13125,-0.127083,-0.127083,-0.127083,-0.127083,-0.127083,-0.125,-0.116667,-0.10625,-0.091667,-0.085417,-0.072917,-0.06875,-0.0625,-0.05625,-0.052083,-0.052083,-0.05,-0.05,-0.05,-0.047917,-0.045833,-0.041667,-0.0375]","[0.007556,0.007556,0.007556,0.007556,0.007556,0.007556,0.004444,0.004444,0.001333,0.001333,0.001333,0.001333,0.001333,0.001333,0.001333,0.001333,0.001333,0.001333,0.001333,0.001333,0.001333,0.001333,-0.004889,-0.011111,-0.017333,-0.032889,-0.060889,-0.079556,-0.129333,-0.191556,-0.225778,-0.297333,-0.356444,-0.381333,-0.424889,-0.465333,-0.484,-0.515111,-0.533778,-0.54,-0.543111,-0.543111,-0.54,-0.536889,-0.530667,-0.527556,-0.524444,-0.521333,-0.518222,-0.521333,-0.527556,-0.530667,-0.546222,-0.564889,-0.577333,-0.608444,-0.630222,-0.673778,-0.720444,-0.764,-0.785778,-0.816889,-0.826222,-0.826222,-0.82,-0.816889,-0.816889,-0.813778,-0.816889,-0.816889,-0.82,-0.823111,-0.826222,-0.823111,-0.82,-0.792,-0.748444,-0.698667,-0.673778,-0.624,-0.599111,-0.549333,-0.502667,-0.456,-0.437333,-0.403111,-0.387556,-0.353333,-0.319111,-0.288,-0.275556,-0.253778,-0.241333,-0.219556,-0.194667,-0.169778,-0.157333,-0.135556,-0.126222,-0.110667,-0.095111,-0.082667,-0.076444,-0.064,-0.060889,-0.057778,-0.057778,-0.057778,-0.057778,-0.057778,-0.054667,-0.048444,-0.039111,-0.029778,-0.026667,-0.023556,-0.020444,-0.020444,-0.020444,-0.017333,-0.017333,-0.017333,-0.017333,-0.014222,-0.011111,-0.008,-0.004889,-0.001778]","[0.0006,0.0158,0.0331,0.0498,0.0661,0.0829,0.0992,0.116,0.1325,0.1494,0.1661,0.1832,0.1995,0.2163,0.2324,0.2492,0.2659,0.2827,0.2991,0.3162,0.3331,0.3492,0.366,0.383,0.3997,0.417,0.4328,0.4498,0.4662,0.4834,0.4994,0.5165,0.5326,0.5498,0.5668,0.5831,0.6001,0.6163,0.6333,0.6496,0.6666,0.6829,0.6999,0.7164,0.7334,0.7495,0.7666,0.7832,0.7996,0.8165,0.8331,0.8498,0.8664,0.8831,0.9,0.9163,0.9335,0.9497,0.967,0.9832,0.9999,1.0167,1.0333,1.0502,1.0665,1.0835,1.1,1.1169,1.1334,1.15,1.1665,1.1839,1.2001,1.2173,1.2332,1.2504,1.2666,1.2836,1.3001,1.3171,1.3336,1.3502,1.3673,1.3838,1.4003,1.4175,1.4337,1.4509,1.4671,1.4836,1.5004,1.5174,1.5338,1.5511,1.5672,1.5844,1.6005,1.6172,1.6343,1.6503,1.6672,1.6842,1.7001,1.717,1.7339,1.7509,1.7673,1.7844,1.8006,1.8175,1.8345,1.8505,1.8677,1.8836,1.9005,1.9173,1.9342,1.9503,1.9672,1.9842,2.0011,2.0172,2.034,2.051,2.0679,2.0839,2.1009,2.1177]","[1,1,1,1,1,1,1,1,1,1,1,1,1,1,1,1,1,1,1,1,1,1,1,1,1,1,1,1,1,1,1,1,1,1,1,1,1,1,1,1,1,1,1,1,1,1,1,1,1,1,1,1,1,1,1,1,1,1,2,2,2,2,2,2,2,2,2,2,2,2,2,2,2,2,2,2,2,2,2,2,2,2,2,2,2,2,2,2,2,2,2,2,2,2,2,2,2,2,2,2,2,2,2,2,2,2,2,2,2,2,2,2,2,2,2,2,2,2,2,2,2,2,2,2,2,2,2,2]",17,220.1663,4,65,0,65,0,1,229579,4,SV_73ADPjbMtd0KUBg,304,2022-03-02_15h06.07.165,implicit_time,2021.1.4,Linux x86_64,59.95563283
cursorjump,45,0,0.5,10,NA,0,NA,0,1,0.5,FALSE,baseline,1,"[0.010417,0.010417,0.0125,0.0125,0.0125,0.0125,0.0125,0.0125,0.0125,0.0125,0.0125,0.0125,0.0125,0.0125,0.0125,0.0125,0.0125,0.0125,0.0125,0.0125,0.0125,0.0125,0.0125,0.016667,0.025,0.03125,0.05,0.064583,0.104167,0.152083,0.177083,0.23125,0.283333,0.310417,0.358333,0.404167,0.422917,0.45625,0.48125,0.489583,0.504167,0.508333,0.516667,0.520833,0.522917,0.525,0.529167,0.53125,0.5375,0.54375,0.552083,0.55625,0.56875,0.585417,0.597917,0.616667,0.635417,0.641667,0.652083,0.658333,0.666667,0.672917,0.679167,0.68125,0.683333,0.683333,0.683333,0.685417,0.6875,0.6875,0.689583,0.689583,0.689583,0.689583,0.689583,0.689583,0.689583,0.689583,0.689583,0.689583,0.6875,0.6875,0.683333,0.677083,0.670833,0.654167,0.63125,0.616667,0.583333,0.54375,0.522917,0.483333,0.445833,0.427083,0.391667,0.352083,0.335417,0.302083,0.275,0.2625,0.2375,0.216667,0.208333,0.189583,0.170833,0.160417,0.141667,0.122917,0.114583,0.095833,0.0875,0.06875,0.054167,0.04375,0.039583,0.03125,0.027083,0.022917,0.020833]","[-0.001778,-0.004889,-0.004889,-0.004889,-0.004889,-0.008,-0.008,-0.008,-0.008,-0.008,-0.008,-0.008,-0.008,-0.008,-0.008,-0.008,-0.008,-0.008,-0.008,-0.008,-0.008,-0.008,-0.008,-0.004889,0.010667,0.02,0.048,0.066667,0.110222,0.153778,0.178667,0.225333,0.268889,0.290667,0.334222,0.374667,0.393333,0.427556,0.455556,0.464889,0.483556,0.489778,0.502222,0.514667,0.524,0.530222,0.539556,0.542667,0.555111,0.561333,0.570667,0.576889,0.589333,0.604889,0.614222,0.629778,0.642222,0.648444,0.657778,0.660889,0.667111,0.670222,0.673333,0.673333,0.673333,0.670222,0.670222,0.673333,0.673333,0.673333,0.676444,0.676444,0.676444,0.676444,0.676444,0.676444,0.676444,0.676444,0.676444,0.676444,0.676444,0.676444,0.673333,0.667111,0.660889,0.642222,0.614222,0.595556,0.555111,0.514667,0.492889,0.452444,0.408889,0.387111,0.340444,0.296889,0.278222,0.244,0.216,0.203556,0.178667,0.16,0.150667,0.132,0.113333,0.100889,0.076,0.051111,0.035556,0.010667,-0.001778,-0.020444,-0.032889,-0.039111,-0.039111,-0.039111,-0.039111,-0.036,-0.036]","[0.0004,0.0162,0.033,0.0498,0.0668,0.083,0.1001,0.1164,0.1335,0.1496,0.1666,0.1837,0.1998,0.2169,0.2331,0.2501,0.2673,0.2834,0.3005,0.3167,0.3335,0.3505,0.3667,0.3836,0.4005,0.4164,0.4335,0.4498,0.4667,0.4836,0.4997,0.5166,0.5335,0.5504,0.5673,0.5835,0.6003,0.6173,0.6333,0.6503,0.6672,0.6834,0.7007,0.7167,0.7336,0.7505,0.7675,0.7834,0.8004,0.8176,0.8336,0.8508,0.8673,0.8843,0.9002,0.9172,0.9342,0.9503,0.9675,0.9836,1.0005,1.0175,1.0335,1.0506,1.0678,1.0841,1.1011,1.1171,1.1341,1.1512,1.1674,1.1845,1.2003,1.2172,1.2341,1.2512,1.2674,1.2845,1.3005,1.3173,1.3344,1.3503,1.3674,1.3846,1.4006,1.4176,1.4346,1.4505,1.4676,1.4847,1.5006,1.5174,1.5343,1.5512,1.5681,1.5841,1.6008,1.6179,1.6342,1.6515,1.6675,1.6847,1.7016,1.7173,1.7343,1.7514,1.7674,1.7844,1.8012,1.8177,1.8348,1.851,1.8683,1.8843,1.9013,1.9182,1.9343,1.9516,1.9677]","[1,1,1,1,1,1,1,1,1,1,1,1,1,1,1,1,1,1,1,1,1,1,1,1,1,1,1,1,1,1,1,1,1,1,1,1,1,1,1,1,1,1,1,1,1,1,1,1,1,1,1,1,1,1,1,1,1,1,1,1,1,1,1,1,2,2,2,2,2,2,2,2,2,2,2,2,2,2,2,2,2,2,2,2,2,2,2,2,2,2,2,2,2,2,2,2,2,2,2,2,2,2,2,2,2,2,2,2,2,2,2,2,2,2,2,2,2,2,2]",18,222.6511,4,66,0,66,0,1,229579,4,SV_73ADPjbMtd0KUBg,304,2022-03-02_15h06.07.165,implicit_time,2021.1.4,Linux x86_64,59.95563283
cursorjump,55,0,0,10,NA,0,NA,0,0,0.5,FALSE,baseline,0,"[0.008333,0.008333,0.008333,0.00625,0.00625,0.002083,0.002083,0,0,0,0,-0.002083,-0.002083,-0.002083,-0.002083,-0.002083,-0.002083,-0.002083,0,0.002083,0.004167,0.00625,0.014583,0.029167,0.052083,0.066667,0.102083,0.120833,0.166667,0.210417,0.233333,0.275,0.3125,0.329167,0.35625,0.375,0.38125,0.389583,0.395833,0.4,0.408333,0.41875,0.422917,0.43125,0.44375,0.45,0.460417,0.472917,0.479167,0.491667,0.508333,0.51875,0.535417,0.552083,0.560417,0.572917,0.575,0.575,0.575,0.575,0.575,0.575,0.575,0.572917,0.570833,0.5625,0.55625,0.535417,0.508333,0.491667,0.458333,0.422917,0.404167,0.366667,0.327083,0.289583,0.272917,0.2375,0.220833,0.185417,0.152083,0.1375,0.110417,0.091667,0.083333,0.070833,0.058333,0.054167,0.05,0.047917,0.045833,0.047917,0.05,0.05,0.054167,0.054167,0.05625,0.05625,0.054167,0.047917,0.0375,0.03125,0.027083,0.022917,0.020833]","[-0.008,-0.008,-0.008,-0.008,-0.008,-0.008,-0.008,-0.008,-0.008,-0.008,-0.008,-0.008,-0.008,-0.008,-0.008,-0.008,-0.008,-0.008,-0.008,-0.004889,0.001333,0.004444,0.02,0.048,0.085333,0.110222,0.163111,0.188,0.244,0.293778,0.321778,0.368444,0.415111,0.436889,0.474222,0.505333,0.517778,0.542667,0.567556,0.58,0.601778,0.620444,0.632889,0.657778,0.685778,0.698222,0.72,0.741778,0.754222,0.776,0.800889,0.810222,0.825778,0.841333,0.850667,0.866222,0.869333,0.869333,0.869333,0.869333,0.869333,0.869333,0.869333,0.869333,0.866222,0.856889,0.847556,0.822667,0.785333,0.760444,0.710667,0.657778,0.629778,0.570667,0.508444,0.446222,0.418222,0.359111,0.331111,0.281333,0.234667,0.216,0.181778,0.16,0.153778,0.141333,0.128889,0.125778,0.122667,0.125778,0.125778,0.132,0.135111,0.135111,0.138222,0.135111,0.135111,0.125778,0.116444,0.097778,0.076,0.060444,0.051111,0.041778,0.035556]","[0.0003,0.0163,0.0334,0.0504,0.0665,0.0828,0.0997,0.1166,0.1335,0.1497,0.167,0.1831,0.2004,0.2164,0.2335,0.2506,0.2666,0.2835,0.3005,0.3166,0.3335,0.3507,0.3665,0.3834,0.4003,0.4165,0.4335,0.4507,0.4667,0.4835,0.5002,0.5169,0.5335,0.5502,0.5667,0.5839,0.5999,0.6169,0.6335,0.6501,0.6674,0.6836,0.7001,0.717,0.7337,0.7502,0.7667,0.7837,0.8002,0.8168,0.8338,0.8504,0.867,0.8836,0.9005,0.917,0.9336,0.9509,0.967,0.9839,1.0009,1.017,1.0339,1.0512,1.0672,1.0842,1.1003,1.1174,1.1338,1.1509,1.1675,1.1842,1.2003,1.2175,1.2337,1.2511,1.2673,1.2842,1.3005,1.3175,1.3345,1.3508,1.368,1.384,1.4011,1.4172,1.4345,1.4507,1.4676,1.4845,1.5006,1.5176,1.5345,1.5507,1.5679,1.5839,1.6009,1.6181,1.6343,1.6514,1.6674,1.6843,1.7011,1.7181,1.7342]","[1,1,1,1,1,1,1,1,1,1,1,1,1,1,1,1,1,1,1,1,1,1,1,1,1,1,1,1,1,1,1,1,1,1,1,1,1,1,1,1,1,1,1,1,1,1,1,1,1,1,1,2,2,2,2,2,2,2,2,2,2,2,2,2,2,2,2,2,2,2,2,2,2,2,2,2,2,2,2,2,2,2,2,2,2,2,2,2,2,2,2,2,2,2,2,2,2,2,2,2,2,2,2,2,2]",18,224.9028,4,67,0,67,0,1,229579,4,SV_73ADPjbMtd0KUBg,304,2022-03-02_15h06.07.165,implicit_time,2021.1.4,Linux x86_64,59.95563283
cursorjump,135,0,0.5,10,NA,0,NA,0,1,0.5,FALSE,baseline,1,"[-0.010417,-0.0125,-0.0125,-0.0125,-0.0125,-0.0125,-0.0125,-0.0125,-0.0125,-0.0125,-0.0125,-0.010417,-0.010417,-0.010417,-0.010417,-0.008333,-0.008333,-0.00625,-0.004167,-0.004167,-0.004167,-0.004167,-0.008333,-0.020833,-0.027083,-0.047917,-0.070833,-0.083333,-0.110417,-0.135417,-0.145833,-0.166667,-0.179167,-0.208333,-0.241667,-0.26875,-0.28125,-0.302083,-0.314583,-0.341667,-0.36875,-0.3875,-0.395833,-0.408333,-0.414583,-0.43125,-0.447917,-0.4625,-0.46875,-0.479167,-0.483333,-0.491667,-0.502083,-0.510417,-0.5125,-0.516667,-0.51875,-0.527083,-0.535417,-0.547917,-0.552083,-0.5625,-0.566667,-0.577083,-0.589583,-0.604167,-0.610417,-0.622917,-0.629167,-0.641667,-0.652083,-0.6625,-0.666667,-0.675,-0.677083,-0.683333,-0.6875,-0.69375,-0.697917,-0.702083,-0.702083,-0.70625,-0.708333,-0.7125,-0.7125,-0.714583,-0.714583,-0.714583,-0.7125,-0.710417,-0.708333,-0.7,-0.69375,-0.677083,-0.65625,-0.63125,-0.61875,-0.5875,-0.56875,-0.522917,-0.477083,-0.452083,-0.402083,-0.35,-0.325,-0.272917,-0.21875,-0.191667,-0.141667,-0.104167,-0.0875,-0.060417,-0.0375,-0.027083,-0.010417,0,0.004167,0.010417]","[-0.026667,-0.029778,-0.029778,-0.029778,-0.029778,-0.029778,-0.029778,-0.029778,-0.029778,-0.029778,-0.029778,-0.029778,-0.026667,-0.026667,-0.026667,-0.026667,-0.026667,-0.023556,-0.023556,-0.020444,-0.014222,-0.011111,-0.001778,0.010667,0.016889,0.035556,0.066667,0.082222,0.125778,0.172444,0.194222,0.225333,0.237778,0.253333,0.265778,0.284444,0.293778,0.315556,0.321778,0.334222,0.343556,0.359111,0.371556,0.396444,0.408889,0.430667,0.452444,0.468,0.477333,0.496,0.502222,0.514667,0.527111,0.542667,0.548889,0.564444,0.573778,0.586222,0.595556,0.604889,0.611111,0.620444,0.626667,0.636,0.645333,0.651556,0.654667,0.664,0.667111,0.673333,0.679556,0.682667,0.682667,0.688889,0.688889,0.692,0.695111,0.698222,0.701333,0.704444,0.704444,0.704444,0.704444,0.707556,0.707556,0.707556,0.707556,0.707556,0.704444,0.701333,0.701333,0.695111,0.692,0.676444,0.654667,0.623556,0.604889,0.573778,0.558222,0.527111,0.496,0.477333,0.44,0.399556,0.380889,0.334222,0.287556,0.262667,0.216,0.175556,0.16,0.135111,0.107111,0.094667,0.069778,0.051111,0.041778,0.032444]","[0.0003,0.0168,0.0337,0.0496,0.0668,0.0827,0.0998,0.1167,0.1335,0.1506,0.1666,0.1835,0.2005,0.2164,0.2337,0.2498,0.2668,0.2838,0.2997,0.3165,0.3335,0.3506,0.3667,0.3837,0.4004,0.4166,0.4334,0.4504,0.4667,0.4837,0.5006,0.5165,0.5333,0.5504,0.5665,0.5834,0.6007,0.6169,0.634,0.65,0.6672,0.6832,0.7001,0.7171,0.7341,0.7503,0.7675,0.7837,0.8008,0.8167,0.8337,0.8508,0.8668,0.8837,0.9007,0.9168,0.9338,0.9511,0.967,0.9839,1.0009,1.0168,1.0338,1.051,1.0672,1.0842,1.1004,1.1176,1.1337,1.1509,1.1671,1.1838,1.2008,1.2179,1.2338,1.251,1.2672,1.2843,1.3005,1.3177,1.3338,1.3509,1.368,1.3839,1.4006,1.4179,1.434,1.4512,1.4673,1.4842,1.5012,1.5174,1.5347,1.5507,1.5676,1.5846,1.6014,1.6175,1.6346,1.6508,1.6678,1.6847,1.7009,1.7182,1.7376,1.7511,1.7676,1.7846,1.8015,1.8175,1.8343,1.8515,1.8675,1.8845,1.9018,1.9178,1.9352,1.9513]","[1,1,1,1,1,1,1,1,1,1,1,1,1,1,1,1,1,1,1,1,1,1,1,1,1,1,1,1,1,1,1,1,1,1,1,1,1,1,1,1,1,1,1,1,1,1,1,1,1,1,1,1,1,1,1,1,1,1,1,1,1,1,1,1,1,1,1,1,1,1,1,1,1,2,2,2,2,2,2,2,2,2,2,2,2,2,2,2,2,2,2,2,2,2,2,2,2,2,2,2,2,2,2,2,2,2,2,2,2,2,2,2,2,2,2,2,2,2]",19,227.3714,4,68,0,68,0,1,229579,4,SV_73ADPjbMtd0KUBg,304,2022-03-02_15h06.07.165,implicit_time,2021.1.4,Linux x86_64,59.95563283
cursorjump,125,0,0,10,NA,0,NA,0,0,0.5,FALSE,baseline,0,"[0.002083,0.002083,0.002083,0.002083,0,0,0,0,-0.002083,-0.002083,-0.002083,-0.002083,-0.002083,-0.002083,-0.002083,-0.002083,-0.002083,-0.002083,-0.004167,-0.004167,-0.010417,-0.0125,-0.025,-0.04375,-0.06875,-0.08125,-0.108333,-0.122917,-0.15,-0.179167,-0.208333,-0.225,-0.254167,-0.26875,-0.295833,-0.320833,-0.347917,-0.360417,-0.3875,-0.4,-0.420833,-0.439583,-0.458333,-0.46875,-0.485417,-0.49375,-0.508333,-0.522917,-0.535417,-0.541667,-0.55625,-0.564583,-0.58125,-0.6,-0.616667,-0.625,-0.641667,-0.660417,-0.666667,-0.672917,-0.672917,-0.672917,-0.672917,-0.672917,-0.672917,-0.670833,-0.658333,-0.645833,-0.61875,-0.604167,-0.570833,-0.533333,-0.49375,-0.475,-0.435417,-0.41875,-0.383333,-0.352083,-0.320833,-0.30625,-0.279167,-0.252083,-0.241667,-0.21875,-0.202083,-0.19375,-0.179167,-0.172917,-0.160417,-0.15,-0.145833,-0.139583,-0.135417,-0.13125,-0.129167,-0.125,-0.120833,-0.116667,-0.110417,-0.102083,-0.1,-0.089583,-0.083333,-0.06875,-0.052083,-0.039583,-0.035417,-0.03125,-0.029167,-0.025,-0.01875,-0.016667,-0.014583]","[-0.011111,-0.008,-0.008,-0.008,-0.008,-0.008,-0.008,-0.008,-0.008,-0.008,-0.008,-0.008,-0.008,-0.008,-0.008,-0.008,-0.008,-0.008,-0.004889,-0.004889,0.001333,0.007556,0.02,0.044889,0.076,0.091556,0.128889,0.144444,0.178667,0.209778,0.240889,0.253333,0.281333,0.293778,0.321778,0.352889,0.384,0.396444,0.427556,0.443111,0.471111,0.502222,0.530222,0.545778,0.570667,0.586222,0.611111,0.632889,0.660889,0.673333,0.695111,0.707556,0.732444,0.757333,0.776,0.788444,0.807111,0.822667,0.828889,0.832,0.832,0.832,0.832,0.832,0.832,0.832,0.825778,0.819556,0.794667,0.776,0.735556,0.688889,0.642222,0.617333,0.576889,0.558222,0.517778,0.483556,0.449333,0.433778,0.402667,0.371556,0.356,0.328,0.296889,0.284444,0.259556,0.247111,0.225333,0.209778,0.200444,0.191111,0.184889,0.181778,0.178667,0.172444,0.172444,0.166222,0.163111,0.156889,0.153778,0.147556,0.141333,0.125778,0.107111,0.088444,0.079111,0.069778,0.066667,0.057333,0.048,0.041778,0.038667]","[0.0002,0.0169,0.0331,0.0501,0.0662,0.0831,0.1,0.1162,0.1333,0.1503,0.1663,0.1831,0.2001,0.2163,0.2334,0.2495,0.2666,0.2838,0.3001,0.3172,0.3332,0.3503,0.3663,0.3831,0.4002,0.4164,0.4336,0.4499,0.467,0.4835,0.5005,0.5167,0.5338,0.5504,0.5665,0.5836,0.5999,0.617,0.6333,0.6505,0.6669,0.6834,0.7018,0.7167,0.7334,0.7503,0.7666,0.7835,0.8001,0.8173,0.8341,0.8501,0.8668,0.8838,0.9001,0.9171,0.9336,0.9509,0.9673,0.9837,1.0008,1.0169,1.0341,1.0503,1.0672,1.0837,1.1004,1.1171,1.1342,1.1505,1.1671,1.1841,1.2006,1.2172,1.2344,1.2505,1.2674,1.284,1.3006,1.3176,1.3339,1.3509,1.3672,1.3841,1.4007,1.4179,1.434,1.4505,1.4674,1.4844,1.5006,1.5178,1.5341,1.5511,1.5679,1.5839,1.601,1.618,1.6341,1.651,1.6681,1.6839,1.7006,1.7176,1.7348,1.7509,1.7679,1.784,1.8012,1.8173,1.8345,1.8515,1.8674]","[1,1,1,1,1,1,1,1,1,1,1,1,1,1,1,1,1,1,1,1,1,1,1,1,1,1,1,1,1,1,1,1,1,1,1,1,1,1,1,1,1,1,1,1,1,1,1,1,1,1,1,1,1,2,2,2,2,2,2,2,2,2,2,2,2,2,2,2,2,2,2,2,2,2,2,2,2,2,2,2,2,2,2,2,2,2,2,2,2,2,2,2,2,2,2,2,2,2,2,2,2,2,2,2,2,2,2,2,2,2,2,2,2]",19,229.7563,4,69,0,69,0,1,229579,4,SV_73ADPjbMtd0KUBg,304,2022-03-02_15h06.07.165,implicit_time,2021.1.4,Linux x86_64,59.95563283
cursorjump,315,0,0.5,10,NA,0,NA,0,1,0.5,FALSE,baseline,1,"[0.025,0.025,0.025,0.025,0.022917,0.022917,0.020833,0.020833,0.020833,0.020833,0.01875,0.01875,0.01875,0.016667,0.016667,0.016667,0.016667,0.016667,0.01875,0.020833,0.03125,0.052083,0.064583,0.091667,0.125,0.145833,0.19375,0.245833,0.272917,0.33125,0.385417,0.408333,0.445833,0.475,0.4875,0.508333,0.527083,0.535417,0.554167,0.570833,0.579167,0.595833,0.610417,0.61875,0.633333,0.647917,0.654167,0.666667,0.677083,0.683333,0.691667,0.7,0.704167,0.7125,0.722917,0.727083,0.73125,0.73125,0.73125,0.73125,0.73125,0.733333,0.733333,0.733333,0.733333,0.73125,0.73125,0.733333,0.733333,0.733333,0.733333,0.725,0.704167,0.691667,0.6625,0.633333,0.616667,0.577083,0.53125,0.508333,0.470833,0.441667,0.429167,0.395833,0.35625,0.335417,0.297917,0.264583,0.247917,0.210417,0.191667,0.154167,0.125,0.104167,0.095833,0.079167,0.070833,0.054167,0.039583,0.027083]","[-0.020444,-0.020444,-0.020444,-0.020444,-0.017333,-0.017333,-0.017333,-0.017333,-0.017333,-0.017333,-0.017333,-0.017333,-0.014222,-0.014222,-0.014222,-0.014222,-0.014222,-0.014222,-0.017333,-0.017333,-0.020444,-0.029778,-0.036,-0.054667,-0.082667,-0.098222,-0.135556,-0.172889,-0.191556,-0.235111,-0.284889,-0.306667,-0.340889,-0.365778,-0.378222,-0.390667,-0.406222,-0.412444,-0.428,-0.443556,-0.452889,-0.471556,-0.496444,-0.505778,-0.530667,-0.552444,-0.564889,-0.586667,-0.605333,-0.611556,-0.624,-0.633333,-0.639556,-0.652,-0.667556,-0.673778,-0.68,-0.68,-0.676889,-0.676889,-0.676889,-0.676889,-0.676889,-0.673778,-0.673778,-0.667556,-0.664444,-0.664444,-0.667556,-0.667556,-0.667556,-0.661333,-0.648889,-0.642667,-0.624,-0.602222,-0.592889,-0.561778,-0.524444,-0.505778,-0.474667,-0.452889,-0.440444,-0.409333,-0.368889,-0.344,-0.303556,-0.272444,-0.256889,-0.225778,-0.210222,-0.172889,-0.141778,-0.116889,-0.107556,-0.088889,-0.076444,-0.057778,-0.039111,-0.026667]","[0.0003,0.0158,0.0328,0.0489,0.0658,0.083,0.0992,0.1164,0.1322,0.1492,0.1664,0.1824,0.1996,0.2167,0.2326,0.2495,0.2664,0.2826,0.2996,0.3169,0.3329,0.3498,0.366,0.3832,0.3993,0.4163,0.4334,0.4496,0.4665,0.4826,0.4999,0.5161,0.5332,0.5493,0.5663,0.5835,0.5996,0.6168,0.6329,0.6499,0.667,0.683,0.7,0.7168,0.7337,0.7498,0.7667,0.783,0.8002,0.8162,0.8332,0.8504,0.8666,0.8836,0.9,0.9167,0.9331,0.9502,0.9665,0.9837,0.9999,1.0169,1.0339,1.0501,1.0671,1.0833,1.1003,1.1172,1.1332,1.1503,1.1666,1.1837,1.2,1.217,1.2339,1.2507,1.2667,1.2839,1.3,1.3169,1.3338,1.35,1.3672,1.3835,1.4007,1.417,1.4339,1.45,1.4673,1.4835,1.5006,1.5174,1.5344,1.5505,1.5678,1.584,1.6002,1.6176,1.6338,1.6509]","[1,1,1,1,1,1,1,1,1,1,1,1,1,1,1,1,1,1,1,1,1,1,1,1,1,1,1,1,1,1,1,1,1,1,1,1,1,1,1,1,1,1,1,1,1,1,1,1,1,1,1,1,1,2,2,2,2,2,2,2,2,2,2,2,2,2,2,2,2,2,2,2,2,2,2,2,2,2,2,2,2,2,2,2,2,2,2,2,2,2,2,2,2,2,2,2,2,2,2,2]",20,231.9253,4,70,0,70,0,1,229579,4,SV_73ADPjbMtd0KUBg,304,2022-03-02_15h06.07.165,implicit_time,2021.1.4,Linux x86_64,59.95563283
cursorjump,325,0,0,10,NA,0,NA,0,0,0.5,FALSE,baseline,0,"[0.004167,0.004167,0.004167,0.004167,0.004167,0.004167,0.004167,0.004167,0.004167,0.00625,0.00625,0.00625,0.00625,0.00625,0.00625,0.00625,0.00625,0.00625,0.00625,0.00625,0.008333,0.0125,0.016667,0.03125,0.066667,0.089583,0.145833,0.202083,0.260417,0.291667,0.360417,0.395833,0.458333,0.5,0.525,0.535417,0.545833,0.552083,0.5625,0.572917,0.58125,0.585417,0.597917,0.60625,0.633333,0.664583,0.689583,0.7,0.722917,0.735417,0.7625,0.7875,0.808333,0.81875,0.835417,0.845833,0.864583,0.889583,0.908333,0.914583,0.916667,0.9125,0.891667,0.858333,0.816667,0.79375,0.75,0.727083,0.675,0.6125,0.55,0.51875,0.46875,0.44375,0.395833,0.34375,0.316667,0.264583,0.222917,0.208333,0.179167,0.15625,0.14375,0.120833,0.1,0.09375,0.08125,0.070833,0.066667,0.058333,0.052083,0.052083,0.05,0.05,0.05,0.047917,0.04375,0.039583,0.03125,0.027083,0.025]","[0.010667,0.010667,0.010667,0.010667,0.010667,0.010667,0.010667,0.010667,0.010667,0.010667,0.010667,0.007556,0.007556,0.007556,0.007556,0.007556,0.007556,0.007556,0.007556,0.007556,0.007556,0.007556,0.004444,-0.001778,-0.023556,-0.036,-0.073333,-0.12,-0.169778,-0.197778,-0.253778,-0.278667,-0.312889,-0.337778,-0.356444,-0.362667,-0.378222,-0.384444,-0.4,-0.412444,-0.424889,-0.428,-0.437333,-0.443556,-0.456,-0.471556,-0.480889,-0.487111,-0.496444,-0.499556,-0.515111,-0.527556,-0.543111,-0.552444,-0.568,-0.574222,-0.589778,-0.608444,-0.620889,-0.624,-0.624,-0.620889,-0.605333,-0.580444,-0.555556,-0.543111,-0.518222,-0.505778,-0.468444,-0.421778,-0.372,-0.347111,-0.309778,-0.297333,-0.266222,-0.228889,-0.204,-0.157333,-0.12,-0.107556,-0.085778,-0.064,-0.054667,-0.036,-0.017333,-0.011111,0.004444,0.013778,0.016889,0.026222,0.035556,0.038667,0.038667,0.038667,0.038667,0.038667,0.038667,0.035556,0.035556,0.032444,0.032444]","[0.0002,0.0166,0.0337,0.0497,0.0667,0.0839,0.1,0.1173,0.1335,0.1505,0.1665,0.1836,0.1998,0.2171,0.2331,0.25,0.2668,0.2839,0.2999,0.3169,0.3338,0.3506,0.3668,0.3839,0.3999,0.4172,0.4335,0.4504,0.4669,0.4836,0.5001,0.5169,0.5341,0.5503,0.5676,0.5838,0.6004,0.6171,0.6336,0.6508,0.6671,0.6838,0.7003,0.7173,0.7338,0.7507,0.7669,0.784,0.8003,0.8172,0.8341,0.8503,0.8676,0.8838,0.9005,0.9171,0.934,0.9505,0.9672,0.9844,1.0006,1.0172,1.0342,1.0506,1.0673,1.084,1.1011,1.1172,1.1343,1.1508,1.1678,1.184,1.2012,1.2174,1.2341,1.2507,1.2677,1.2842,1.3013,1.3174,1.3344,1.3516,1.3677,1.385,1.4009,1.418,1.4342,1.4515,1.4677,1.4849,1.5008,1.5178,1.5351,1.5512,1.5684,1.5847,1.6009,1.6181,1.6351,1.6513,1.6684]","[1,1,1,1,1,1,1,1,1,1,1,1,1,1,1,1,1,1,1,1,1,1,1,1,1,1,1,1,1,1,1,1,1,1,1,1,1,1,1,1,1,1,1,1,1,1,1,1,1,1,1,1,2,2,2,2,2,2,2,2,2,2,2,2,2,2,2,2,2,2,2,2,2,2,2,2,2,2,2,2,2,2,2,2,2,2,2,2,2,2,2,2,2,2,2,2,2,2,2,2,2]",20,234.4772,4,71,0,71,0,1,229579,4,SV_73ADPjbMtd0KUBg,304,2022-03-02_15h06.07.165,implicit_time,2021.1.4,Linux x86_64,59.95563283
cursorjump,225,45,0.5,10,NA,0,NA,0,1,0.5,FALSE,rotation,1,"[0.00625,0.00625,0.00625,0.00625,0.00625,0.00625,0.008333,0.008333,0.008333,0.008333,0.008333,0.008333,0.008333,0.008333,0.008333,0.008333,0.008333,0.008333,0.008333,0.008333,0.008333,0.008333,0.008333,0.008333,0.008333,0.008333,0.00625,0,-0.0125,-0.020833,-0.039583,-0.05,-0.070833,-0.095833,-0.125,-0.141667,-0.175,-0.191667,-0.225,-0.258333,-0.2875,-0.302083,-0.33125,-0.345833,-0.377083,-0.408333,-0.4375,-0.45,-0.472917,-0.483333,-0.504167,-0.525,-0.545833,-0.55625,-0.572917,-0.58125,-0.595833,-0.608333,-0.620833,-0.625,-0.633333,-0.635417,-0.639583,-0.639583,-0.639583,-0.639583,-0.635417,-0.635417,-0.633333,-0.633333,-0.633333,-0.635417,-0.641667,-0.645833,-0.65,-0.654167,-0.658333,-0.658333,-0.658333,-0.658333,-0.658333,-0.658333,-0.658333,-0.65625,-0.654167,-0.652083,-0.647917,-0.64375,-0.641667,-0.641667,-0.645833,-0.647917,-0.654167,-0.664583,-0.672917,-0.6875,-0.695833,-0.695833,-0.691667,-0.689583,-0.689583,-0.689583,-0.685417,-0.679167,-0.672917,-0.65625,-0.647917,-0.627083,-0.6,-0.585417,-0.55,-0.51875,-0.504167,-0.479167,-0.452083,-0.420833,-0.404167,-0.375,-0.360417,-0.335417,-0.308333,-0.28125,-0.26875,-0.239583,-0.227083,-0.197917,-0.16875,-0.141667,-0.13125,-0.114583,-0.110417,-0.110417,-0.11875,-0.133333,-0.139583,-0.154167,-0.158333,-0.166667,-0.170833,-0.16875,-0.166667,-0.154167,-0.14375,-0.120833,-0.1,-0.085417,-0.083333,-0.077083,-0.077083,-0.075,-0.075,-0.077083,-0.079167,-0.079167,-0.079167,-0.077083,-0.075,-0.06875,-0.054167,-0.035417]","[0.004444,0.004444,0.004444,0.004444,0.004444,0.004444,0.004444,0.004444,0.004444,0.004444,0.004444,0.004444,0.004444,0.004444,0.004444,0.004444,0.004444,0.004444,0.004444,0.004444,0.004444,0.004444,0.004444,0.004444,0.004444,0.004444,-0.001778,-0.011111,-0.029778,-0.036,-0.054667,-0.067111,-0.092,-0.123111,-0.163556,-0.182222,-0.222667,-0.244444,-0.288,-0.328444,-0.365778,-0.384444,-0.415556,-0.434222,-0.465333,-0.499556,-0.530667,-0.543111,-0.574222,-0.589778,-0.620889,-0.652,-0.676889,-0.686222,-0.704889,-0.714222,-0.726667,-0.736,-0.742222,-0.745333,-0.745333,-0.745333,-0.745333,-0.745333,-0.742222,-0.739111,-0.726667,-0.717333,-0.701778,-0.686222,-0.68,-0.676889,-0.670667,-0.664444,-0.664444,-0.661333,-0.661333,-0.661333,-0.661333,-0.661333,-0.658222,-0.658222,-0.655111,-0.648889,-0.636444,-0.630222,-0.608444,-0.577333,-0.530667,-0.502667,-0.443556,-0.415556,-0.362667,-0.312889,-0.288,-0.232,-0.160444,-0.123111,-0.054667,-0.017333,-0.001778,0.016889,0.035556,0.051111,0.057333,0.072889,0.079111,0.091556,0.107111,0.116444,0.135111,0.153778,0.163111,0.184889,0.209778,0.231556,0.240889,0.256444,0.262667,0.275111,0.287556,0.3,0.303111,0.306222,0.306222,0.303111,0.296889,0.287556,0.281333,0.265778,0.256444,0.234667,0.212889,0.197333,0.188,0.172444,0.163111,0.141333,0.116444,0.094667,0.085333,0.063556,0.054222,0.029333,0.004444,-0.011111,-0.014222,-0.020444,-0.023556,-0.029778,-0.032889,-0.036,-0.036,-0.036,-0.036,-0.032889,-0.032889,-0.026667,-0.017333,-0.011111]","[0.0002,0.0167,0.0336,0.0506,0.0668,0.0841,0.1003,0.1172,0.1333,0.1501,0.1672,0.1831,0.2001,0.217,0.2333,0.2504,0.2675,0.2834,0.2999,0.3166,0.3335,0.3504,0.3673,0.3839,0.4008,0.4169,0.434,0.4502,0.467,0.484,0.5008,0.5169,0.5339,0.551,0.5668,0.5836,0.6005,0.6176,0.6338,0.6508,0.6669,0.684,0.701,0.7172,0.7344,0.7507,0.7679,0.7839,0.8008,0.8178,0.834,0.8512,0.8673,0.8842,0.9012,0.9172,0.9343,0.9515,0.9676,0.9844,1.0014,1.0174,1.0344,1.0505,1.0673,1.0843,1.1014,1.1175,1.1345,1.1507,1.1675,1.1845,1.2009,1.2182,1.2343,1.2515,1.2677,1.2846,1.3016,1.3177,1.3348,1.3509,1.3677,1.3847,1.4008,1.4179,1.435,1.451,1.4681,1.4844,1.5015,1.5177,1.5347,1.5518,1.5676,1.5845,1.6017,1.6179,1.635,1.6512,1.6684,1.6847,1.7019,1.7182,1.7345,1.7515,1.7684,1.7846,1.8017,1.818,1.8351,1.8514,1.8684,1.8855,1.9016,1.9188,1.9348,1.9517,1.9688,1.9851,2.0015,2.0188,2.0351,2.0515,2.0685,2.0854,2.1017,2.1185,2.1355,2.1517,2.1689,2.1852,2.2016,2.2187,2.2355,2.2519,2.2689,2.2852,2.3018,2.3189,2.3352,2.3522,2.3687,2.3856,2.4021,2.4192,2.4354,2.4524,2.4687,2.4856,2.5022,2.5187,2.5356,2.5525,2.5688,2.5858,2.6021,2.619,2.6358,2.6522]","[1,1,1,1,1,1,1,1,1,1,1,1,1,1,1,1,1,1,1,1,1,1,1,1,1,1,1,1,1,1,1,1,1,1,1,1,1,1,1,1,1,1,1,1,1,1,1,1,1,1,1,1,1,1,1,1,1,1,2,2,2,2,2,2,2,2,2,2,2,2,2,2,2,2,2,2,2,2,2,2,2,2,2,2,2,2,2,2,2,2,2,2,2,2,2,2,2,2,2,2,2,2,2,2,2,2,2,2,2,2,2,2,2,2,2,2,2,2,2,2,2,2,2,2,2,2,2,2,2,2,2,2,2,2,2,2,2,2,2,2,2,2,2,2,2,2,2,2,2,2,2,2,2,2,2,2,2,2,2,2]",20,237.6459,4,72,0,72,0,1,229579,4,SV_73ADPjbMtd0KUBg,304,2022-03-02_15h06.07.165,implicit_time,2021.1.4,Linux x86_64,59.95563283
cursorjump,215,0,0,10,NA,0,NA,0,0,0.5,FALSE,rotation,0,"[0.014583,0.016667,0.016667,0.016667,0.01875,0.01875,0.020833,0.020833,0.022917,0.022917,0.022917,0.025,0.025,0.025,0.025,0.027083,0.027083,0.027083,0.025,0.020833,0.0125,0.00625,-0.010417,-0.029167,-0.039583,-0.06875,-0.108333,-0.129167,-0.175,-0.2,-0.25625,-0.316667,-0.38125,-0.4125,-0.470833,-0.497917,-0.54375,-0.579167,-0.608333,-0.620833,-0.641667,-0.65,-0.664583,-0.675,-0.6875,-0.691667,-0.704167,-0.710417,-0.727083,-0.747917,-0.779167,-0.795833,-0.827083,-0.84375,-0.870833,-0.885417,-0.8875,-0.8875,-0.8875,-0.8875,-0.88125,-0.8625,-0.841667,-0.829167,-0.80625,-0.791667,-0.758333,-0.716667,-0.666667,-0.639583,-0.589583,-0.564583,-0.516667,-0.46875,-0.427083,-0.408333,-0.377083,-0.3625,-0.3375,-0.3125,-0.289583,-0.279167,-0.25625,-0.245833,-0.229167,-0.214583,-0.2,-0.19375,-0.179167,-0.170833,-0.15625,-0.14375,-0.13125,-0.125,-0.110417,-0.09375,-0.0875,-0.072917,-0.066667,-0.05625,-0.047917,-0.04375,-0.04375,-0.041667,-0.041667,-0.0375]","[-0.001778,-0.004889,-0.004889,-0.004889,-0.004889,-0.008,-0.008,-0.008,-0.008,-0.008,-0.008,-0.008,-0.008,-0.011111,-0.011111,-0.011111,-0.011111,-0.011111,-0.011111,-0.008,-0.011111,-0.011111,-0.023556,-0.042222,-0.057778,-0.092,-0.129333,-0.151111,-0.188444,-0.210222,-0.250667,-0.288,-0.325333,-0.340889,-0.375111,-0.390667,-0.424889,-0.459111,-0.487111,-0.499556,-0.515111,-0.521333,-0.530667,-0.536889,-0.543111,-0.546222,-0.552444,-0.558667,-0.571111,-0.586667,-0.608444,-0.620889,-0.648889,-0.664444,-0.689333,-0.701778,-0.704889,-0.704889,-0.704889,-0.704889,-0.701778,-0.689333,-0.667556,-0.655111,-0.630222,-0.620889,-0.589778,-0.555556,-0.512,-0.490222,-0.449778,-0.431111,-0.396889,-0.362667,-0.325333,-0.306667,-0.275556,-0.26,-0.235111,-0.213333,-0.191556,-0.182222,-0.160444,-0.151111,-0.132444,-0.12,-0.110667,-0.101333,-0.088889,-0.079556,-0.064,-0.051556,-0.039111,-0.032889,-0.020444,-0.008,-0.001778,0.007556,0.010667,0.013778,0.013778,0.013778,0.013778,0.013778,0.013778,0.004444]","[0.0002,0.0164,0.033,0.0495,0.0661,0.0827,0.0995,0.1162,0.1328,0.1498,0.1664,0.183,0.1997,0.2162,0.2325,0.2497,0.2663,0.2831,0.2995,0.3162,0.3333,0.3498,0.3663,0.383,0.3997,0.4164,0.4331,0.4498,0.4666,0.4834,0.4999,0.5166,0.5329,0.55,0.5668,0.5835,0.6001,0.6169,0.6335,0.6501,0.6665,0.6835,0.7003,0.7169,0.7337,0.7504,0.7671,0.7838,0.8005,0.8173,0.8336,0.8502,0.8672,0.8839,0.9004,0.917,0.9339,0.9506,0.9672,0.9832,1.0002,1.0169,1.0338,1.0507,1.0674,1.0841,1.1004,1.1168,1.134,1.1508,1.1675,1.1838,1.2008,1.2176,1.2343,1.2508,1.2675,1.2843,1.3008,1.3175,1.3344,1.3505,1.3675,1.3843,1.4006,1.4174,1.4342,1.451,1.4678,1.4844,1.5008,1.5175,1.5344,1.5513,1.5677,1.5845,1.6007,1.6175,1.6344,1.651,1.6678,1.6847,1.7012,1.7176,1.7346,1.7514]","[1,1,1,1,1,1,1,1,1,1,1,1,1,1,1,1,1,1,1,1,1,1,1,1,1,1,1,1,1,1,1,1,1,1,1,1,1,1,1,1,1,1,1,1,1,1,1,1,1,1,2,2,2,2,2,2,2,2,2,2,2,2,2,2,2,2,2,2,2,2,2,2,2,2,2,2,2,2,2,2,2,2,2,2,2,2,2,2,2,2,2,2,2,2,2,2,2,2,2,2,2,2,2,2,2,2]",20,239.9151,4,73,0,73,0,1,229579,4,SV_73ADPjbMtd0KUBg,304,2022-03-02_15h06.07.165,implicit_time,2021.1.4,Linux x86_64,59.95563283
cursorjump,45,45,0.5,10,NA,0,NA,0,1,0.5,FALSE,rotation,1,"[0.004167,0.004167,0.004167,0.004167,0.004167,0.004167,0.004167,0.004167,0.004167,0.004167,0.004167,0.004167,0.004167,0.004167,0.004167,0.004167,0.004167,0.004167,0.004167,0.004167,0.004167,0.004167,0.004167,0.010417,0.03125,0.0625,0.079167,0.116667,0.135417,0.170833,0.210417,0.229167,0.26875,0.30625,0.322917,0.358333,0.377083,0.410417,0.441667,0.466667,0.479167,0.502083,0.5125,0.53125,0.547917,0.564583,0.572917,0.589583,0.597917,0.614583,0.629167,0.64375,0.647917,0.660417,0.666667,0.683333,0.70625,0.7375,0.75,0.772917,0.783333,0.797917,0.814583,0.8375,0.85,0.866667,0.875,0.885417,0.897917,0.908333,0.910417,0.9125,0.9125,0.9125,0.914583,0.914583,0.9125,0.908333,0.902083,0.897917,0.883333,0.858333,0.839583,0.8,0.754167,0.73125,0.683333,0.6375,0.614583,0.56875,0.527083,0.50625,0.466667,0.429167,0.4125,0.379167,0.352083,0.339583,0.316667,0.297917,0.289583,0.270833,0.252083,0.239583,0.214583,0.202083,0.172917,0.14375,0.114583,0.102083,0.08125,0.075,0.066667,0.064583,0.070833,0.072917,0.075,0.070833,0.0625,0.052083,0.04375,0.039583,0.029167,0.022917,0.0125,0.002083,-0.002083,-0.004167,-0.00625,-0.00625,-0.008333]","[-0.004889,-0.004889,-0.004889,-0.004889,-0.004889,-0.004889,-0.004889,-0.004889,-0.004889,-0.004889,-0.004889,-0.004889,-0.004889,-0.004889,-0.004889,-0.004889,-0.004889,-0.004889,-0.004889,-0.004889,-0.004889,-0.004889,-0.004889,0.004444,0.026222,0.060444,0.079111,0.116444,0.135111,0.181778,0.231556,0.259556,0.309333,0.352889,0.368444,0.402667,0.418222,0.446222,0.471111,0.489778,0.499111,0.520889,0.530222,0.555111,0.58,0.604889,0.614222,0.632889,0.642222,0.654667,0.660889,0.667111,0.667111,0.670222,0.673333,0.673333,0.670222,0.654667,0.645333,0.623556,0.611111,0.592444,0.576889,0.564444,0.561333,0.558222,0.558222,0.558222,0.555111,0.552,0.552,0.548889,0.545778,0.545778,0.542667,0.539556,0.533333,0.517778,0.492889,0.477333,0.443111,0.408889,0.393333,0.356,0.318667,0.296889,0.253333,0.206667,0.181778,0.141333,0.097778,0.079111,0.038667,0.001333,-0.017333,-0.048444,-0.076444,-0.088889,-0.113778,-0.135556,-0.141778,-0.160444,-0.176,-0.182222,-0.197778,-0.207111,-0.216444,-0.219556,-0.216444,-0.216444,-0.213333,-0.210222,-0.204,-0.188444,-0.163556,-0.151111,-0.129333,-0.12,-0.101333,-0.085778,-0.076444,-0.073333,-0.067111,-0.064,-0.060889,-0.054667,-0.051556,-0.048444,-0.042222,-0.042222,-0.039111]","[0.0004,0.0162,0.0319,0.0489,0.0662,0.0821,0.0988,0.1153,0.1323,0.1492,0.1663,0.1829,0.1993,0.2157,0.2332,0.2489,0.2655,0.2823,0.2992,0.316,0.3331,0.35,0.3669,0.3824,0.3993,0.4161,0.433,0.4501,0.4658,0.4828,0.4992,0.516,0.5326,0.5495,0.5667,0.5826,0.5993,0.6162,0.6334,0.65,0.6662,0.6829,0.6995,0.7162,0.7333,0.7491,0.766,0.7825,0.7995,0.8163,0.8327,0.8495,0.866,0.8826,0.8993,0.9162,0.9331,0.9492,0.9664,0.9829,0.9995,1.0163,1.0328,1.0498,1.0667,1.0829,1.0995,1.1165,1.1332,1.1498,1.1664,1.183,1.1996,1.2164,1.2332,1.2498,1.2666,1.2831,1.2997,1.3168,1.3335,1.35,1.367,1.3829,1.4,1.4168,1.4334,1.4499,1.4664,1.4833,1.5002,1.5168,1.5335,1.5503,1.5669,1.5834,1.6002,1.617,1.6337,1.6501,1.6667,1.6835,1.7001,1.7167,1.7341,1.7497,1.7672,1.7839,1.8006,1.8172,1.8338,1.8504,1.8668,1.8835,1.9004,1.9172,1.9338,1.9503,1.967,1.984,2.0008,2.0167,2.0336,2.0502,2.0669,2.0838,2.1008,2.1167,2.1338,2.1507,2.1673]","[1,1,1,1,1,1,1,1,1,1,1,1,1,1,1,1,1,1,1,1,1,1,1,1,1,1,1,1,1,1,1,1,1,1,1,1,1,1,1,1,1,1,1,1,1,1,1,1,1,1,1,1,1,1,1,2,2,2,2,2,2,2,2,2,2,2,2,2,2,2,2,2,2,2,2,2,2,2,2,2,2,2,2,2,2,2,2,2,2,2,2,2,2,2,2,2,2,2,2,2,2,2,2,2,2,2,2,2,2,2,2,2,2,2,2,2,2,2,2,2,2,2,2,2,2,2,2,2,2,2,2]",20,242.6009,4,74,0,74,0,1,229579,4,SV_73ADPjbMtd0KUBg,304,2022-03-02_15h06.07.165,implicit_time,2021.1.4,Linux x86_64,59.95563283
cursorjump,55,0,0,10,NA,0,NA,0,0,0.5,FALSE,rotation,0,"[-0.0125,-0.0125,-0.0125,-0.0125,-0.0125,-0.0125,-0.010417,-0.010417,-0.010417,-0.010417,-0.010417,-0.008333,-0.008333,-0.008333,-0.00625,-0.00625,-0.00625,-0.004167,-0.002083,-0.002083,0,0,0.002083,0.002083,0.002083,0.002083,0.004167,0.010417,0.01875,0.04375,0.079167,0.097917,0.141667,0.189583,0.2125,0.25625,0.295833,0.3125,0.339583,0.358333,0.366667,0.379167,0.3875,0.389583,0.391667,0.39375,0.39375,0.395833,0.4,0.402083,0.4125,0.427083,0.445833,0.45625,0.48125,0.49375,0.520833,0.539583,0.54375,0.54375,0.541667,0.541667,0.541667,0.541667,0.541667,0.541667,0.539583,0.539583,0.539583,0.539583,0.539583,0.539583,0.5375,0.535417,0.525,0.510417,0.489583,0.475,0.44375,0.427083,0.39375,0.377083,0.34375,0.308333,0.275,0.258333,0.227083,0.214583,0.189583,0.16875,0.15,0.141667,0.125,0.11875,0.10625,0.1,0.09375,0.089583,0.085417,0.085417,0.08125,0.079167,0.077083,0.077083,0.072917,0.070833,0.06875,0.0625,0.05625,0.054167,0.047917,0.04375,0.041667,0.035417,0.029167,0.025,0.01875]","[0.029333,0.029333,0.029333,0.029333,0.029333,0.026222,0.026222,0.023111,0.023111,0.023111,0.02,0.02,0.016889,0.016889,0.016889,0.013778,0.013778,0.013778,0.013778,0.013778,0.013778,0.010667,0.010667,0.010667,0.010667,0.010667,0.010667,0.023111,0.035556,0.069778,0.116444,0.144444,0.203556,0.272,0.309333,0.387111,0.458667,0.489778,0.542667,0.583111,0.598667,0.629778,0.648444,0.654667,0.660889,0.664,0.664,0.667111,0.676444,0.679556,0.698222,0.716889,0.748,0.763556,0.800889,0.819556,0.856889,0.878667,0.884889,0.884889,0.884889,0.884889,0.884889,0.884889,0.884889,0.884889,0.888,0.888,0.888,0.888,0.888,0.888,0.888,0.884889,0.872444,0.844444,0.810222,0.785333,0.732444,0.704444,0.651556,0.623556,0.573778,0.517778,0.461778,0.436889,0.387111,0.365333,0.331111,0.303111,0.281333,0.272,0.253333,0.244,0.225333,0.206667,0.191111,0.181778,0.169333,0.163111,0.153778,0.150667,0.144444,0.144444,0.138222,0.132,0.128889,0.122667,0.110222,0.104,0.088444,0.072889,0.066667,0.051111,0.041778,0.035556,0.029333]","[0.0007,0.0159,0.0326,0.0491,0.0659,0.0825,0.0996,0.1157,0.1324,0.149,0.166,0.1827,0.1995,0.2166,0.2326,0.2495,0.2659,0.2825,0.2992,0.3162,0.3327,0.3494,0.3662,0.3832,0.3993,0.4164,0.4332,0.4501,0.4662,0.4828,0.4996,0.5167,0.5336,0.5493,0.5663,0.5836,0.5995,0.6164,0.6333,0.6504,0.6664,0.6835,0.6993,0.7164,0.7332,0.7502,0.7665,0.7835,0.7994,0.8165,0.8335,0.8496,0.8669,0.8829,0.8998,0.9166,0.9336,0.9506,0.9667,0.9829,0.9999,1.0169,1.0336,1.0495,1.0669,1.0837,1.0995,1.1172,1.1329,1.15,1.1671,1.183,1.2,1.2171,1.2334,1.2504,1.2674,1.2835,1.3007,1.3166,1.3336,1.3506,1.367,1.3833,1.4002,1.4167,1.4337,1.45,1.4672,1.4835,1.5006,1.5174,1.5341,1.5501,1.5672,1.5844,1.6002,1.6171,1.6339,1.651,1.667,1.6841,1.7009,1.7165,1.7337,1.751,1.7671,1.7842,1.8008,1.8178,1.8339,1.851,1.867,1.8838,1.9006,1.9174,1.9342]","[1,1,1,1,1,1,1,1,1,1,1,1,1,1,1,1,1,1,1,1,1,1,1,1,1,1,1,1,1,1,1,1,1,1,1,1,1,1,1,1,1,1,1,1,1,1,1,1,1,1,1,1,1,1,1,1,2,2,2,2,2,2,2,2,2,2,2,2,2,2,2,2,2,2,2,2,2,2,2,2,2,2,2,2,2,2,2,2,2,2,2,2,2,2,2,2,2,2,2,2,2,2,2,2,2,2,2,2,2,2,2,2,2,2,2,2,2]",20,245.0524,4,75,0,75,0,1,229579,4,SV_73ADPjbMtd0KUBg,304,2022-03-02_15h06.07.165,implicit_time,2021.1.4,Linux x86_64,59.95563283
cursorjump,315,45,0.5,10,NA,0,NA,0,1,0.5,FALSE,rotation,1,"[0.010417,0.010417,0.010417,0.010417,0.010417,0.010417,0.010417,0.010417,0.010417,0.010417,0.010417,0.010417,0.010417,0.010417,0.010417,0.010417,0.010417,0.010417,0.010417,0.010417,0.010417,0.010417,0.014583,0.025,0.04375,0.054167,0.077083,0.089583,0.10625,0.120833,0.145833,0.1625,0.20625,0.233333,0.285417,0.339583,0.397917,0.429167,0.495833,0.533333,0.604167,0.6625,0.70625,0.720833,0.74375,0.752083,0.75625,0.74375,0.71875,0.702083,0.675,0.664583,0.65,0.639583,0.633333,0.63125,0.63125,0.63125,0.63125,0.63125,0.622917,0.616667,0.597917,0.589583,0.575,0.56875,0.558333,0.552083,0.527083,0.510417,0.470833,0.4375,0.425,0.4,0.370833,0.354167,0.316667,0.279167,0.258333,0.222917,0.195833,0.183333,0.15625,0.127083,0.110417,0.079167,0.058333,0.052083,0.039583,0.027083,0.016667,-0.010417,-0.045833,-0.085417,-0.10625,-0.15,-0.170833,-0.214583,-0.258333,-0.277083,-0.310417,-0.3375,-0.35,-0.370833,-0.385417,-0.391667,-0.404167,-0.410417,-0.414583,-0.416667,-0.414583,-0.410417,-0.410417,-0.4125,-0.4125,-0.408333,-0.39375,-0.372917,-0.364583,-0.35625,-0.352083,-0.341667,-0.327083,-0.310417,-0.302083,-0.283333,-0.270833,-0.25,-0.229167,-0.222917,-0.216667,-0.210417,-0.20625,-0.2,-0.191667,-0.1875,-0.177083,-0.158333,-0.145833,-0.120833,-0.110417,-0.0875,-0.06875,-0.05,-0.04375,-0.035417,-0.03125,-0.027083,-0.020833,-0.0125,-0.010417,-0.002083,0]","[0.004444,0.004444,0.004444,0.004444,0.004444,0.004444,0.004444,0.004444,0.004444,0.004444,0.004444,0.004444,0.004444,0.004444,0.004444,0.004444,0.004444,0.004444,0.004444,0.004444,0.004444,0.004444,0.001333,-0.001778,-0.011111,-0.017333,-0.036,-0.045333,-0.057778,-0.060889,-0.057778,-0.054667,-0.048444,-0.045333,-0.042222,-0.045333,-0.054667,-0.064,-0.092,-0.107556,-0.148,-0.188444,-0.232,-0.253778,-0.303556,-0.325333,-0.365778,-0.4,-0.428,-0.443556,-0.474667,-0.490222,-0.521333,-0.552444,-0.586667,-0.605333,-0.639556,-0.658222,-0.692444,-0.723556,-0.748444,-0.760889,-0.779556,-0.788889,-0.807556,-0.823111,-0.838667,-0.844889,-0.863556,-0.872889,-0.894667,-0.916444,-0.925778,-0.941333,-0.950667,-0.950667,-0.953778,-0.956889,-0.956889,-0.96,-0.96,-0.956889,-0.953778,-0.944444,-0.935111,-0.916444,-0.897778,-0.888444,-0.866667,-0.841778,-0.826222,-0.792,-0.757778,-0.723556,-0.704889,-0.670667,-0.652,-0.620889,-0.592889,-0.580444,-0.555556,-0.530667,-0.515111,-0.484,-0.449778,-0.428,-0.384444,-0.347111,-0.328444,-0.288,-0.241333,-0.188444,-0.166667,-0.129333,-0.113778,-0.073333,-0.023556,0.026222,0.041778,0.066667,0.076,0.091556,0.110222,0.122667,0.125778,0.122667,0.116444,0.100889,0.082222,0.072889,0.051111,0.02,0.004444,-0.026667,-0.048444,-0.054667,-0.064,-0.073333,-0.076444,-0.082667,-0.088889,-0.095111,-0.095111,-0.095111,-0.095111,-0.092,-0.088889,-0.082667,-0.073333,-0.064,-0.054667,-0.042222,-0.039111]","[0.0006,0.0164,0.0323,0.0488,0.0667,0.0826,0.0993,0.1156,0.1331,0.1493,0.1654,0.1832,0.1993,0.2159,0.2334,0.2492,0.2659,0.283,0.3,0.3165,0.3333,0.35,0.3665,0.3832,0.3995,0.416,0.4332,0.4498,0.4663,0.4832,0.4995,0.5162,0.533,0.5498,0.5664,0.5833,0.5997,0.6163,0.6329,0.6498,0.6669,0.683,0.6999,0.7163,0.733,0.7495,0.7664,0.7834,0.7997,0.8162,0.8337,0.85,0.8667,0.8836,0.9002,0.9169,0.9334,0.9501,0.9672,0.9838,1.0004,1.017,1.0338,1.0501,1.0668,1.0837,1.1003,1.1168,1.1339,1.1505,1.1672,1.1838,1.2002,1.217,1.2339,1.2509,1.2667,1.2832,1.3009,1.3172,1.3337,1.3506,1.3676,1.3834,1.401,1.4175,1.434,1.4506,1.4677,1.4842,1.5007,1.5174,1.5342,1.5513,1.5672,1.5841,1.6007,1.6174,1.6341,1.6508,1.6678,1.6921,1.7012,1.7177,1.7347,1.7505,1.7674,1.784,1.8008,1.8175,1.8345,1.8512,1.8669,1.8847,1.9016,1.9175,1.9343,1.9511,1.968,1.9847,2.0007,2.0177,2.0346,2.0514,2.0672,2.0837,2.1014,2.1184,2.1341,2.1509,2.1672,2.184,2.2004,2.218,2.235,2.2508,2.2673,2.284,2.3005,2.318,2.3346,2.3516,2.3676,2.3841,2.4005,2.4175,2.4339,2.4517,2.4676,2.4842,2.5007,2.5186,2.5344]","[1,1,1,1,1,1,1,1,1,1,1,1,1,1,1,1,1,1,1,1,1,1,1,1,1,1,1,1,1,1,1,1,1,1,1,1,1,1,1,1,1,1,1,1,1,1,1,1,1,1,1,1,1,1,1,1,1,1,1,2,2,2,2,2,2,2,2,2,2,2,2,2,2,2,2,2,2,2,2,2,2,2,2,2,2,2,2,2,2,2,2,2,2,2,2,2,2,2,2,2,2,2,2,2,2,2,2,2,2,2,2,2,2,2,2,2,2,2,2,2,2,2,2,2,2,2,2,2,2,2,2,2,2,2,2,2,2,2,2,2,2,2,2,2,2,2,2,2,2,2,2,2,2]",20,248.1044,4,76,0,76,0,1,229579,4,SV_73ADPjbMtd0KUBg,304,2022-03-02_15h06.07.165,implicit_time,2021.1.4,Linux x86_64,59.95563283
cursorjump,305,0,0,10,NA,0,NA,0,0,0.5,FALSE,rotation,0,"[0.008333,0.008333,0.008333,0.010417,0.010417,0.0125,0.0125,0.0125,0.014583,0.014583,0.014583,0.014583,0.014583,0.014583,0.014583,0.014583,0.014583,0.014583,0.014583,0.014583,0.014583,0.016667,0.022917,0.035417,0.054167,0.066667,0.097917,0.116667,0.154167,0.191667,0.225,0.241667,0.277083,0.295833,0.329167,0.35625,0.383333,0.397917,0.425,0.439583,0.464583,0.485417,0.502083,0.5125,0.53125,0.541667,0.5625,0.579167,0.6,0.6125,0.641667,0.65625,0.685417,0.697917,0.697917,0.697917,0.697917,0.697917,0.697917,0.697917,0.689583,0.679167,0.641667,0.614583,0.54375,0.4625,0.391667,0.364583,0.322917,0.302083,0.264583,0.229167,0.2,0.189583,0.170833,0.164583,0.147917,0.133333,0.116667,0.110417,0.1,0.095833,0.089583,0.083333,0.079167,0.06875,0.0625,0.060417,0.05625,0.054167,0.052083,0.05,0.041667,0.0375,0.029167,0.020833,0.016667]","[0.007556,0.007556,0.007556,0.004444,0.004444,0.004444,0.001333,0.001333,0.001333,0.001333,-0.001778,-0.001778,-0.001778,-0.001778,-0.001778,-0.001778,-0.001778,-0.001778,-0.001778,-0.004889,-0.004889,-0.008,-0.017333,-0.036,-0.060889,-0.079556,-0.126222,-0.154222,-0.210222,-0.263111,-0.309778,-0.331556,-0.375111,-0.396889,-0.437333,-0.477778,-0.518222,-0.536889,-0.574222,-0.592889,-0.627111,-0.655111,-0.68,-0.692444,-0.717333,-0.729778,-0.754667,-0.773333,-0.798222,-0.810667,-0.838667,-0.851111,-0.872889,-0.885333,-0.885333,-0.885333,-0.885333,-0.885333,-0.885333,-0.882222,-0.863556,-0.851111,-0.807556,-0.782667,-0.717333,-0.642667,-0.580444,-0.555556,-0.515111,-0.496444,-0.452889,-0.406222,-0.362667,-0.344,-0.316,-0.300444,-0.272444,-0.244444,-0.216444,-0.207111,-0.188444,-0.182222,-0.166667,-0.148,-0.138667,-0.116889,-0.104444,-0.101333,-0.095111,-0.088889,-0.085778,-0.079556,-0.073333,-0.070222,-0.057778,-0.042222,-0.032889]","[0.0005,0.0165,0.0334,0.0502,0.0669,0.0835,0.1,0.1166,0.1333,0.1499,0.1666,0.1835,0.2002,0.2168,0.2335,0.2499,0.2668,0.2833,0.2998,0.3164,0.3333,0.35,0.3665,0.3835,0.4,0.417,0.4333,0.45,0.4667,0.4835,0.5001,0.5171,0.5339,0.5503,0.567,0.5837,0.6002,0.6169,0.6335,0.6503,0.6669,0.6834,0.7004,0.7176,0.7339,0.7507,0.7671,0.7839,0.8006,0.8172,0.834,0.8506,0.8672,0.8841,0.9007,0.9175,0.9338,0.9504,0.9671,0.984,1.0006,1.0174,1.0341,1.0508,1.0676,1.0845,1.101,1.1178,1.1336,1.1508,1.1674,1.1841,1.2008,1.2176,1.2343,1.2506,1.2671,1.2841,1.3007,1.3176,1.3342,1.3507,1.3676,1.3841,1.4009,1.4177,1.4343,1.4508,1.4675,1.4842,1.5008,1.5176,1.5344,1.5509,1.5674,1.5848,1.6011]","[1,1,1,1,1,1,1,1,1,1,1,1,1,1,1,1,1,1,1,1,1,1,1,1,1,1,1,1,1,1,1,1,1,1,1,1,1,1,1,1,1,1,1,1,1,1,1,2,2,2,2,2,2,2,2,2,2,2,2,2,2,2,2,2,2,2,2,2,2,2,2,2,2,2,2,2,2,2,2,2,2,2,2,2,2,2,2,2,2,2,2,2,2,2,2,2,2]",20,250.5059,4,77,0,77,0,1,229579,4,SV_73ADPjbMtd0KUBg,304,2022-03-02_15h06.07.165,implicit_time,2021.1.4,Linux x86_64,59.95563283
cursorjump,135,45,0.5,10,NA,0,NA,0,1,0.5,FALSE,rotation,1,"[0.004167,0.004167,0.004167,0.004167,0.004167,0.004167,0.004167,0.004167,0.004167,0.004167,0.004167,0.004167,0.004167,0.004167,0.004167,0.004167,0.004167,0.004167,0.004167,0.004167,0.004167,0.004167,0.004167,0.004167,0.004167,0.004167,0.004167,0.004167,0.004167,0.002083,-0.002083,-0.004167,-0.008333,-0.010417,-0.014583,-0.016667,-0.027083,-0.033333,-0.047917,-0.06875,-0.097917,-0.1125,-0.147917,-0.164583,-0.202083,-0.2375,-0.272917,-0.291667,-0.33125,-0.35,-0.3875,-0.425,-0.466667,-0.4875,-0.527083,-0.541667,-0.564583,-0.579167,-0.591667,-0.597917,-0.608333,-0.610417,-0.6125,-0.614583,-0.61875,-0.620833,-0.625,-0.625,-0.622917,-0.616667,-0.604167,-0.597917,-0.583333,-0.577083,-0.5625,-0.55,-0.541667,-0.5375,-0.535417,-0.535417,-0.535417,-0.535417,-0.53125,-0.529167,-0.520833,-0.516667,-0.508333,-0.5,-0.491667,-0.4875,-0.48125,-0.48125,-0.477083,-0.464583,-0.45625,-0.435417,-0.414583,-0.402083,-0.379167,-0.360417,-0.352083,-0.335417,-0.314583,-0.302083,-0.272917,-0.24375,-0.229167,-0.202083,-0.175,-0.1625,-0.135417,-0.10625,-0.091667,-0.052083,-0.008333,0.0375,0.0625,0.108333,0.13125,0.172917,0.208333,0.239583,0.25,0.266667,0.272917,0.28125,0.279167,0.272917,0.26875,0.25625,0.247917,0.229167,0.210417,0.197917,0.19375,0.1875,0.183333,0.177083,0.166667,0.152083,0.14375,0.127083,0.11875,0.102083,0.085417,0.070833,0.0625,0.054167,0.052083,0.05,0.045833,0.041667,0.041667,0.0375,0.0375,0.033333,0.027083,0.01875,0.014583,0.00625,0.002083]","[-0.008,-0.008,-0.008,-0.008,-0.008,-0.008,-0.008,-0.008,-0.008,-0.008,-0.008,-0.008,-0.008,-0.008,-0.008,-0.008,-0.008,-0.008,-0.008,-0.008,-0.008,-0.008,-0.008,-0.008,-0.008,-0.008,-0.008,-0.008,-0.008,-0.008,-0.004889,-0.004889,-0.001778,-0.001778,0.004444,0.004444,0.016889,0.023111,0.038667,0.051111,0.060444,0.066667,0.082222,0.091556,0.110222,0.132,0.156889,0.169333,0.197333,0.212889,0.244,0.272,0.306222,0.324889,0.365333,0.387111,0.424444,0.452444,0.471111,0.477333,0.489778,0.496,0.499111,0.499111,0.502222,0.505333,0.514667,0.517778,0.533333,0.555111,0.586222,0.601778,0.626667,0.636,0.657778,0.679556,0.704444,0.716889,0.741778,0.751111,0.772889,0.791556,0.810222,0.822667,0.844444,0.856889,0.881778,0.903556,0.925333,0.934667,0.944,0.944,0.944,0.947111,0.950222,0.959556,0.965778,0.968889,0.972,0.968889,0.965778,0.959556,0.953333,0.950222,0.940889,0.925333,0.912889,0.884889,0.847556,0.828889,0.791556,0.754222,0.735556,0.701333,0.667111,0.629778,0.614222,0.58,0.561333,0.524,0.480444,0.44,0.421333,0.396444,0.387111,0.374667,0.362222,0.349778,0.340444,0.324889,0.318667,0.296889,0.275111,0.256444,0.247111,0.219111,0.203556,0.166222,0.135111,0.113333,0.107111,0.097778,0.094667,0.091556,0.091556,0.091556,0.094667,0.097778,0.097778,0.097778,0.097778,0.097778,0.097778,0.097778,0.097778,0.094667,0.085333,0.069778,0.063556,0.048,0.038667]","[0.0006,0.0166,0.0334,0.05,0.0664,0.083,0.0998,0.1164,0.1328,0.1501,0.1666,0.1832,0.1998,0.2163,0.233,0.2501,0.2664,0.283,0.3002,0.3167,0.333,0.3501,0.3668,0.3832,0.4002,0.4167,0.4337,0.4503,0.4669,0.4837,0.5002,0.5169,0.5334,0.5501,0.5668,0.5833,0.6008,0.6172,0.6336,0.6501,0.6666,0.6841,0.7005,0.717,0.7336,0.7502,0.7669,0.7836,0.8002,0.8168,0.8336,0.8505,0.8671,0.8837,0.9005,0.9171,0.9336,0.9502,0.9669,0.9836,1.0002,1.017,1.0336,1.0511,1.0675,1.0841,1.1004,1.1169,1.1346,1.1511,1.1677,1.1843,1.2009,1.2176,1.2342,1.2508,1.2675,1.2839,1.3006,1.3173,1.3339,1.3505,1.3673,1.3839,1.4006,1.4173,1.434,1.4505,1.4681,1.4841,1.5007,1.5173,1.534,1.5507,1.5673,1.5849,1.6008,1.6173,1.6349,1.6508,1.6672,1.6848,1.7013,1.7175,1.7341,1.7508,1.7675,1.7842,1.8009,1.8177,1.8345,1.851,1.8677,1.8843,1.9011,1.9178,1.9344,1.9511,1.9677,1.9845,2.0012,2.0178,2.0346,2.0512,2.0679,2.0846,2.1013,2.1184,2.1349,2.1516,2.1681,2.1847,2.2014,2.218,2.2346,2.2513,2.2683,2.2849,2.3015,2.3181,2.3346,2.352,2.3686,2.3852,2.4018,2.4185,2.435,2.4516,2.4683,2.485,2.5017,2.5184,2.5349,2.5516,2.5681,2.5847,2.6023,2.6182,2.6348,2.6522,2.6686]","[1,1,1,1,1,1,1,1,1,1,1,1,1,1,1,1,1,1,1,1,1,1,1,1,1,1,1,1,1,1,1,1,1,1,1,1,1,1,1,1,1,1,1,1,1,1,1,1,1,1,1,1,1,1,1,1,1,1,1,1,1,1,1,1,1,1,1,1,1,1,1,1,1,1,1,1,1,1,1,1,1,1,2,2,2,2,2,2,2,2,2,2,2,2,2,2,2,2,2,2,2,2,2,2,2,2,2,2,2,2,2,2,2,2,2,2,2,2,2,2,2,2,2,2,2,2,2,2,2,2,2,2,2,2,2,2,2,2,2,2,2,2,2,2,2,2,2,2,2,2,2,2,2,2,2,2,2,2,2,2,2]",20,253.6917,4,78,0,78,0,1,229579,4,SV_73ADPjbMtd0KUBg,304,2022-03-02_15h06.07.165,implicit_time,2021.1.4,Linux x86_64,59.95563283
cursorjump,145,0,0,10,NA,0,NA,0,0,0.5,FALSE,rotation,0,"[0.022917,0.022917,0.022917,0.022917,0.022917,0.022917,0.022917,0.022917,0.022917,0.022917,0.020833,0.01875,0.016667,0.0125,0.010417,0.010417,0.010417,0.010417,0.010417,0.010417,0.010417,0.010417,0.010417,0.010417,0.008333,0,-0.00625,-0.029167,-0.0625,-0.085417,-0.135417,-0.191667,-0.220833,-0.272917,-0.31875,-0.339583,-0.383333,-0.420833,-0.439583,-0.472917,-0.502083,-0.53125,-0.545833,-0.572917,-0.5875,-0.6125,-0.625,-0.652083,-0.679167,-0.70625,-0.720833,-0.745833,-0.75625,-0.779167,-0.797917,-0.816667,-0.825,-0.841667,-0.85,-0.864583,-0.877083,-0.889583,-0.895833,-0.902083,-0.904167,-0.90625,-0.908333,-0.908333,-0.908333,-0.902083,-0.895833,-0.870833,-0.827083,-0.764583,-0.729167,-0.65625,-0.61875,-0.545833,-0.470833,-0.402083,-0.370833,-0.316667,-0.29375,-0.254167,-0.21875,-0.1875,-0.172917,-0.15,-0.139583,-0.120833,-0.102083,-0.0875,-0.08125,-0.075,-0.072917,-0.070833,-0.06875,-0.058333,-0.052083,-0.039583,-0.035417,-0.029167,-0.025,-0.020833,-0.01875,-0.014583,-0.014583,-0.016667,-0.01875,-0.01875,-0.01875,-0.014583]","[-0.020444,-0.020444,-0.020444,-0.020444,-0.020444,-0.020444,-0.020444,-0.020444,-0.020444,-0.020444,-0.020444,-0.020444,-0.023556,-0.023556,-0.023556,-0.023556,-0.023556,-0.023556,-0.023556,-0.023556,-0.023556,-0.023556,-0.023556,-0.023556,-0.023556,-0.023556,-0.020444,-0.011111,0.007556,0.02,0.054222,0.094667,0.116444,0.16,0.194222,0.209778,0.240889,0.275111,0.293778,0.324889,0.356,0.380889,0.390222,0.405778,0.415111,0.427556,0.433778,0.436889,0.44,0.446222,0.449333,0.461778,0.468,0.480444,0.492889,0.508444,0.517778,0.539556,0.552,0.573778,0.595556,0.611111,0.617333,0.626667,0.629778,0.632889,0.632889,0.632889,0.632889,0.629778,0.623556,0.614222,0.601778,0.58,0.567556,0.536444,0.520889,0.483556,0.44,0.396444,0.380889,0.356,0.346667,0.328,0.303111,0.278222,0.268889,0.247111,0.237778,0.219111,0.203556,0.188,0.178667,0.169333,0.166222,0.163111,0.163111,0.156889,0.153778,0.144444,0.141333,0.138222,0.135111,0.128889,0.122667,0.110222,0.100889,0.085333,0.069778,0.063556,0.051111,0.038667]","[0.0004,0.0164,0.0319,0.0493,0.0655,0.0825,0.0989,0.1166,0.1333,0.1499,0.1664,0.1831,0.1997,0.2163,0.233,0.2497,0.2664,0.2831,0.2998,0.3165,0.3324,0.3492,0.3655,0.3825,0.3993,0.4159,0.4322,0.4493,0.4669,0.4823,0.4999,0.516,0.5326,0.5491,0.5666,0.5832,0.6,0.6166,0.6336,0.649,0.6669,0.6836,0.7,0.7167,0.7333,0.7502,0.7668,0.7838,0.8002,0.8172,0.8326,0.8504,0.8659,0.8837,0.9004,0.917,0.9338,0.9504,0.9671,0.984,1.0006,1.0173,1.0339,1.0506,1.0671,1.0838,1.1007,1.1171,1.1336,1.1502,1.1667,1.1836,1.2003,1.2171,1.234,1.2507,1.2675,1.2829,1.3007,1.3175,1.3342,1.3497,1.3673,1.384,1.4008,1.4177,1.4331,1.4505,1.4668,1.4834,1.5004,1.5166,1.5334,1.5498,1.5666,1.5839,1.6,1.6168,1.6335,1.6502,1.6665,1.6835,1.7007,1.7169,1.734,1.7501,1.7666,1.7834,1.8003,1.8173,1.8335,1.8501]","[1,1,1,1,1,1,1,1,1,1,1,1,1,1,1,1,1,1,1,1,1,1,1,1,1,1,1,1,1,1,1,1,1,1,1,1,1,1,1,1,1,1,1,1,1,1,1,1,1,1,1,1,1,1,1,2,2,2,2,2,2,2,2,2,2,2,2,2,2,2,2,2,2,2,2,2,2,2,2,2,2,2,2,2,2,2,2,2,2,2,2,2,2,2,2,2,2,2,2,2,2,2,2,2,2,2,2,2,2,2,2,2]",20,256.0591,4,79,0,79,0,1,229579,4,SV_73ADPjbMtd0KUBg,304,2022-03-02_15h06.07.165,implicit_time,2021.1.4,Linux x86_64,59.95563283
cursorjump,45,45,0.5,10,NA,0,NA,0,1,0.5,FALSE,rotation,1,"[0.00625,0.00625,0.00625,0.00625,0.00625,0.00625,0.00625,0.00625,0.00625,0.00625,0.00625,0.00625,0.00625,0.00625,0.00625,0.00625,0.00625,0.00625,0.00625,0.00625,0.00625,0.00625,0.008333,0.016667,0.033333,0.045833,0.075,0.091667,0.129167,0.170833,0.216667,0.239583,0.289583,0.316667,0.366667,0.414583,0.4375,0.477083,0.510417,0.525,0.547917,0.56875,0.579167,0.59375,0.602083,0.602083,0.604167,0.604167,0.60625,0.610417,0.616667,0.61875,0.625,0.629167,0.629167,0.629167,0.629167,0.629167,0.629167,0.629167,0.629167,0.6375,0.654167,0.664583,0.691667,0.722917,0.741667,0.78125,0.825,0.845833,0.883333,0.908333,0.91875,0.9375,0.95625,0.964583,0.979167,0.9875,0.991667,1.002083,1.0125,1.020833,1.035417,1.052083,1.05625,1.060417,1.054167,1.05,1.033333,1.010417,0.997917,0.960417,0.91875,0.895833,0.852083,0.802083,0.777083,0.716667,0.65,0.616667,0.552083,0.489583,0.460417,0.402083,0.347917,0.322917,0.275,0.233333,0.214583,0.185417,0.172917,0.15625,0.145833,0.139583,0.135417,0.129167,0.125,0.116667,0.108333,0.1,0.095833,0.089583,0.085417,0.08125,0.077083,0.06875,0.066667,0.058333,0.054167,0.04375,0.033333,0.022917,0.01875,0.0125,0.010417,0.00625,0.002083,0.002083,0.002083,0.002083,0.002083,0.002083,0.002083,0.002083,0.002083,0.002083]","[-0.017333,-0.017333,-0.014222,-0.011111,-0.004889,-0.001778,-0.001778,-0.001778,0.001333,0.001333,0.001333,0.001333,0.001333,0.001333,0.001333,0.001333,0.001333,0.001333,0.001333,0.001333,0.001333,0.001333,0.001333,0.010667,0.026222,0.038667,0.069778,0.088444,0.132,0.184889,0.240889,0.265778,0.312444,0.331111,0.365333,0.396444,0.408889,0.443111,0.471111,0.483556,0.511556,0.530222,0.539556,0.555111,0.561333,0.561333,0.564444,0.564444,0.567556,0.570667,0.573778,0.576889,0.58,0.583111,0.583111,0.583111,0.58,0.576889,0.570667,0.561333,0.558222,0.548889,0.539556,0.536444,0.527111,0.517778,0.514667,0.502222,0.492889,0.489778,0.486667,0.480444,0.477333,0.471111,0.464889,0.458667,0.452444,0.443111,0.436889,0.418222,0.396444,0.380889,0.343556,0.3,0.281333,0.247111,0.216,0.200444,0.175556,0.153778,0.138222,0.110222,0.082222,0.066667,0.048,0.032444,0.026222,0.010667,-0.011111,-0.020444,-0.042222,-0.060889,-0.073333,-0.095111,-0.123111,-0.135556,-0.160444,-0.179111,-0.188444,-0.200889,-0.207111,-0.219556,-0.225778,-0.228889,-0.228889,-0.228889,-0.228889,-0.222667,-0.210222,-0.188444,-0.176,-0.154222,-0.144889,-0.129333,-0.12,-0.110667,-0.107556,-0.101333,-0.098222,-0.095111,-0.092,-0.085778,-0.082667,-0.076444,-0.073333,-0.064,-0.057778,-0.054667,-0.054667,-0.051556,-0.051556,-0.051556,-0.048444,-0.045333,-0.042222,-0.036]","[0.0003,0.0165,0.0336,0.0498,0.0668,0.083,0.0999,0.1167,0.1331,0.1497,0.1669,0.1829,0.2002,0.217,0.2331,0.2498,0.2669,0.283,0.3,0.3171,0.3332,0.35,0.3669,0.3839,0.3998,0.4168,0.4337,0.4506,0.4667,0.484,0.5001,0.5172,0.5335,0.5506,0.5668,0.5837,0.6004,0.6173,0.6343,0.6502,0.6672,0.6841,0.7001,0.7171,0.7341,0.7502,0.7674,0.7834,0.8003,0.8172,0.834,0.851,0.867,0.8843,0.9002,0.917,0.934,0.9509,0.9668,0.984,1.0009,1.0178,1.0338,1.0508,1.0679,1.0839,1.1009,1.1171,1.1342,1.1505,1.1674,1.1844,1.2005,1.2174,1.2343,1.2505,1.2673,1.2842,1.3012,1.3174,1.3346,1.3508,1.3677,1.3847,1.4007,1.4179,1.434,1.4507,1.4677,1.4843,1.5012,1.5174,1.5345,1.5506,1.5675,1.5846,1.6009,1.6181,1.6342,1.6513,1.6683,1.6844,1.7016,1.7178,1.735,1.7508,1.7676,1.7846,1.8016,1.8178,1.8349,1.8517,1.8677,1.8847,1.9016,1.9187,1.9347,1.9516,1.9686,1.9847,2.0017,2.0179,2.0351,2.0512,2.0685,2.0845,2.1014,2.1183,2.1354,2.1515,2.1686,2.1845,2.2015,2.2187,2.2347,2.2516,2.2688,2.2846,2.3015,2.3185,2.3349,2.3519,2.368,2.385,2.4018,2.419]","[1,1,1,1,1,1,1,1,1,1,1,1,1,1,1,1,1,1,1,1,1,1,1,1,1,1,1,1,1,1,1,1,1,1,1,1,1,1,1,1,1,1,1,1,1,1,1,1,1,1,1,1,1,1,1,1,1,1,1,1,1,1,1,1,1,1,1,1,2,2,2,2,2,2,2,2,2,2,2,2,2,2,2,2,2,2,2,2,2,2,2,2,2,2,2,2,2,2,2,2,2,2,2,2,2,2,2,2,2,2,2,2,2,2,2,2,2,2,2,2,2,2,2,2,2,2,2,2,2,2,2,2,2,2,2,2,2,2,2,2,2,2,2,2,2,2]",20,258.9957,4,80,0,80,0,1,229579,4,SV_73ADPjbMtd0KUBg,304,2022-03-02_15h06.07.165,implicit_time,2021.1.4,Linux x86_64,59.95563283
cursorjump,55,0,0,10,NA,0,NA,0,0,0.5,FALSE,rotation,0,"[0.010417,0.010417,0.010417,0.010417,0.010417,0.010417,0.010417,0.010417,0.010417,0.010417,0.010417,0.010417,0.010417,0.010417,0.010417,0.010417,0.010417,0.010417,0.010417,0.010417,0.0125,0.016667,0.027083,0.045833,0.075,0.091667,0.129167,0.147917,0.185417,0.21875,0.2375,0.275,0.3125,0.333333,0.370833,0.40625,0.4375,0.452083,0.483333,0.497917,0.527083,0.552083,0.5625,0.585417,0.610417,0.622917,0.65,0.677083,0.704167,0.714583,0.727083,0.727083,0.727083,0.725,0.725,0.727083,0.727083,0.725,0.7125,0.6875,0.6625,0.652083,0.627083,0.610417,0.564583,0.508333,0.45625,0.433333,0.391667,0.36875,0.322917,0.297917,0.25,0.20625,0.166667,0.147917,0.1125,0.08125,0.06875,0.045833,0.03125,0.027083,0.020833,0.01875,0.016667,0.01875,0.020833,0.022917,0.025,0.025,0.025,0.025,0.01875,0.016667,0.00625]","[-0.008,-0.008,-0.008,-0.008,-0.008,-0.008,-0.008,-0.008,-0.008,-0.008,-0.008,-0.008,-0.008,-0.008,-0.008,-0.008,-0.008,-0.008,-0.008,-0.008,-0.001778,0.004444,0.023111,0.051111,0.091556,0.116444,0.169333,0.200444,0.259556,0.318667,0.346667,0.390222,0.430667,0.446222,0.477333,0.499111,0.520889,0.530222,0.552,0.561333,0.583111,0.601778,0.608,0.629778,0.654667,0.667111,0.695111,0.723111,0.748,0.757333,0.766667,0.766667,0.766667,0.766667,0.766667,0.763556,0.763556,0.763556,0.751111,0.732444,0.716889,0.707556,0.685778,0.673333,0.629778,0.576889,0.517778,0.489778,0.436889,0.408889,0.346667,0.315556,0.262667,0.219111,0.184889,0.169333,0.141333,0.113333,0.100889,0.079111,0.063556,0.057333,0.054222,0.051111,0.051111,0.051111,0.054222,0.057333,0.057333,0.057333,0.057333,0.054222,0.044889,0.038667,0.023111]","[0.0003,0.0164,0.0333,0.0502,0.0661,0.0831,0.1001,0.1169,0.133,0.1498,0.1668,0.1838,0.1996,0.2164,0.2331,0.2498,0.2671,0.2832,0.3001,0.3172,0.3334,0.3504,0.3664,0.3834,0.4005,0.4166,0.4336,0.4502,0.4667,0.4839,0.5,0.517,0.5335,0.5501,0.5669,0.5835,0.6005,0.617,0.6334,0.6503,0.6672,0.6836,0.7001,0.7169,0.7339,0.7503,0.767,0.7836,0.8005,0.8169,0.8338,0.8504,0.8676,0.8837,0.9002,0.9172,0.9342,0.9506,0.9673,0.9838,1.0008,1.0173,1.0343,1.0504,1.0677,1.0839,1.1012,1.1175,1.1341,1.1505,1.1677,1.184,1.2007,1.2178,1.2347,1.2509,1.2672,1.2843,1.3015,1.3172,1.334,1.3509,1.3681,1.384,1.4009,1.418,1.4341,1.4514,1.4676,1.4846,1.5016,1.5177,1.5348,1.5508,1.5678]","[1,1,1,1,1,1,1,1,1,1,1,1,1,1,1,1,1,1,1,1,1,1,1,1,1,1,1,1,1,1,1,1,1,1,1,1,1,1,1,1,1,1,1,1,1,1,1,2,2,2,2,2,2,2,2,2,2,2,2,2,2,2,2,2,2,2,2,2,2,2,2,2,2,2,2,2,2,2,2,2,2,2,2,2,2,2,2,2,2,2,2,2,2,2,2]",20,261.0797,4,81,0,81,0,1,229579,4,SV_73ADPjbMtd0KUBg,304,2022-03-02_15h06.07.165,implicit_time,2021.1.4,Linux x86_64,59.95563283
cursorjump,315,45,0.5,10,NA,0,NA,0,1,0.5,FALSE,rotation,1,"[0.002083,0.002083,0,0,0,0,0,0,0,0,0,0,0,0,0,0,0,0.002083,0.004167,0.00625,0.01875,0.027083,0.05,0.083333,0.129167,0.154167,0.210417,0.235417,0.283333,0.327083,0.372917,0.395833,0.441667,0.464583,0.510417,0.552083,0.585417,0.602083,0.6375,0.65625,0.691667,0.722917,0.75,0.7625,0.783333,0.791667,0.802083,0.808333,0.80625,0.802083,0.789583,0.779167,0.75625,0.71875,0.672917,0.647917,0.6,0.575,0.525,0.4625,0.385417,0.34375,0.2625,0.227083,0.179167,0.145833,0.116667,0.102083,0.070833,0.054167,0.020833,-0.00625,-0.03125,-0.041667,-0.064583,-0.077083,-0.1,-0.116667,-0.125,-0.125,-0.11875,-0.102083,-0.095833,-0.08125,-0.075,-0.0625,-0.045833,-0.039583,-0.027083,-0.01875,-0.014583,-0.010417,-0.008333,-0.00625,-0.004167,-0.004167,-0.00625,-0.008333,-0.014583,-0.01875,-0.01875,-0.01875,-0.01875,-0.016667]","[0.007556,0.007556,0.007556,0.007556,0.007556,0.007556,0.007556,0.007556,0.007556,0.007556,0.007556,0.007556,0.007556,0.007556,0.007556,0.007556,0.007556,0.004444,0.004444,0.004444,-0.001778,-0.004889,-0.014222,-0.032889,-0.067111,-0.088889,-0.141778,-0.172889,-0.235111,-0.300444,-0.362667,-0.390667,-0.437333,-0.456,-0.487111,-0.512,-0.533778,-0.546222,-0.577333,-0.592889,-0.624,-0.648889,-0.664444,-0.667556,-0.68,-0.683111,-0.698667,-0.708,-0.714222,-0.717333,-0.717333,-0.714222,-0.704889,-0.692444,-0.673778,-0.661333,-0.639556,-0.627111,-0.602222,-0.568,-0.524444,-0.499556,-0.452889,-0.431111,-0.4,-0.384444,-0.372,-0.365778,-0.353333,-0.347111,-0.334667,-0.325333,-0.319111,-0.316,-0.303556,-0.297333,-0.278667,-0.266222,-0.256889,-0.250667,-0.228889,-0.197778,-0.185333,-0.163556,-0.157333,-0.141778,-0.126222,-0.116889,-0.098222,-0.082667,-0.079556,-0.070222,-0.067111,-0.064,-0.064,-0.060889,-0.060889,-0.060889,-0.060889,-0.057778,-0.051556,-0.042222,-0.039111,-0.029778]","[0.0002,0.0159,0.0329,0.0499,0.0659,0.083,0.1,0.1159,0.133,0.1494,0.1663,0.1835,0.1996,0.2164,0.2333,0.2495,0.2666,0.2827,0.2996,0.3164,0.3335,0.3496,0.3668,0.3829,0.3998,0.4166,0.4336,0.4497,0.467,0.4829,0.4998,0.5165,0.5335,0.5496,0.5665,0.5833,0.6002,0.6172,0.6334,0.6506,0.6666,0.6838,0.6997,0.7169,0.7331,0.7503,0.7664,0.7836,0.8005,0.8166,0.8338,0.8499,0.8669,0.884,0.9,0.9169,0.9341,0.9502,0.9672,0.9835,1.0004,1.0173,1.0336,1.0507,1.0668,1.0836,1.1004,1.1174,1.1334,1.1503,1.1674,1.1836,1.2007,1.2175,1.2337,1.2507,1.2668,1.2835,1.3006,1.3178,1.3339,1.351,1.3673,1.3843,1.4012,1.4174,1.4344,1.4503,1.4671,1.4841,1.5011,1.5172,1.5342,1.5504,1.5673,1.5844,1.6005,1.6177,1.6338,1.6511,1.6673,1.6844,1.7004,1.7177]","[1,1,1,1,1,1,1,1,1,1,1,1,1,1,1,1,1,1,1,1,1,1,1,1,1,1,1,1,1,1,1,1,1,1,1,1,1,1,1,1,1,2,2,2,2,2,2,2,2,2,2,2,2,2,2,2,2,2,2,2,2,2,2,2,2,2,2,2,2,2,2,2,2,2,2,2,2,2,2,2,2,2,2,2,2,2,2,2,2,2,2,2,2,2,2,2,2,2,2,2,2,2,2,2]",20,263.3149,4,82,0,82,0,1,229579,4,SV_73ADPjbMtd0KUBg,304,2022-03-02_15h06.07.165,implicit_time,2021.1.4,Linux x86_64,59.95563283
cursorjump,325,0,0,10,NA,0,NA,0,0,0.5,FALSE,rotation,0,"[-0.00625,-0.00625,-0.00625,-0.00625,-0.00625,-0.00625,-0.00625,-0.00625,-0.00625,-0.00625,-0.00625,-0.00625,-0.00625,-0.00625,-0.00625,-0.00625,-0.00625,-0.00625,-0.00625,-0.00625,-0.002083,0.014583,0.03125,0.075,0.1,0.152083,0.204167,0.2625,0.295833,0.3625,0.427083,0.45625,0.5125,0.558333,0.579167,0.614583,0.64375,0.65625,0.68125,0.702083,0.7125,0.733333,0.75625,0.770833,0.8,0.829167,0.841667,0.8625,0.875,0.879167,0.885417,0.8875,0.889583,0.885417,0.86875,0.852083,0.808333,0.75625,0.73125,0.683333,0.635417,0.60625,0.541667,0.470833,0.439583,0.38125,0.33125,0.310417,0.26875,0.229167,0.210417,0.18125,0.158333,0.15,0.129167,0.108333,0.1,0.085417,0.075,0.070833,0.066667,0.066667,0.066667,0.064583,0.0625,0.060417,0.058333,0.058333,0.054167,0.05,0.039583]","[0.004444,0.004444,0.004444,0.004444,0.004444,0.004444,0.004444,0.004444,0.004444,0.004444,0.004444,0.004444,0.004444,0.004444,0.004444,0.004444,0.004444,0.004444,0.004444,0.004444,0.001333,-0.008,-0.020444,-0.048444,-0.067111,-0.110667,-0.157333,-0.207111,-0.232,-0.272444,-0.309778,-0.325333,-0.362667,-0.396889,-0.415556,-0.443556,-0.471556,-0.484,-0.505778,-0.524444,-0.530667,-0.543111,-0.561778,-0.574222,-0.596,-0.620889,-0.633333,-0.648889,-0.661333,-0.667556,-0.676889,-0.686222,-0.689333,-0.692444,-0.683111,-0.676889,-0.648889,-0.617778,-0.602222,-0.564889,-0.521333,-0.496444,-0.437333,-0.378222,-0.353333,-0.309778,-0.275556,-0.26,-0.228889,-0.200889,-0.185333,-0.160444,-0.138667,-0.126222,-0.101333,-0.073333,-0.064,-0.045333,-0.032889,-0.029778,-0.020444,-0.017333,-0.017333,-0.014222,-0.011111,-0.008,-0.004889,-0.001778,0.001333,0.004444,0.007556]","[0.0003,0.0165,0.0336,0.0498,0.0667,0.0838,0.1,0.1171,0.1332,0.1504,0.1665,0.1837,0.2,0.2171,0.2333,0.2503,0.2665,0.2836,0.3006,0.3168,0.3341,0.3503,0.3674,0.3835,0.4005,0.4168,0.4338,0.4501,0.4672,0.4836,0.5006,0.5169,0.5341,0.5504,0.5669,0.5835,0.6006,0.617,0.6342,0.6505,0.667,0.6836,0.7007,0.7171,0.7337,0.751,0.7671,0.7837,0.8006,0.817,0.834,0.8505,0.8676,0.8838,0.9007,0.917,0.9339,0.9503,0.9673,0.9839,1.0008,1.0171,1.0344,1.0505,1.0676,1.084,1.1013,1.1173,1.1343,1.1507,1.1679,1.184,1.2008,1.2177,1.2339,1.2511,1.2682,1.2842,1.3013,1.3182,1.3342,1.3514,1.3675,1.3845,1.4007,1.418,1.4341,1.4513,1.4674,1.4843,1.5012]","[1,1,1,1,1,1,1,1,1,1,1,1,1,1,1,1,1,1,1,1,1,1,1,1,1,1,1,1,1,1,1,1,1,1,1,1,1,1,1,1,1,1,1,2,2,2,2,2,2,2,2,2,2,2,2,2,2,2,2,2,2,2,2,2,2,2,2,2,2,2,2,2,2,2,2,2,2,2,2,2,2,2,2,2,2,2,2,2,2,2,2]",20,265.3331,4,83,0,83,0,1,229579,4,SV_73ADPjbMtd0KUBg,304,2022-03-02_15h06.07.165,implicit_time,2021.1.4,Linux x86_64,59.95563283
cursorjump,135,45,0.5,10,NA,0,NA,0,1,0.5,FALSE,rotation,1,"[-0.002083,-0.002083,-0.002083,-0.002083,-0.002083,-0.002083,-0.002083,-0.002083,-0.002083,-0.002083,-0.002083,-0.002083,-0.002083,-0.002083,-0.002083,-0.002083,-0.002083,-0.002083,-0.002083,-0.002083,-0.002083,-0.002083,-0.002083,-0.00625,-0.010417,-0.027083,-0.039583,-0.075,-0.114583,-0.15625,-0.175,-0.20625,-0.21875,-0.239583,-0.2625,-0.275,-0.3,-0.325,-0.335417,-0.35625,-0.377083,-0.3875,-0.408333,-0.427083,-0.435417,-0.458333,-0.483333,-0.497917,-0.527083,-0.554167,-0.56875,-0.595833,-0.61875,-0.627083,-0.645833,-0.66875,-0.679167,-0.69375,-0.702083,-0.704167,-0.704167,-0.695833,-0.689583,-0.666667,-0.635417,-0.616667,-0.585417,-0.55625,-0.54375,-0.520833,-0.5,-0.489583,-0.472917,-0.460417,-0.454167,-0.445833,-0.4375,-0.433333,-0.416667,-0.391667,-0.377083,-0.345833,-0.30625,-0.283333,-0.2375,-0.189583,-0.164583,-0.116667,-0.070833,-0.05,-0.010417,0.025,0.041667,0.070833,0.09375,0.104167,0.120833,0.135417,0.145833,0.152083,0.160417,0.164583,0.166667,0.166667,0.164583,0.154167,0.139583,0.13125,0.114583,0.104167,0.0875,0.070833,0.058333,0.054167,0.041667,0.035417,0.022917,0.014583,0.010417,0.008333,0.00625,0.004167,0.00625,0.0125,0.016667,0.01875,0.016667,0.0125,0.008333]","[-0.001778,-0.001778,-0.001778,-0.001778,-0.001778,-0.001778,-0.001778,-0.001778,-0.001778,-0.001778,-0.001778,-0.001778,-0.001778,-0.001778,-0.001778,-0.001778,-0.001778,-0.001778,-0.001778,-0.001778,-0.001778,-0.001778,0.001333,0.010667,0.016889,0.032444,0.041778,0.069778,0.100889,0.135111,0.150667,0.188,0.206667,0.244,0.278222,0.293778,0.331111,0.371556,0.390222,0.430667,0.468,0.483556,0.511556,0.533333,0.542667,0.561333,0.576889,0.586222,0.598667,0.614222,0.620444,0.632889,0.645333,0.648444,0.660889,0.670222,0.676444,0.685778,0.701333,0.707556,0.726222,0.748,0.760444,0.788444,0.819556,0.832,0.856889,0.872444,0.878667,0.884889,0.891111,0.891111,0.891111,0.884889,0.878667,0.863111,0.838222,0.825778,0.794667,0.754222,0.735556,0.695111,0.657778,0.642222,0.614222,0.586222,0.573778,0.545778,0.517778,0.502222,0.474222,0.449333,0.436889,0.415111,0.393333,0.387111,0.377778,0.368444,0.359111,0.352889,0.334222,0.324889,0.3,0.275111,0.262667,0.247111,0.231556,0.225333,0.216,0.209778,0.200444,0.191111,0.184889,0.178667,0.169333,0.163111,0.153778,0.147556,0.144444,0.141333,0.135111,0.128889,0.110222,0.088444,0.069778,0.063556,0.051111,0.044889,0.038667]","[0.0002,0.0161,0.0332,0.0502,0.0664,0.0837,0.0998,0.1165,0.1336,0.1499,0.167,0.1828,0.1999,0.2171,0.2331,0.2502,0.2663,0.2836,0.2999,0.3168,0.333,0.3501,0.3673,0.3834,0.4007,0.4167,0.4338,0.4498,0.4668,0.4837,0.5007,0.5166,0.5339,0.5499,0.5668,0.5841,0.6004,0.6166,0.6339,0.65,0.667,0.6836,0.7009,0.7171,0.7333,0.7506,0.7668,0.784,0.8002,0.8172,0.8342,0.8503,0.8672,0.8835,0.9007,0.9169,0.934,0.9502,0.9672,0.9841,1.0002,1.0175,1.0335,1.0505,1.0674,1.0837,1.1007,1.1178,1.1339,1.151,1.167,1.1842,1.2003,1.2174,1.234,1.2509,1.2677,1.284,1.3013,1.3173,1.3341,1.351,1.3679,1.3839,1.401,1.4171,1.4342,1.4513,1.4671,1.4842,1.5012,1.5173,1.5342,1.5514,1.5677,1.5848,1.6008,1.618,1.6349,1.6511,1.6683,1.6844,1.7007,1.7179,1.7347,1.7516,1.7678,1.7848,1.8011,1.8183,1.8344,1.8515,1.8677,1.8849,1.901,1.9182,1.9343,1.9516,1.9674,1.9845,2.0016,2.0177,2.0347,2.0519,2.068,2.0849,2.101,2.1179,2.1351]","[1,1,1,1,1,1,1,1,1,1,1,1,1,1,1,1,1,1,1,1,1,1,1,1,1,1,1,1,1,1,1,1,1,1,1,1,1,1,1,1,1,1,1,1,1,1,1,1,1,1,1,1,1,1,1,1,2,2,2,2,2,2,2,2,2,2,2,2,2,2,2,2,2,2,2,2,2,2,2,2,2,2,2,2,2,2,2,2,2,2,2,2,2,2,2,2,2,2,2,2,2,2,2,2,2,2,2,2,2,2,2,2,2,2,2,2,2,2,2,2,2,2,2,2,2,2,2,2,2]",20,267.9852,4,84,0,84,0,1,229579,4,SV_73ADPjbMtd0KUBg,304,2022-03-02_15h06.07.165,implicit_time,2021.1.4,Linux x86_64,59.95563283
cursorjump,125,0,0,10,NA,0,NA,0,0,0.5,FALSE,rotation,0,"[0.035417,0.0375,0.0375,0.0375,0.0375,0.039583,0.039583,0.039583,0.039583,0.039583,0.039583,0.039583,0.0375,0.035417,0.035417,0.033333,0.03125,0.029167,0.027083,0.027083,0.025,0.020833,0.014583,0.010417,-0.002083,-0.010417,-0.029167,-0.052083,-0.079167,-0.09375,-0.127083,-0.14375,-0.172917,-0.197917,-0.222917,-0.239583,-0.26875,-0.283333,-0.30625,-0.325,-0.345833,-0.35625,-0.375,-0.38125,-0.389583,-0.395833,-0.40625,-0.414583,-0.433333,-0.44375,-0.464583,-0.48125,-0.495833,-0.504167,-0.525,-0.535417,-0.55625,-0.575,-0.58125,-0.58125,-0.58125,-0.58125,-0.579167,-0.579167,-0.579167,-0.579167,-0.577083,-0.575,-0.560417,-0.5375,-0.5,-0.477083,-0.43125,-0.40625,-0.360417,-0.310417,-0.264583,-0.241667,-0.2,-0.18125,-0.15,-0.129167,-0.114583,-0.108333,-0.097917,-0.09375,-0.08125,-0.064583,-0.054167,-0.033333,-0.0125,-0.004167,0.010417,0.01875,0.022917,0.027083,0.033333,0.033333,0.0375,0.039583,0.039583,0.041667,0.04375,0.04375,0.04375,0.039583]","[-0.011111,-0.011111,-0.014222,-0.017333,-0.020444,-0.020444,-0.023556,-0.023556,-0.023556,-0.026667,-0.029778,-0.032889,-0.036,-0.036,-0.039111,-0.039111,-0.042222,-0.042222,-0.045333,-0.045333,-0.045333,-0.045333,-0.042222,-0.036,-0.014222,0.001333,0.048,0.100889,0.150667,0.175556,0.222222,0.244,0.278222,0.309333,0.337333,0.356,0.387111,0.405778,0.44,0.474222,0.505333,0.520889,0.548889,0.564444,0.592444,0.623556,0.651556,0.664,0.692,0.707556,0.735556,0.769778,0.804,0.819556,0.850667,0.863111,0.888,0.909778,0.919111,0.919111,0.916,0.916,0.916,0.916,0.916,0.912889,0.906667,0.900444,0.881778,0.853778,0.822667,0.800889,0.754222,0.726222,0.664,0.601778,0.539556,0.508444,0.452444,0.427556,0.384,0.346667,0.315556,0.3,0.275111,0.259556,0.231556,0.200444,0.181778,0.150667,0.122667,0.110222,0.088444,0.076,0.072889,0.066667,0.063556,0.063556,0.057333,0.054222,0.051111,0.041778,0.029333,0.02,0.007556,-0.001778]","[0.0003,0.0165,0.0337,0.0496,0.0664,0.0835,0.0997,0.1168,0.1338,0.15,0.1667,0.1833,0.2005,0.2165,0.2336,0.2499,0.267,0.2832,0.3005,0.3166,0.3336,0.3499,0.3671,0.3834,0.4001,0.4173,0.433,0.4501,0.4673,0.4835,0.5001,0.5173,0.5335,0.5508,0.5668,0.584,0.6002,0.6174,0.6335,0.6505,0.6666,0.6836,0.7009,0.7171,0.7335,0.7505,0.7669,0.7838,0.8002,0.817,0.8342,0.8502,0.8675,0.8839,0.9003,0.9174,0.9335,0.9507,0.9673,0.9836,1.0008,1.0169,1.0337,1.0507,1.0678,1.0841,1.1003,1.1175,1.1339,1.1505,1.1673,1.1844,1.2005,1.2175,1.2339,1.2514,1.2677,1.2839,1.3011,1.3175,1.3339,1.351,1.3675,1.3848,1.401,1.4172,1.4346,1.4506,1.4678,1.4841,1.5012,1.5182,1.5344,1.5506,1.5677,1.5848,1.6009,1.6178,1.6349,1.6511,1.6683,1.6845,1.7007,1.7176,1.7349,1.7511]","[1,1,1,1,1,1,1,1,1,1,1,1,1,1,1,1,1,1,1,1,1,1,1,1,1,1,1,1,1,1,1,1,1,1,1,1,1,1,1,1,1,1,1,1,1,1,1,1,1,1,1,1,1,2,2,2,2,2,2,2,2,2,2,2,2,2,2,2,2,2,2,2,2,2,2,2,2,2,2,2,2,2,2,2,2,2,2,2,2,2,2,2,2,2,2,2,2,2,2,2,2,2,2,2,2,2]",20,270.2531,4,85,0,85,0,1,229579,4,SV_73ADPjbMtd0KUBg,304,2022-03-02_15h06.07.165,implicit_time,2021.1.4,Linux x86_64,59.95563283
cursorjump,225,45,0.5,10,NA,0,NA,0,1,0.5,FALSE,rotation,1,"[-0.016667,-0.014583,-0.0125,-0.0125,-0.0125,-0.0125,-0.010417,-0.010417,-0.008333,-0.008333,-0.008333,-0.00625,-0.00625,-0.00625,-0.00625,-0.00625,-0.00625,-0.00625,-0.00625,-0.00625,-0.008333,-0.0125,-0.022917,-0.035417,-0.045833,-0.06875,-0.083333,-0.114583,-0.147917,-0.183333,-0.2,-0.2375,-0.25625,-0.297917,-0.339583,-0.383333,-0.40625,-0.45,-0.472917,-0.5125,-0.547917,-0.577083,-0.589583,-0.614583,-0.639583,-0.65,-0.672917,-0.69375,-0.704167,-0.725,-0.733333,-0.75,-0.764583,-0.772917,-0.775,-0.779167,-0.779167,-0.779167,-0.779167,-0.783333,-0.7875,-0.79375,-0.797917,-0.80625,-0.814583,-0.820833,-0.822917,-0.827083,-0.827083,-0.827083,-0.825,-0.81875,-0.8125,-0.795833,-0.775,-0.7625,-0.735417,-0.708333,-0.69375,-0.66875,-0.641667,-0.63125,-0.610417,-0.591667,-0.583333,-0.566667,-0.554167,-0.547917,-0.5375,-0.53125,-0.51875,-0.508333,-0.495833,-0.489583,-0.475,-0.46875,-0.447917,-0.420833,-0.389583,-0.370833,-0.339583,-0.325,-0.295833,-0.272917,-0.25,-0.241667,-0.225,-0.216667,-0.20625,-0.2,-0.197917,-0.197917,-0.19375,-0.19375,-0.189583,-0.185417,-0.179167,-0.175,-0.164583,-0.15625,-0.14375,-0.135417,-0.127083,-0.122917,-0.114583,-0.108333,-0.097917,-0.085417,-0.072917,-0.066667,-0.054167,-0.05,-0.045833,-0.04375,-0.04375,-0.04375,-0.04375,-0.045833,-0.047917,-0.047917,-0.047917,-0.047917,-0.045833,-0.04375,-0.035417,-0.025]","[-0.020444,-0.020444,-0.020444,-0.020444,-0.017333,-0.017333,-0.014222,-0.008,-0.004889,-0.004889,-0.004889,-0.001778,-0.001778,-0.001778,-0.001778,-0.001778,-0.001778,-0.001778,-0.001778,-0.001778,-0.001778,-0.008,-0.017333,-0.036,-0.048444,-0.073333,-0.088889,-0.123111,-0.163556,-0.207111,-0.228889,-0.266222,-0.281778,-0.309778,-0.334667,-0.359556,-0.372,-0.396889,-0.406222,-0.428,-0.446667,-0.471556,-0.480889,-0.508889,-0.536889,-0.552444,-0.583556,-0.611556,-0.624,-0.645778,-0.655111,-0.676889,-0.689333,-0.698667,-0.698667,-0.701778,-0.701778,-0.701778,-0.701778,-0.698667,-0.698667,-0.698667,-0.698667,-0.698667,-0.701778,-0.704889,-0.704889,-0.708,-0.708,-0.708,-0.704889,-0.692444,-0.683111,-0.655111,-0.624,-0.605333,-0.564889,-0.518222,-0.490222,-0.428,-0.362667,-0.331556,-0.266222,-0.204,-0.176,-0.126222,-0.082667,-0.064,-0.032889,-0.017333,0.013778,0.041778,0.063556,0.069778,0.085333,0.094667,0.107111,0.122667,0.141333,0.147556,0.156889,0.16,0.166222,0.166222,0.163111,0.16,0.153778,0.147556,0.132,0.107111,0.082222,0.069778,0.051111,0.041778,0.023111,0.004444,-0.014222,-0.020444,-0.036,-0.042222,-0.051556,-0.054667,-0.054667,-0.051556,-0.048444,-0.048444,-0.039111,-0.029778,-0.020444,-0.017333,-0.014222,-0.014222,-0.014222,-0.014222,-0.014222,-0.014222,-0.014222,-0.014222,-0.020444,-0.023556,-0.026667,-0.026667,-0.026667,-0.026667,-0.026667,-0.026667]","[0.0003,0.0169,0.034,0.0504,0.0665,0.0837,0.1007,0.1166,0.1336,0.1506,0.1675,0.1837,0.2008,0.2168,0.2339,0.2499,0.2674,0.2835,0.3006,0.3174,0.3336,0.3509,0.3671,0.3842,0.4003,0.4172,0.4344,0.4506,0.4669,0.4841,0.5002,0.5173,0.5344,0.5506,0.5677,0.5839,0.6011,0.6173,0.6345,0.6508,0.6679,0.6841,0.7012,0.7174,0.7344,0.7504,0.7677,0.7838,0.8006,0.8178,0.834,0.8511,0.8672,0.8841,0.9013,0.9175,0.9346,0.9507,0.9678,0.9838,1.0008,1.0178,1.034,1.0512,1.0683,1.0841,1.1011,1.1182,1.1343,1.1515,1.1675,1.1844,1.2014,1.2175,1.2346,1.2517,1.2679,1.285,1.3009,1.3179,1.3349,1.351,1.3681,1.3849,1.4019,1.4181,1.4352,1.4514,1.4686,1.4846,1.5018,1.5181,1.5352,1.5513,1.5683,1.585,1.602,1.618,1.6351,1.6512,1.6683,1.6845,1.7017,1.7177,1.7347,1.7518,1.768,1.7851,1.8012,1.8183,1.8355,1.8517,1.8689,1.8851,1.9012,1.9183,1.9354,1.9517,1.9689,1.985,2.0021,2.0184,2.0356,2.0518,2.0689,2.0851,2.1023,2.1185,2.1357,2.1518,2.1687,2.1857,2.2019,2.2191,2.2354,2.2516,2.2687,2.2849,2.3023,2.3185,2.3356,2.3524,2.3685,2.3856,2.4017,2.4188]","[1,1,1,1,1,1,1,1,1,1,1,1,1,1,1,1,1,1,1,1,1,1,1,1,1,1,1,1,1,1,1,1,1,1,1,1,1,1,1,1,1,1,1,1,1,1,1,1,1,2,2,2,2,2,2,2,2,2,2,2,2,2,2,2,2,2,2,2,2,2,2,2,2,2,2,2,2,2,2,2,2,2,2,2,2,2,2,2,2,2,2,2,2,2,2,2,2,2,2,2,2,2,2,2,2,2,2,2,2,2,2,2,2,2,2,2,2,2,2,2,2,2,2,2,2,2,2,2,2,2,2,2,2,2,2,2,2,2,2,2,2,2,2,2,2,2]",20,273.1887,4,86,0,86,0,1,229579,4,SV_73ADPjbMtd0KUBg,304,2022-03-02_15h06.07.165,implicit_time,2021.1.4,Linux x86_64,59.95563283
cursorjump,215,0,0,10,NA,0,NA,0,0,0.5,FALSE,rotation,0,"[-0.002083,-0.002083,-0.002083,-0.002083,-0.002083,-0.002083,-0.002083,-0.002083,-0.002083,-0.002083,-0.002083,-0.002083,-0.002083,-0.002083,-0.002083,-0.002083,-0.002083,-0.002083,-0.002083,-0.002083,-0.002083,-0.002083,-0.002083,-0.002083,-0.002083,-0.002083,-0.004167,-0.00625,-0.01875,-0.0375,-0.047917,-0.072917,-0.102083,-0.116667,-0.154167,-0.197917,-0.220833,-0.270833,-0.31875,-0.341667,-0.3875,-0.433333,-0.458333,-0.502083,-0.54375,-0.583333,-0.6,-0.633333,-0.645833,-0.66875,-0.679167,-0.695833,-0.708333,-0.720833,-0.727083,-0.739583,-0.745833,-0.764583,-0.783333,-0.802083,-0.8125,-0.83125,-0.841667,-0.860417,-0.875,-0.8875,-0.891667,-0.897917,-0.897917,-0.897917,-0.897917,-0.89375,-0.891667,-0.8875,-0.885417,-0.879167,-0.872917,-0.8625,-0.85625,-0.833333,-0.81875,-0.779167,-0.73125,-0.677083,-0.647917,-0.59375,-0.566667,-0.5125,-0.4625,-0.414583,-0.391667,-0.352083,-0.335417,-0.304167,-0.28125,-0.260417,-0.25,-0.23125,-0.222917,-0.208333,-0.197917,-0.183333,-0.175,-0.154167,-0.135417,-0.127083,-0.1125,-0.104167,-0.1,-0.089583,-0.079167,-0.072917,-0.0625,-0.05625,-0.054167,-0.05625,-0.05625,-0.0625,-0.06875,-0.072917,-0.079167,-0.083333,-0.083333,-0.08125,-0.075,-0.070833,-0.05625,-0.039583]","[-0.008,-0.008,-0.008,-0.008,-0.008,-0.008,-0.008,-0.008,-0.008,-0.008,-0.008,-0.008,-0.008,-0.008,-0.008,-0.008,-0.008,-0.008,-0.008,-0.008,-0.008,-0.008,-0.008,-0.008,-0.008,-0.008,-0.011111,-0.017333,-0.029778,-0.045333,-0.054667,-0.067111,-0.082667,-0.092,-0.113778,-0.138667,-0.151111,-0.176,-0.197778,-0.207111,-0.232,-0.253778,-0.266222,-0.291111,-0.316,-0.337778,-0.350222,-0.368889,-0.375111,-0.390667,-0.396889,-0.406222,-0.412444,-0.421778,-0.424889,-0.434222,-0.440444,-0.456,-0.471556,-0.490222,-0.499556,-0.518222,-0.527556,-0.552444,-0.574222,-0.592889,-0.602222,-0.611556,-0.617778,-0.624,-0.624,-0.624,-0.620889,-0.614667,-0.611556,-0.602222,-0.592889,-0.577333,-0.564889,-0.533778,-0.512,-0.465333,-0.412444,-0.368889,-0.347111,-0.306667,-0.288,-0.253778,-0.216444,-0.179111,-0.163556,-0.129333,-0.110667,-0.082667,-0.060889,-0.039111,-0.026667,-0.008,-0.001778,0.013778,0.023111,0.029333,0.035556,0.048,0.057333,0.063556,0.072889,0.076,0.079111,0.082222,0.082222,0.082222,0.069778,0.054222,0.048,0.035556,0.029333,0.013778,0.001333,-0.004889,-0.011111,-0.014222,-0.014222,-0.014222,-0.014222,-0.011111,-0.008,-0.001778]","[0.0003,0.0166,0.0328,0.0501,0.066,0.0829,0.1001,0.1161,0.1331,0.1494,0.1662,0.1834,0.1994,0.2165,0.2329,0.2499,0.2662,0.2833,0.3001,0.316,0.3331,0.3501,0.3669,0.3827,0.3997,0.4167,0.433,0.4504,0.4665,0.4836,0.5041,0.5175,0.5337,0.5501,0.5665,0.5833,0.6003,0.6165,0.6337,0.6499,0.6672,0.6833,0.7004,0.7167,0.7333,0.7506,0.7667,0.7836,0.8001,0.8171,0.8333,0.8506,0.8668,0.8838,0.9001,0.9169,0.9336,0.9501,0.967,0.9836,1.0003,1.017,1.0337,1.0504,1.0669,1.0839,1.1004,1.1171,1.1338,1.1504,1.1669,1.184,1.2006,1.2169,1.2337,1.2507,1.2671,1.2839,1.3009,1.3172,1.3342,1.3506,1.3673,1.3839,1.4006,1.4174,1.4341,1.4506,1.4674,1.4839,1.5011,1.5175,1.534,1.5513,1.5675,1.5847,1.6008,1.6177,1.6341,1.6514,1.6675,1.6848,1.701,1.7175,1.7348,1.7509,1.7678,1.7846,1.801,1.8179,1.8347,1.8514,1.8677,1.8849,1.9011,1.9181,1.9344,1.9513,1.9683,1.9845,2.0011,2.0183,2.0344,2.0515,2.0679,2.0851,2.1014,2.1184]","[1,1,1,1,1,1,1,1,1,1,1,1,1,1,1,1,1,1,1,1,1,1,1,1,1,1,1,1,1,1,1,1,1,1,1,1,1,1,1,1,1,1,1,1,1,1,1,1,1,1,1,1,1,1,1,1,1,1,1,1,1,2,2,2,2,2,2,2,2,2,2,2,2,2,2,2,2,2,2,2,2,2,2,2,2,2,2,2,2,2,2,2,2,2,2,2,2,2,2,2,2,2,2,2,2,2,2,2,2,2,2,2,2,2,2,2,2,2,2,2,2,2,2,2,2,2,2,2]",20,275.8246,4,87,0,87,0,1,229579,4,SV_73ADPjbMtd0KUBg,304,2022-03-02_15h06.07.165,implicit_time,2021.1.4,Linux x86_64,59.95563283
cursorjump,225,45,0.5,10,NA,0,NA,0,1,0.5,FALSE,rotation,1,"[-0.002083,-0.002083,0,0,0.002083,0.002083,0.002083,0.002083,0.004167,0.004167,0.004167,0.004167,0.004167,0.00625,0.00625,0.00625,0.00625,0.00625,0.008333,0.008333,0.010417,0.010417,0.008333,-0.002083,-0.010417,-0.033333,-0.0625,-0.079167,-0.11875,-0.1625,-0.1875,-0.2375,-0.291667,-0.31875,-0.372917,-0.425,-0.452083,-0.497917,-0.535417,-0.55,-0.577083,-0.595833,-0.604167,-0.616667,-0.625,-0.63125,-0.641667,-0.658333,-0.666667,-0.6875,-0.708333,-0.716667,-0.735417,-0.752083,-0.760417,-0.775,-0.789583,-0.795833,-0.80625,-0.81875,-0.825,-0.833333,-0.8375,-0.839583,-0.839583,-0.83125,-0.825,-0.810417,-0.791667,-0.779167,-0.75625,-0.729167,-0.714583,-0.683333,-0.647917,-0.633333,-0.602083,-0.572917,-0.5625,-0.539583,-0.525,-0.51875,-0.510417,-0.50625,-0.504167,-0.5,-0.497917,-0.491667,-0.48125,-0.466667,-0.460417,-0.44375,-0.435417,-0.416667,-0.395833,-0.370833,-0.35625,-0.327083,-0.3125,-0.2875,-0.264583,-0.245833,-0.2375,-0.220833,-0.214583,-0.208333,-0.204167,-0.2,-0.195833,-0.189583,-0.183333,-0.172917,-0.160417,-0.145833,-0.141667,-0.13125,-0.129167,-0.125,-0.11875,-0.1125,-0.108333,-0.097917,-0.091667,-0.077083,-0.060417,-0.047917,-0.041667,-0.0375]","[0.007556,0.007556,0.007556,0.007556,0.010667,0.010667,0.010667,0.010667,0.010667,0.010667,0.010667,0.010667,0.010667,0.010667,0.010667,0.010667,0.010667,0.010667,0.010667,0.007556,0.004444,0.004444,-0.004889,-0.020444,-0.029778,-0.051556,-0.076444,-0.092,-0.126222,-0.166667,-0.185333,-0.225778,-0.266222,-0.284889,-0.319111,-0.353333,-0.368889,-0.396889,-0.421778,-0.437333,-0.462222,-0.490222,-0.502667,-0.527556,-0.546222,-0.555556,-0.577333,-0.605333,-0.617778,-0.645778,-0.667556,-0.676889,-0.695556,-0.708,-0.714222,-0.720444,-0.723556,-0.723556,-0.720444,-0.711111,-0.708,-0.701778,-0.695556,-0.695556,-0.689333,-0.68,-0.673778,-0.658222,-0.639556,-0.627111,-0.596,-0.546222,-0.518222,-0.449778,-0.384444,-0.350222,-0.294222,-0.244444,-0.219556,-0.176,-0.132444,-0.110667,-0.073333,-0.039111,-0.023556,0.001333,0.013778,0.035556,0.057333,0.079111,0.088444,0.107111,0.113333,0.119556,0.125778,0.128889,0.128889,0.125778,0.122667,0.113333,0.104,0.094667,0.091556,0.079111,0.072889,0.060444,0.048,0.035556,0.029333,0.013778,0.007556,-0.004889,-0.011111,-0.014222,-0.017333,-0.017333,-0.017333,-0.017333,-0.014222,-0.011111,-0.011111,-0.011111,-0.008,-0.008,-0.008,-0.011111,-0.014222,-0.014222]","[0.0001,0.0164,0.0331,0.0499,0.0663,0.0833,0.0997,0.1164,0.1331,0.1496,0.1665,0.1831,0.1998,0.2166,0.2332,0.2499,0.2666,0.2832,0.2997,0.3166,0.3334,0.3499,0.3665,0.3833,0.3999,0.4168,0.4332,0.4502,0.4669,0.4833,0.5001,0.5169,0.5336,0.5502,0.5666,0.5834,0.6003,0.6171,0.6336,0.6499,0.6666,0.6837,0.7003,0.7169,0.7337,0.7502,0.767,0.7838,0.8006,0.8173,0.834,0.8507,0.8673,0.884,0.9007,0.9174,0.9339,0.9505,0.9673,0.984,1.0007,1.0174,1.0339,1.0507,1.0675,1.0839,1.1007,1.1177,1.134,1.1507,1.1673,1.1843,1.2008,1.2177,1.2341,1.2507,1.2676,1.2845,1.3011,1.3175,1.3342,1.3508,1.3678,1.3845,1.4011,1.4176,1.4344,1.451,1.4679,1.4847,1.5011,1.518,1.5348,1.5515,1.5679,1.5846,1.6011,1.6178,1.6347,1.6515,1.6684,1.6849,1.7014,1.7182,1.7347,1.7512,1.7681,1.785,1.8015,1.8184,1.8349,1.851,1.8679,1.8848,1.9015,1.9181,1.9348,1.9517,1.9685,1.9853,2.0012,2.0179,2.0346,2.0513,2.0685,2.0855,2.101,2.1177]","[1,1,1,1,1,1,1,1,1,1,1,1,1,1,1,1,1,1,1,1,1,1,1,1,1,1,1,1,1,1,1,1,1,1,1,1,1,1,1,1,1,1,1,1,1,1,1,1,1,1,2,2,2,2,2,2,2,2,2,2,2,2,2,2,2,2,2,2,2,2,2,2,2,2,2,2,2,2,2,2,2,2,2,2,2,2,2,2,2,2,2,2,2,2,2,2,2,2,2,2,2,2,2,2,2,2,2,2,2,2,2,2,2,2,2,2,2,2,2,2,2,2,2,2,2,2,2,2]",20,278.76,4,88,0,88,0,1,229579,4,SV_73ADPjbMtd0KUBg,304,2022-03-02_15h06.07.165,implicit_time,2021.1.4,Linux x86_64,59.95563283
cursorjump,235,0,0,10,NA,0,NA,0,0,0.5,FALSE,rotation,0,"[-0.0125,-0.0125,-0.010417,-0.010417,-0.010417,-0.008333,-0.008333,-0.008333,-0.00625,-0.00625,-0.00625,-0.004167,-0.004167,-0.004167,-0.004167,-0.004167,-0.004167,-0.004167,-0.002083,-0.002083,-0.004167,-0.008333,-0.022917,-0.041667,-0.058333,-0.0625,-0.070833,-0.072917,-0.08125,-0.091667,-0.10625,-0.1125,-0.129167,-0.1375,-0.158333,-0.183333,-0.2125,-0.225,-0.254167,-0.266667,-0.29375,-0.325,-0.354167,-0.366667,-0.391667,-0.404167,-0.422917,-0.441667,-0.460417,-0.46875,-0.485417,-0.49375,-0.510417,-0.527083,-0.547917,-0.55625,-0.575,-0.583333,-0.597917,-0.608333,-0.616667,-0.61875,-0.625,-0.627083,-0.629167,-0.63125,-0.63125,-0.633333,-0.633333,-0.635417,-0.635417,-0.635417,-0.633333,-0.620833,-0.6,-0.5875,-0.560417,-0.53125,-0.51875,-0.4875,-0.45,-0.43125,-0.395833,-0.364583,-0.35,-0.320833,-0.295833,-0.283333,-0.260417,-0.241667,-0.233333,-0.216667,-0.202083,-0.195833,-0.183333,-0.175,-0.170833,-0.1625,-0.15625,-0.154167,-0.15,-0.14375,-0.141667,-0.133333,-0.125,-0.122917,-0.116667,-0.108333,-0.104167,-0.09375,-0.083333,-0.079167,-0.06875,-0.060417,-0.05625,-0.04375,-0.025]","[0.016889,0.016889,0.016889,0.016889,0.016889,0.016889,0.016889,0.02,0.02,0.02,0.02,0.02,0.02,0.02,0.02,0.02,0.02,0.02,0.02,0.016889,0.010667,0.004444,-0.014222,-0.036,-0.048444,-0.054667,-0.064,-0.067111,-0.076444,-0.088889,-0.107556,-0.116889,-0.144889,-0.160444,-0.200889,-0.247556,-0.294222,-0.316,-0.359556,-0.378222,-0.412444,-0.446667,-0.471556,-0.484,-0.505778,-0.518222,-0.54,-0.564889,-0.592889,-0.605333,-0.633333,-0.648889,-0.676889,-0.704889,-0.732889,-0.745333,-0.773333,-0.785778,-0.807556,-0.829333,-0.848,-0.854222,-0.869778,-0.872889,-0.879111,-0.885333,-0.888444,-0.891556,-0.894667,-0.897778,-0.894667,-0.879111,-0.869778,-0.838667,-0.804444,-0.785778,-0.736,-0.683111,-0.652,-0.589778,-0.527556,-0.496444,-0.440444,-0.387556,-0.365778,-0.319111,-0.278667,-0.263111,-0.232,-0.207111,-0.197778,-0.176,-0.151111,-0.141778,-0.123111,-0.107556,-0.101333,-0.088889,-0.073333,-0.067111,-0.057778,-0.048444,-0.045333,-0.036,-0.029778,-0.026667,-0.023556,-0.020444,-0.020444,-0.017333,-0.011111,-0.008,-0.001778,0.001333,0.004444,0.010667,0.02]","[0.0007,0.0165,0.0326,0.05,0.0664,0.0837,0.0997,0.1166,0.1337,0.1492,0.1661,0.1832,0.1998,0.2167,0.233,0.2497,0.2663,0.2831,0.2998,0.3168,0.3332,0.3499,0.3665,0.383,0.3998,0.4167,0.4335,0.4503,0.467,0.4837,0.5,0.5169,0.5339,0.5499,0.5671,0.5834,0.6007,0.6166,0.6336,0.6507,0.6665,0.6834,0.7005,0.7167,0.7335,0.7503,0.7671,0.7844,0.8003,0.8174,0.8342,0.851,0.867,0.884,0.9008,0.9176,0.9335,0.9504,0.9673,0.9842,1,1.0168,1.0339,1.0509,1.0675,1.0843,1.1003,1.1174,1.1342,1.1504,1.1673,1.1844,1.2005,1.2173,1.2339,1.2506,1.2672,1.2847,1.3007,1.318,1.334,1.3506,1.3674,1.3844,1.4005,1.4176,1.4344,1.4507,1.4675,1.4846,1.5006,1.5178,1.5345,1.5513,1.5674,1.5843,1.6012,1.6172,1.634,1.6512,1.6681,1.6839,1.7015,1.7181,1.735,1.7507,1.7679,1.7849,1.8015,1.8174,1.8341,1.851,1.8679,1.8849,1.9008,1.9174,1.9342]","[1,1,1,1,1,1,1,1,1,1,1,1,1,1,1,1,1,1,1,1,1,1,1,1,1,1,1,1,1,1,1,1,1,1,1,1,1,1,1,1,1,1,1,1,1,1,1,1,1,1,1,1,1,1,1,1,2,2,2,2,2,2,2,2,2,2,2,2,2,2,2,2,2,2,2,2,2,2,2,2,2,2,2,2,2,2,2,2,2,2,2,2,2,2,2,2,2,2,2,2,2,2,2,2,2,2,2,2,2,2,2,2,2,2,2,2,2]",20,281.2119,4,89,0,89,0,1,229579,4,SV_73ADPjbMtd0KUBg,304,2022-03-02_15h06.07.165,implicit_time,2021.1.4,Linux x86_64,59.95563283
cursorjump,45,45,0.5,10,NA,0,NA,0,1,0.5,FALSE,rotation,1,"[0.008333,0.008333,0.008333,0.008333,0.008333,0.008333,0.008333,0.008333,0.008333,0.008333,0.008333,0.008333,0.008333,0.008333,0.008333,0.008333,0.008333,0.008333,0.008333,0.008333,0.008333,0.008333,0.008333,0.010417,0.016667,0.0375,0.06875,0.0875,0.125,0.145833,0.19375,0.24375,0.297917,0.322917,0.372917,0.395833,0.439583,0.48125,0.520833,0.539583,0.570833,0.583333,0.604167,0.622917,0.639583,0.647917,0.666667,0.672917,0.685417,0.695833,0.704167,0.710417,0.727083,0.735417,0.75625,0.775,0.7875,0.8125,0.839583,0.854167,0.870833,0.883333,0.889583,0.902083,0.9125,0.920833,0.922917,0.925,0.920833,0.908333,0.8875,0.877083,0.85625,0.829167,0.810417,0.764583,0.708333,0.654167,0.629167,0.5875,0.566667,0.516667,0.466667,0.41875,0.4,0.36875,0.354167,0.327083,0.3,0.277083,0.26875,0.252083,0.245833,0.233333,0.21875,0.204167,0.195833,0.183333,0.177083,0.164583,0.152083,0.14375,0.139583,0.135417,0.13125,0.122917,0.1125,0.1,0.09375,0.08125,0.075,0.066667,0.05625,0.05,0.047917,0.04375,0.04375,0.039583,0.0375,0.033333,0.03125,0.029167]","[-0.001778,-0.001778,-0.001778,-0.001778,-0.001778,-0.001778,-0.001778,-0.001778,-0.001778,-0.001778,0.001333,0.001333,0.001333,0.001333,0.001333,0.001333,0.001333,0.001333,0.001333,0.001333,0.001333,0.001333,0.004444,0.004444,0.013778,0.035556,0.066667,0.088444,0.132,0.153778,0.203556,0.247111,0.290667,0.309333,0.346667,0.362222,0.393333,0.418222,0.44,0.449333,0.464889,0.474222,0.483556,0.492889,0.502222,0.508444,0.520889,0.524,0.536444,0.545778,0.555111,0.561333,0.576889,0.586222,0.598667,0.611111,0.614222,0.620444,0.623556,0.626667,0.620444,0.608,0.601778,0.586222,0.570667,0.561333,0.555111,0.548889,0.545778,0.536444,0.527111,0.524,0.514667,0.502222,0.496,0.474222,0.443111,0.405778,0.387111,0.346667,0.324889,0.275111,0.222222,0.172444,0.147556,0.107111,0.088444,0.051111,0.010667,-0.020444,-0.036,-0.054667,-0.060889,-0.073333,-0.085778,-0.095111,-0.098222,-0.101333,-0.101333,-0.095111,-0.085778,-0.079556,-0.079556,-0.073333,-0.070222,-0.060889,-0.051556,-0.045333,-0.042222,-0.039111,-0.039111,-0.036,-0.036,-0.032889,-0.032889,-0.032889,-0.032889,-0.029778,-0.029778,-0.029778,-0.029778,-0.026667]","[0.0008,0.0162,0.0325,0.0489,0.0665,0.0823,0.0994,0.1162,0.1328,0.1492,0.1664,0.1828,0.1994,0.2162,0.2331,0.2493,0.2659,0.2827,0.2991,0.3164,0.3332,0.3498,0.3664,0.3831,0.3998,0.4163,0.4328,0.4502,0.4661,0.4831,0.4999,0.5166,0.5332,0.5498,0.5665,0.5832,0.6001,0.6164,0.6329,0.6497,0.6664,0.683,0.7,0.7167,0.7334,0.7501,0.7668,0.7835,0.8001,0.8167,0.8334,0.8501,0.8671,0.8837,0.9004,0.9168,0.9336,0.9505,0.9671,0.984,0.9997,1.0173,1.0341,1.05,1.067,1.0842,1.1004,1.1172,1.1341,1.1502,1.167,1.1837,1.2004,1.2171,1.2339,1.2505,1.2674,1.284,1.3007,1.3174,1.3343,1.3503,1.3672,1.3843,1.4008,1.4177,1.4344,1.4504,1.4675,1.4845,1.5003,1.5171,1.534,1.5511,1.5669,1.5839,1.6008,1.6176,1.6343,1.6511,1.6677,1.6841,1.7007,1.7173,1.7341,1.7514,1.7672,1.7841,1.8009,1.8177,1.8348,1.8508,1.8678,1.8848,1.9015,1.9181,1.9346,1.9515,1.9675,1.9845,2.0013,2.0183]","[1,1,1,1,1,1,1,1,1,1,1,1,1,1,1,1,1,1,1,1,1,1,1,1,1,1,1,1,1,1,1,1,1,1,1,1,1,1,1,1,1,1,1,1,1,1,1,1,1,1,1,1,1,1,2,2,2,2,2,2,2,2,2,2,2,2,2,2,2,2,2,2,2,2,2,2,2,2,2,2,2,2,2,2,2,2,2,2,2,2,2,2,2,2,2,2,2,2,2,2,2,2,2,2,2,2,2,2,2,2,2,2,2,2,2,2,2,2,2,2,2,2]",20,283.748,4,90,0,90,0,1,229579,4,SV_73ADPjbMtd0KUBg,304,2022-03-02_15h06.07.165,implicit_time,2021.1.4,Linux x86_64,59.95563283
cursorjump,55,0,0,10,NA,0,NA,0,0,0.5,FALSE,rotation,0,"[-0.010417,-0.010417,-0.010417,-0.010417,-0.010417,-0.010417,-0.010417,-0.010417,-0.010417,-0.010417,-0.010417,-0.0125,-0.0125,-0.0125,-0.0125,-0.0125,-0.0125,-0.0125,-0.0125,-0.0125,-0.0125,-0.010417,-0.010417,-0.00625,-0.002083,0.0125,0.0375,0.052083,0.085417,0.120833,0.139583,0.179167,0.220833,0.241667,0.279167,0.3125,0.329167,0.358333,0.3875,0.4,0.425,0.435417,0.45625,0.477083,0.502083,0.514583,0.541667,0.554167,0.58125,0.608333,0.6375,0.652083,0.679167,0.69375,0.720833,0.74375,0.764583,0.775,0.789583,0.791667,0.79375,0.79375,0.79375,0.79375,0.79375,0.79375,0.795833,0.795833,0.795833,0.795833,0.791667,0.7875,0.7625,0.725,0.670833,0.641667,0.583333,0.552083,0.491667,0.429167,0.36875,0.339583,0.291667,0.270833,0.23125,0.191667,0.158333,0.14375,0.120833,0.1125,0.097917,0.085417,0.072917,0.06875,0.0625,0.0625,0.060417,0.05625,0.05,0.047917,0.045833,0.04375,0.039583,0.0375]","[0.016889,0.016889,0.016889,0.016889,0.016889,0.016889,0.016889,0.016889,0.016889,0.016889,0.016889,0.02,0.02,0.02,0.02,0.02,0.02,0.02,0.02,0.02,0.02,0.02,0.023111,0.029333,0.035556,0.054222,0.079111,0.094667,0.125778,0.166222,0.184889,0.231556,0.278222,0.3,0.334222,0.362222,0.371556,0.393333,0.415111,0.427556,0.446222,0.455556,0.474222,0.492889,0.511556,0.520889,0.542667,0.552,0.573778,0.595556,0.614222,0.623556,0.642222,0.651556,0.670222,0.682667,0.698222,0.704444,0.713778,0.713778,0.716889,0.713778,0.713778,0.713778,0.713778,0.713778,0.713778,0.710667,0.707556,0.704444,0.695111,0.688889,0.664,0.632889,0.592444,0.573778,0.524,0.502222,0.449333,0.396444,0.349778,0.328,0.287556,0.268889,0.231556,0.194222,0.163111,0.150667,0.128889,0.119556,0.104,0.088444,0.072889,0.066667,0.060444,0.057333,0.054222,0.044889,0.038667,0.035556,0.029333,0.026222,0.023111,0.016889]","[0.0008,0.0157,0.0323,0.049,0.0657,0.0823,0.0988,0.1156,0.1321,0.1494,0.1659,0.1826,0.1992,0.2161,0.2326,0.2493,0.2658,0.2824,0.2991,0.3158,0.3328,0.3494,0.3663,0.3827,0.3994,0.4159,0.4325,0.4492,0.4659,0.4827,0.4994,0.5161,0.5329,0.5498,0.5668,0.5827,0.5994,0.6161,0.6329,0.6497,0.6667,0.6826,0.6996,0.7163,0.733,0.7499,0.7671,0.7832,0.8004,0.8165,0.8334,0.8495,0.8662,0.8832,0.9004,0.9161,0.9328,0.9496,0.9662,0.9828,0.9998,1.0166,1.0329,1.0498,1.067,1.0829,1.1,1.1168,1.1334,1.1498,1.1664,1.1833,1.2001,1.2169,1.2335,1.2502,1.2666,1.2833,1.3,1.317,1.3334,1.3498,1.3668,1.3837,1.4001,1.4167,1.4334,1.4503,1.4676,1.4836,1.5,1.5168,1.5337,1.5504,1.5676,1.5833,1.6002,1.6169,1.6336,1.6507,1.6667,1.6834,1.6999,1.717]","[1,1,1,1,1,1,1,1,1,1,1,1,1,1,1,1,1,1,1,1,1,1,1,1,1,1,1,1,1,1,1,1,1,1,1,1,1,1,1,1,1,1,1,1,1,1,1,1,1,1,1,1,1,1,2,2,2,2,2,2,2,2,2,2,2,2,2,2,2,2,2,2,2,2,2,2,2,2,2,2,2,2,2,2,2,2,2,2,2,2,2,2,2,2,2,2,2,2,2,2,2,2,2,2]",20,285.9822,4,91,0,91,0,1,229579,4,SV_73ADPjbMtd0KUBg,304,2022-03-02_15h06.07.165,implicit_time,2021.1.4,Linux x86_64,59.95563283
cursorjump,315,45,0.5,10,NA,0,NA,0,1,0.5,FALSE,rotation,1,"[-0.002083,0,0,0,0.002083,0.002083,0.004167,0.004167,0.004167,0.004167,0.004167,0.004167,0.004167,0.004167,0.004167,0.004167,0.004167,0.004167,0.004167,0.004167,0.004167,0.004167,0.00625,0.008333,0.0125,0.025,0.045833,0.070833,0.085417,0.114583,0.13125,0.172917,0.220833,0.247917,0.297917,0.339583,0.35625,0.385417,0.408333,0.41875,0.439583,0.458333,0.46875,0.4875,0.50625,0.51875,0.54375,0.566667,0.575,0.583333,0.585417,0.585417,0.583333,0.575,0.56875,0.547917,0.535417,0.5125,0.489583,0.46875,0.45625,0.429167,0.397917,0.38125,0.347917,0.308333,0.2875,0.239583,0.2125,0.1625,0.11875,0.085417,0.070833,0.045833,0.027083,0.016667,-0.004167,-0.022917,-0.033333,-0.05,-0.060417,-0.083333,-0.110417,-0.133333,-0.145833,-0.166667,-0.185417,-0.191667,-0.2,-0.204167,-0.202083,-0.195833,-0.191667,-0.177083,-0.158333,-0.141667,-0.135417,-0.120833,-0.110417,-0.104167,-0.09375,-0.083333,-0.079167,-0.06875,-0.060417,-0.05625,-0.05,-0.04375,-0.039583,-0.033333,-0.03125,-0.027083,-0.025,-0.025,-0.022917,-0.020833,-0.020833,-0.01875,-0.01875,-0.01875,-0.01875,-0.01875,-0.01875,-0.01875,-0.016667,-0.016667,-0.014583]","[0.001333,0.001333,0.004444,0.004444,0.004444,0.007556,0.007556,0.007556,0.007556,0.007556,0.007556,0.007556,0.007556,0.007556,0.007556,0.007556,0.007556,0.007556,0.007556,0.007556,0.007556,0.007556,0.007556,0.010667,0.007556,0.001333,-0.017333,-0.048444,-0.067111,-0.116889,-0.144889,-0.213333,-0.278667,-0.306667,-0.359556,-0.409333,-0.431111,-0.474667,-0.512,-0.530667,-0.568,-0.608444,-0.624,-0.658222,-0.689333,-0.704889,-0.732889,-0.757778,-0.767111,-0.776444,-0.779556,-0.779556,-0.779556,-0.776444,-0.773333,-0.764,-0.754667,-0.736,-0.714222,-0.695556,-0.683111,-0.655111,-0.627111,-0.614667,-0.589778,-0.561778,-0.549333,-0.518222,-0.502667,-0.471556,-0.443556,-0.421778,-0.412444,-0.396889,-0.381333,-0.378222,-0.365778,-0.359556,-0.353333,-0.347111,-0.344,-0.331556,-0.316,-0.300444,-0.294222,-0.278667,-0.26,-0.250667,-0.235111,-0.222667,-0.216444,-0.197778,-0.188444,-0.166667,-0.144889,-0.132444,-0.129333,-0.126222,-0.123111,-0.123111,-0.123111,-0.123111,-0.123111,-0.123111,-0.126222,-0.126222,-0.126222,-0.12,-0.113778,-0.095111,-0.088889,-0.076444,-0.070222,-0.064,-0.060889,-0.054667,-0.051556,-0.048444,-0.048444,-0.048444,-0.048444,-0.048444,-0.048444,-0.045333,-0.042222,-0.039111,-0.029778]","[0.0006,0.0163,0.0332,0.0499,0.0665,0.0832,0.0998,0.1163,0.1331,0.1497,0.1663,0.1832,0.1994,0.2166,0.233,0.2499,0.2662,0.2839,0.2996,0.3159,0.3336,0.3498,0.3663,0.3834,0.3998,0.4164,0.4336,0.4502,0.4668,0.4833,0.5001,0.5165,0.5336,0.5501,0.5666,0.5838,0.6002,0.6168,0.6334,0.65,0.6672,0.6836,0.7,0.7175,0.7341,0.7498,0.7674,0.7832,0.8007,0.8172,0.834,0.8507,0.8673,0.8839,0.9005,0.9171,0.9339,0.9504,0.9671,0.9838,1.0003,1.0169,1.0343,1.0507,1.0672,1.084,1.1006,1.1173,1.1339,1.1505,1.1673,1.184,1.2004,1.2178,1.2342,1.2509,1.2675,1.2841,1.3007,1.3173,1.3338,1.3504,1.368,1.3845,1.4011,1.4176,1.4342,1.4507,1.4673,1.4839,1.5006,1.5182,1.5339,1.5514,1.568,1.5847,1.6012,1.6177,1.6344,1.6511,1.6675,1.6842,1.7008,1.7174,1.7349,1.7515,1.7681,1.7842,1.8006,1.8184,1.8341,1.8506,1.8674,1.8841,1.9017,1.9184,1.9349,1.951,1.9674,1.9843,2.0009,2.0178,2.0343,2.0509,2.0685,2.0845,2.1009]","[1,1,1,1,1,1,1,1,1,1,1,1,1,1,1,1,1,1,1,1,1,1,1,1,1,1,1,1,1,1,1,1,1,1,1,1,1,1,1,1,1,1,1,1,1,1,1,1,2,2,2,2,2,2,2,2,2,2,2,2,2,2,2,2,2,2,2,2,2,2,2,2,2,2,2,2,2,2,2,2,2,2,2,2,2,2,2,2,2,2,2,2,2,2,2,2,2,2,2,2,2,2,2,2,2,2,2,2,2,2,2,2,2,2,2,2,2,2,2,2,2,2,2,2,2,2,2]",20,288.6005,4,92,0,92,0,1,229579,4,SV_73ADPjbMtd0KUBg,304,2022-03-02_15h06.07.165,implicit_time,2021.1.4,Linux x86_64,59.95563283
cursorjump,305,0,0,10,NA,0,NA,0,0,0.5,FALSE,rotation,0,"[0.00625,0.00625,0.00625,0.00625,0.00625,0.008333,0.008333,0.008333,0.008333,0.008333,0.008333,0.008333,0.008333,0.008333,0.008333,0.010417,0.010417,0.010417,0.010417,0.010417,0.010417,0.0125,0.014583,0.022917,0.035417,0.054167,0.066667,0.089583,0.104167,0.139583,0.18125,0.202083,0.245833,0.283333,0.3,0.325,0.34375,0.352083,0.370833,0.3875,0.39375,0.40625,0.414583,0.420833,0.433333,0.447917,0.454167,0.46875,0.483333,0.491667,0.50625,0.522917,0.53125,0.54375,0.547917,0.545833,0.545833,0.545833,0.545833,0.545833,0.533333,0.520833,0.4875,0.45625,0.441667,0.4125,0.370833,0.347917,0.302083,0.26875,0.258333,0.2375,0.214583,0.202083,0.175,0.145833,0.145833,0.13125,0.116667,0.110417,0.095833,0.083333,0.072917,0.070833,0.064583,0.0625,0.058333,0.05625,0.05625,0.05625,0.058333,0.060417,0.06875,0.077083,0.08125,0.085417,0.085417,0.083333,0.079167,0.075,0.066667,0.05625,0.05,0.047917,0.04375,0.04375,0.039583,0.0375,0.033333]","[0.010667,0.010667,0.010667,0.010667,0.007556,0.007556,0.007556,0.007556,0.007556,0.007556,0.007556,0.004444,0.004444,0.004444,0.004444,0.004444,0.004444,0.004444,0.004444,0.004444,0.004444,0.004444,0.001333,-0.001778,-0.017333,-0.048444,-0.070222,-0.123111,-0.157333,-0.228889,-0.309778,-0.350222,-0.424889,-0.493333,-0.521333,-0.568,-0.605333,-0.624,-0.658222,-0.689333,-0.701778,-0.726667,-0.748444,-0.757778,-0.782667,-0.807556,-0.816889,-0.838667,-0.860444,-0.872889,-0.897778,-0.922667,-0.935111,-0.953778,-0.963111,-0.963111,-0.963111,-0.963111,-0.963111,-0.96,-0.947556,-0.938222,-0.907111,-0.876,-0.857333,-0.82,-0.767111,-0.739111,-0.676889,-0.630222,-0.614667,-0.589778,-0.555556,-0.533778,-0.487111,-0.424889,-0.424889,-0.403111,-0.381333,-0.365778,-0.331556,-0.294222,-0.269333,-0.26,-0.250667,-0.241333,-0.222667,-0.194667,-0.176,-0.172889,-0.166667,-0.163556,-0.157333,-0.141778,-0.132444,-0.123111,-0.113778,-0.110667,-0.098222,-0.088889,-0.070222,-0.054667,-0.048444,-0.045333,-0.039111,-0.036,-0.029778,-0.026667,-0.023556]","[0.0007,0.0169,0.0336,0.0502,0.0668,0.0834,0.1,0.1166,0.1332,0.1496,0.1671,0.1838,0.2002,0.2169,0.2335,0.25,0.267,0.2834,0.2999,0.3167,0.3332,0.3505,0.367,0.3838,0.4006,0.4171,0.4336,0.4503,0.4671,0.484,0.5008,0.517,0.5336,0.5501,0.5678,0.5837,0.6004,0.6171,0.6339,0.6504,0.667,0.6839,0.7007,0.7172,0.734,0.7505,0.7672,0.7839,0.8007,0.8176,0.8341,0.8508,0.8674,0.8844,0.9009,0.9176,0.9342,0.9508,0.9675,0.9842,1.0009,1.0175,1.0342,1.051,1.0674,1.0842,1.1009,1.1176,1.1346,1.151,1.1675,1.1843,1.2009,1.2176,1.2343,1.2619,1.2679,1.2847,1.3016,1.3178,1.3344,1.3512,1.3679,1.3847,1.4009,1.4175,1.4341,1.4508,1.4678,1.4844,1.5011,1.518,1.5344,1.551,1.5675,1.5843,1.601,1.6176,1.6343,1.6511,1.668,1.6847,1.7011,1.7175,1.7343,1.751,1.7677,1.7845,1.8012]","[1,1,1,1,1,1,1,1,1,1,1,1,1,1,1,1,1,1,1,1,1,1,1,1,1,1,1,1,1,1,1,1,1,1,1,1,1,1,1,1,1,1,1,1,1,1,1,2,2,2,2,2,2,2,2,2,2,2,2,2,2,2,2,2,2,2,2,2,2,2,2,2,2,2,2,2,2,2,2,2,2,2,2,2,2,2,2,2,2,2,2,2,2,2,2,2,2,2,2,2,2,2,2,2,2,2,2,2,2]",20,290.9191,4,93,0,93,0,1,229579,4,SV_73ADPjbMtd0KUBg,304,2022-03-02_15h06.07.165,implicit_time,2021.1.4,Linux x86_64,59.95563283
cursorjump,135,45,0.5,10,NA,0,NA,0,1,0.5,FALSE,rotation,1,"[-0.010417,-0.008333,-0.008333,-0.00625,-0.00625,-0.00625,-0.004167,-0.004167,-0.004167,-0.004167,-0.004167,-0.004167,-0.004167,-0.004167,-0.004167,-0.004167,-0.004167,-0.004167,-0.004167,-0.004167,-0.004167,-0.00625,-0.0125,-0.01875,-0.022917,-0.0375,-0.058333,-0.070833,-0.097917,-0.110417,-0.135417,-0.1625,-0.1875,-0.2,-0.222917,-0.23125,-0.247917,-0.258333,-0.26875,-0.275,-0.285417,-0.291667,-0.302083,-0.314583,-0.33125,-0.3375,-0.354167,-0.3625,-0.379167,-0.395833,-0.416667,-0.429167,-0.458333,-0.472917,-0.5,-0.51875,-0.529167,-0.533333,-0.535417,-0.533333,-0.527083,-0.5125,-0.489583,-0.477083,-0.45,-0.435417,-0.383333,-0.36875,-0.329167,-0.304167,-0.25625,-0.23125,-0.18125,-0.135417,-0.09375,-0.075,-0.0375,-0.022917,0,0.0125,0.01875,0.020833,0.020833,0.020833,0.01875,0.014583,0.008333,0.004167,-0.010417,-0.01875,-0.041667,-0.066667,-0.089583,-0.102083,-0.129167,-0.141667,-0.170833,-0.195833,-0.208333,-0.229167,-0.245833,-0.254167,-0.270833,-0.285417,-0.291667,-0.30625,-0.31875,-0.325,-0.333333,-0.34375,-0.352083,-0.36875,-0.389583,-0.402083,-0.427083,-0.45625,-0.46875,-0.495833,-0.516667,-0.525,-0.539583,-0.545833,-0.547917,-0.545833,-0.541667,-0.5375,-0.529167,-0.516667,-0.510417,-0.495833,-0.477083,-0.466667,-0.44375,-0.420833,-0.4125,-0.395833,-0.383333,-0.379167,-0.366667,-0.352083,-0.345833,-0.33125,-0.320833,-0.31875,-0.314583,-0.310417,-0.308333,-0.302083,-0.297917,-0.29375,-0.289583,-0.285417,-0.283333,-0.28125,-0.28125,-0.28125,-0.28125,-0.28125,-0.28125,-0.28125,-0.28125,-0.28125,-0.279167,-0.275,-0.272917,-0.26875,-0.266667,-0.260417,-0.25,-0.235417,-0.227083,-0.204167,-0.191667,-0.1625,-0.127083,-0.0875,-0.06875,-0.035417,-0.01875,0.0125,0.045833,0.075,0.089583,0.11875,0.133333,0.158333,0.177083,0.19375,0.2,0.208333,0.2125,0.214583,0.216667,0.220833,0.220833,0.220833,0.220833,0.216667,0.208333,0.191667,0.18125,0.158333,0.15,0.1375,0.127083,0.114583,0.108333,0.095833,0.089583,0.079167,0.070833,0.060417,0.05625,0.047917,0.04375,0.041667,0.039583,0.035417,0.035417,0.029167,0.025]","[0.016889,0.013778,0.010667,0.007556,0.004444,0.001333,0.001333,-0.001778,-0.001778,-0.001778,-0.001778,-0.001778,-0.001778,-0.001778,-0.001778,-0.001778,-0.001778,-0.001778,-0.001778,-0.001778,-0.001778,-0.001778,-0.001778,-0.001778,0.001333,0.010667,0.026222,0.038667,0.063556,0.076,0.104,0.132,0.169333,0.191111,0.237778,0.262667,0.312444,0.359111,0.396444,0.412,0.44,0.452444,0.474222,0.489778,0.499111,0.502222,0.508444,0.514667,0.520889,0.530222,0.533333,0.536444,0.536444,0.536444,0.539556,0.545778,0.548889,0.548889,0.548889,0.548889,0.548889,0.548889,0.545778,0.539556,0.520889,0.508444,0.44,0.424444,0.387111,0.365333,0.315556,0.290667,0.244,0.203556,0.175556,0.166222,0.153778,0.150667,0.147556,0.147556,0.144444,0.147556,0.147556,0.150667,0.150667,0.153778,0.153778,0.153778,0.147556,0.144444,0.144444,0.153778,0.169333,0.178667,0.200444,0.212889,0.240889,0.272,0.287556,0.318667,0.346667,0.359111,0.384,0.412,0.424444,0.446222,0.471111,0.483556,0.502222,0.524,0.533333,0.555111,0.573778,0.583111,0.601778,0.623556,0.632889,0.651556,0.667111,0.676444,0.685778,0.688889,0.688889,0.688889,0.685778,0.685778,0.682667,0.688889,0.692,0.704444,0.726222,0.738667,0.769778,0.797778,0.810222,0.828889,0.841333,0.844444,0.86,0.875556,0.884889,0.906667,0.928444,0.937778,0.950222,0.962667,0.968889,0.981333,0.993778,1.003111,1.015556,1.021778,1.021778,1.021778,1.021778,1.021778,1.021778,1.021778,1.021778,1.021778,1.018667,1.018667,1.015556,1.012444,1.012444,1.009333,1.006222,1,0.993778,0.981333,0.972,0.950222,0.934667,0.900444,0.856889,0.804,0.776,0.72,0.695111,0.648444,0.598667,0.548889,0.524,0.477333,0.455556,0.412,0.374667,0.343556,0.324889,0.293778,0.278222,0.244,0.212889,0.181778,0.166222,0.135111,0.122667,0.100889,0.082222,0.066667,0.063556,0.057333,0.057333,0.054222,0.054222,0.051111,0.048,0.044889,0.044889,0.044889,0.044889,0.044889,0.044889,0.048,0.048,0.048,0.048,0.044889,0.044889,0.038667,0.032444]","[0.0005,0.0164,0.0332,0.0501,0.0667,0.0833,0.1,0.1166,0.1333,0.1496,0.1666,0.1831,0.1994,0.2166,0.233,0.25,0.2665,0.2832,0.2998,0.3165,0.3331,0.3497,0.3664,0.383,0.3997,0.4174,0.4333,0.4499,0.4666,0.4831,0.5008,0.517,0.5335,0.5501,0.5668,0.5833,0.6,0.6165,0.6332,0.6506,0.6671,0.6837,0.7004,0.7171,0.7337,0.7503,0.7668,0.7834,0.7997,0.817,0.8334,0.8511,0.8676,0.8841,0.9007,0.9175,0.9341,0.9506,0.9673,0.9839,1.0004,1.017,1.0336,1.0503,1.0671,1.0838,1.1003,1.1176,1.1342,1.1508,1.1674,1.1839,1.2005,1.2171,1.2335,1.2503,1.2678,1.2843,1.3008,1.3171,1.3337,1.3502,1.3671,1.3847,1.4012,1.417,1.4344,1.4509,1.467,1.4838,1.5013,1.5172,1.5335,1.5506,1.567,1.5845,1.6007,1.6169,1.6338,1.6506,1.6674,1.6839,1.7004,1.7174,1.7336,1.7507,1.767,1.7841,1.8006,1.8174,1.8349,1.8514,1.8679,1.884,1.9015,1.9179,1.9343,1.9504,1.9678,1.9843,2.0005,2.0177,2.0341,2.0509,2.0675,2.084,2.1016,2.1177,2.1338,2.1512,2.1675,2.1841,2.2007,2.2174,2.2341,2.2508,2.2676,2.2842,2.3008,2.3175,2.3342,2.3511,2.3674,2.3844,2.401,2.4178,2.4347,2.4509,2.4677,2.4842,2.5015,2.5179,2.5345,2.5514,2.5679,2.5845,2.6013,2.6182,2.6343,2.6511,2.6679,2.6846,2.7012,2.7184,2.7344,2.7514,2.7677,2.7846,2.8014,2.818,2.8348,2.8515,2.8682,2.8845,2.9014,2.9185,2.9348,2.9513,2.9682,2.9849,3.0017,3.018,3.0348,3.0517,3.068,3.0848,3.1016,3.1183,3.1352,3.1514,3.1685,3.1846,3.2015,3.2184,3.2353,3.2515,3.2684,3.2851,3.3018,3.3186,3.3357,3.3521,3.3681,3.3851,3.4021,3.4183,3.4354,3.4516,3.4686,3.4856,3.5017,3.5191,3.5351,3.5521,3.5689,3.5857,3.6019,3.619,3.6351,3.6521,3.6689]","[1,1,1,1,1,1,1,1,1,1,1,1,1,1,1,1,1,1,1,1,1,1,1,1,1,1,1,1,1,1,1,1,1,1,1,1,1,1,1,1,1,1,1,1,1,1,1,1,1,1,1,1,1,1,1,1,1,1,1,1,1,1,1,1,1,1,1,1,1,1,1,1,1,1,1,1,1,1,1,1,1,1,1,1,1,1,1,1,1,1,1,1,1,1,1,1,1,1,1,1,1,1,1,1,1,1,1,1,1,1,1,1,1,1,1,1,1,1,1,1,1,1,1,1,1,1,1,1,1,1,1,1,1,1,1,1,1,1,1,1,1,2,2,2,2,2,2,2,2,2,2,2,2,2,2,2,2,2,2,2,2,2,2,2,2,2,2,2,2,2,2,2,2,2,2,2,2,2,2,2,2,2,2,2,2,2,2,2,2,2,2,2,2,2,2,2,2,2,2,2,2,2,2,2,2,2,2,2,2,2,2,2,2,2,2,2,2,2,2,2,2]",20,295.1054,4,94,0,94,0,1,229579,4,SV_73ADPjbMtd0KUBg,304,2022-03-02_15h06.07.165,implicit_time,2021.1.4,Linux x86_64,59.95563283
cursorjump,125,0,0,10,NA,0,NA,0,0,0.5,FALSE,rotation,0,"[0.014583,0.014583,0.014583,0.014583,0.014583,0.014583,0.014583,0.014583,0.014583,0.014583,0.014583,0.014583,0.014583,0.014583,0.014583,0.014583,0.014583,0.014583,0.014583,0.014583,0.014583,0.014583,0.014583,0.014583,0.014583,0.014583,0.014583,0.014583,0.0125,0.00625,0.002083,-0.008333,-0.0125,-0.025,-0.035417,-0.045833,-0.05,-0.058333,-0.0625,-0.066667,-0.072917,-0.083333,-0.089583,-0.108333,-0.11875,-0.1375,-0.15,-0.1625,-0.16875,-0.183333,-0.191667,-0.208333,-0.225,-0.24375,-0.252083,-0.270833,-0.279167,-0.297917,-0.314583,-0.322917,-0.335417,-0.347917,-0.354167,-0.3625,-0.370833,-0.375,-0.38125,-0.385417,-0.389583,-0.397917,-0.410417,-0.414583,-0.425,-0.435417,-0.439583,-0.441667,-0.439583,-0.439583,-0.439583,-0.439583,-0.439583,-0.439583,-0.439583,-0.439583,-0.439583,-0.433333,-0.429167,-0.414583,-0.391667,-0.377083,-0.347917,-0.316667,-0.302083,-0.270833,-0.2375,-0.220833,-0.189583,-0.158333,-0.14375,-0.114583,-0.085417,-0.070833,-0.047917,-0.029167,-0.014583,-0.008333,0.004167,0.010417,0.01875,0.025,0.027083,0.029167,0.03125,0.03125,0.03125,0.03125,0.03125,0.03125,0.03125,0.03125,0.03125,0.03125,0.03125,0.029167,0.027083,0.027083,0.025,0.025,0.022917,0.020833,0.020833,0.01875,0.016667]","[-0.023556,-0.023556,-0.023556,-0.023556,-0.023556,-0.023556,-0.023556,-0.023556,-0.023556,-0.023556,-0.023556,-0.023556,-0.023556,-0.023556,-0.023556,-0.023556,-0.023556,-0.026667,-0.026667,-0.026667,-0.026667,-0.026667,-0.026667,-0.023556,-0.023556,-0.023556,-0.023556,-0.023556,-0.020444,-0.011111,-0.004889,0.007556,0.016889,0.038667,0.063556,0.094667,0.110222,0.141333,0.16,0.194222,0.231556,0.265778,0.284444,0.318667,0.334222,0.368444,0.399556,0.427556,0.44,0.461778,0.474222,0.496,0.517778,0.545778,0.558222,0.583111,0.595556,0.617333,0.639111,0.651556,0.673333,0.698222,0.710667,0.735556,0.760444,0.772889,0.797778,0.825778,0.838222,0.863111,0.888,0.900444,0.928444,0.950222,0.956444,0.962667,0.962667,0.962667,0.962667,0.962667,0.962667,0.962667,0.962667,0.962667,0.959556,0.956444,0.953333,0.940889,0.919111,0.900444,0.86,0.813333,0.788444,0.732444,0.676444,0.648444,0.589333,0.530222,0.502222,0.446222,0.393333,0.371556,0.321778,0.275111,0.231556,0.212889,0.178667,0.163111,0.138222,0.116444,0.107111,0.097778,0.091556,0.091556,0.091556,0.091556,0.091556,0.091556,0.091556,0.091556,0.091556,0.091556,0.091556,0.091556,0.088444,0.085333,0.079111,0.076,0.069778,0.060444,0.051111,0.048,0.035556]","[0.0005,0.0164,0.0333,0.0494,0.0666,0.0827,0.0996,0.1167,0.1327,0.1496,0.1667,0.1828,0.1997,0.2165,0.2334,0.2493,0.2665,0.2831,0.3001,0.316,0.333,0.35,0.3661,0.3831,0.4,0.4166,0.4335,0.4504,0.4662,0.483,0.5,0.517,0.5332,0.5497,0.5668,0.5829,0.6,0.6166,0.6332,0.6504,0.6668,0.6832,0.7002,0.7165,0.7338,0.7503,0.7665,0.7837,0.7998,0.8169,0.8335,0.8501,0.867,0.884,0.9,0.9171,0.9336,0.9501,0.9671,0.9834,1.0004,1.0167,1.0337,1.0502,1.0671,1.0837,1.1003,1.1174,1.1337,1.1502,1.1672,1.1842,1.2003,1.2174,1.2334,1.2506,1.2671,1.2838,1.301,1.3172,1.334,1.3504,1.3673,1.3843,1.4005,1.4172,1.4337,1.4506,1.4671,1.484,1.5007,1.5173,1.5341,1.5507,1.5675,1.584,1.6012,1.6174,1.6344,1.6509,1.6674,1.6843,1.7006,1.7178,1.7349,1.751,1.7679,1.7841,1.8012,1.8174,1.8342,1.8508,1.8677,1.8848,1.9009,1.9178,1.9346,1.9514,1.9681,1.9841,2.0013,2.0175,2.0345,2.0512,2.0681,2.0841,2.1014,2.1174,2.1343,2.1512,2.1681,2.1843,2.2016]","[1,1,1,1,1,1,1,1,1,1,1,1,1,1,1,1,1,1,1,1,1,1,1,1,1,1,1,1,1,1,1,1,1,1,1,1,1,1,1,1,1,1,1,1,1,1,1,1,1,1,1,1,1,1,1,1,1,1,1,1,1,1,1,1,1,1,1,1,1,1,2,2,2,2,2,2,2,2,2,2,2,2,2,2,2,2,2,2,2,2,2,2,2,2,2,2,2,2,2,2,2,2,2,2,2,2,2,2,2,2,2,2,2,2,2,2,2,2,2,2,2,2,2,2,2,2,2,2,2,2,2,2,2]",20,297.8239,4,95,0,95,0,1,229579,4,SV_73ADPjbMtd0KUBg,304,2022-03-02_15h06.07.165,implicit_time,2021.1.4,Linux x86_64,59.95563283
cursorjump,45,45,0.5,10,NA,0,NA,0,1,0.5,FALSE,rotation,1,"[-0.004167,-0.004167,-0.004167,-0.004167,-0.004167,-0.002083,-0.002083,-0.002083,-0.002083,-0.002083,0,0,0,0,0,0,0,0,0,0,0,0,0,0,0,0,0,0,0.002083,0.008333,0.0125,0.027083,0.05,0.064583,0.1,0.141667,0.189583,0.2125,0.260417,0.285417,0.335417,0.385417,0.433333,0.454167,0.495833,0.514583,0.55,0.583333,0.616667,0.63125,0.6625,0.677083,0.702083,0.725,0.745833,0.754167,0.772917,0.779167,0.79375,0.804167,0.80625,0.8125,0.814583,0.814583,0.814583,0.814583,0.814583,0.814583,0.814583,0.814583,0.814583,0.8125,0.8125,0.8125,0.8125,0.8125,0.810417,0.810417,0.810417,0.810417,0.810417,0.808333,0.8,0.7875,0.770833,0.760417,0.735417,0.722917,0.7,0.675,0.647917,0.635417,0.610417,0.6,0.577083,0.552083,0.525,0.510417,0.48125,0.466667,0.441667,0.43125,0.410417,0.3875,0.360417,0.347917,0.31875,0.291667,0.277083,0.247917,0.220833,0.20625,0.175,0.147917,0.135417,0.114583,0.1,0.09375,0.085417,0.077083,0.075,0.072917,0.070833,0.070833,0.066667,0.060417,0.058333,0.05625,0.052083,0.052083,0.045833,0.0375,0.033333,0.020833]","[-0.023556,-0.023556,-0.020444,-0.017333,-0.017333,-0.014222,-0.014222,-0.011111,-0.011111,-0.011111,-0.011111,-0.008,-0.008,-0.008,-0.008,-0.008,-0.008,-0.008,-0.008,-0.008,-0.008,-0.008,-0.008,-0.008,-0.008,-0.008,-0.008,-0.008,-0.008,-0.004889,-0.001778,0.004444,0.02,0.032444,0.060444,0.097778,0.138222,0.156889,0.194222,0.216,0.250222,0.284444,0.318667,0.331111,0.359111,0.374667,0.399556,0.424444,0.449333,0.461778,0.486667,0.499111,0.520889,0.539556,0.558222,0.570667,0.589333,0.595556,0.608,0.617333,0.620444,0.623556,0.626667,0.626667,0.626667,0.626667,0.626667,0.623556,0.620444,0.620444,0.617333,0.614222,0.614222,0.614222,0.611111,0.611111,0.611111,0.611111,0.611111,0.611111,0.608,0.608,0.601778,0.589333,0.570667,0.561333,0.530222,0.511556,0.468,0.418222,0.368444,0.343556,0.293778,0.272,0.231556,0.188,0.144444,0.125778,0.091556,0.079111,0.051111,0.038667,0.016889,-0.008,-0.029778,-0.039111,-0.057778,-0.076444,-0.085778,-0.104444,-0.12,-0.129333,-0.141778,-0.151111,-0.154222,-0.160444,-0.160444,-0.160444,-0.157333,-0.148,-0.141778,-0.126222,-0.104444,-0.092,-0.073333,-0.057778,-0.051556,-0.045333,-0.042222,-0.039111,-0.036,-0.032889,-0.029778,-0.023556]","[0.0005,0.0157,0.0328,0.0498,0.0659,0.0829,0.0998,0.1159,0.1327,0.1497,0.1658,0.1829,0.1997,0.216,0.233,0.25,0.2662,0.2831,0.3,0.3158,0.3328,0.3497,0.366,0.3829,0.3999,0.4169,0.4329,0.45,0.4665,0.4835,0.4994,0.5164,0.5333,0.5496,0.5668,0.5829,0.5998,0.6168,0.633,0.6501,0.6661,0.683,0.7,0.7171,0.7331,0.7502,0.7663,0.7832,0.8002,0.817,0.833,0.8502,0.8666,0.8836,0.9004,0.9166,0.9337,0.9498,0.9667,0.9837,0.9999,1.0169,1.0339,1.0501,1.0669,1.0838,1.1006,1.1165,1.1338,1.1499,1.1667,1.1836,1.2005,1.2175,1.2337,1.2509,1.2667,1.2837,1.3007,1.3168,1.3335,1.3507,1.3668,1.3836,1.4006,1.4176,1.4337,1.451,1.4672,1.4842,1.5001,1.5172,1.5344,1.5504,1.5673,1.5841,1.6008,1.6178,1.6339,1.6507,1.6676,1.6838,1.701,1.7179,1.7338,1.7507,1.767,1.7839,1.8008,1.8178,1.834,1.8508,1.8677,1.8846,1.9005,1.9175,1.9347,1.9506,1.9674,1.9843,2.0012,2.0181,2.0343,2.0513,2.0673,2.0844,2.1015,2.1176,2.1347,2.1506,2.1677,2.1845,2.2015,2.2175]","[1,1,1,1,1,1,1,1,1,1,1,1,1,1,1,1,1,1,1,1,1,1,1,1,1,1,1,1,1,1,1,1,1,1,1,1,1,1,1,1,1,1,1,1,1,1,1,1,1,1,1,1,1,1,1,1,2,2,2,2,2,2,2,2,2,2,2,2,2,2,2,2,2,2,2,2,2,2,2,2,2,2,2,2,2,2,2,2,2,2,2,2,2,2,2,2,2,2,2,2,2,2,2,2,2,2,2,2,2,2,2,2,2,2,2,2,2,2,2,2,2,2,2,2,2,2,2,2,2,2,2,2,2,2]",20,300.5588,4,96,0,96,0,1,229579,4,SV_73ADPjbMtd0KUBg,304,2022-03-02_15h06.07.165,implicit_time,2021.1.4,Linux x86_64,59.95563283
cursorjump,35,0,0,10,NA,0,NA,0,0,0.5,FALSE,rotation,0,"[-0.008333,-0.008333,-0.008333,-0.008333,-0.008333,-0.00625,-0.00625,-0.00625,-0.004167,-0.004167,-0.004167,-0.002083,-0.002083,-0.002083,-0.002083,-0.002083,-0.002083,0,0,0.004167,0.0125,0.03125,0.045833,0.08125,0.102083,0.147917,0.197917,0.247917,0.275,0.329167,0.354167,0.40625,0.452083,0.49375,0.5125,0.547917,0.564583,0.595833,0.625,0.65,0.660417,0.68125,0.691667,0.710417,0.73125,0.75,0.758333,0.775,0.783333,0.8,0.816667,0.8375,0.847917,0.875,0.889583,0.916667,0.945833,0.970833,0.979167,0.985417,0.985417,0.985417,0.9875,0.9875,0.9875,0.9875,0.9875,0.977083,0.952083,0.9125,0.8875,0.833333,0.802083,0.7375,0.66875,0.6,0.56875,0.508333,0.479167,0.427083,0.375,0.352083,0.30625,0.26875,0.235417,0.21875,0.189583,0.177083,0.154167,0.1375,0.129167,0.116667,0.104167,0.1,0.091667,0.089583,0.089583,0.089583,0.089583,0.089583,0.085417,0.079167,0.06875,0.0625,0.05,0.04375,0.03125]","[0.010667,0.010667,0.010667,0.010667,0.010667,0.010667,0.010667,0.007556,0.007556,0.007556,0.007556,0.004444,0.004444,0.004444,0.004444,0.004444,0.004444,0.004444,0.004444,0.001333,0.004444,0.013778,0.02,0.041778,0.054222,0.079111,0.110222,0.144444,0.16,0.191111,0.206667,0.228444,0.244,0.256444,0.262667,0.275111,0.278222,0.290667,0.3,0.309333,0.312444,0.321778,0.324889,0.334222,0.343556,0.352889,0.356,0.365333,0.368444,0.374667,0.384,0.393333,0.399556,0.412,0.421333,0.430667,0.443111,0.452444,0.458667,0.461778,0.461778,0.461778,0.461778,0.461778,0.461778,0.461778,0.458667,0.455556,0.446222,0.433778,0.424444,0.399556,0.387111,0.352889,0.312444,0.275111,0.256444,0.222222,0.206667,0.181778,0.153778,0.141333,0.119556,0.100889,0.082222,0.072889,0.054222,0.044889,0.032444,0.02,0.016889,0.007556,0.001333,-0.001778,-0.008,-0.008,-0.008,-0.008,-0.008,-0.008,-0.011111,-0.011111,-0.014222,-0.014222,-0.014222,-0.014222,-0.011111]","[0.0002,0.0166,0.033,0.0501,0.067,0.0834,0.0995,0.1167,0.1337,0.1496,0.1667,0.1839,0.2001,0.217,0.2339,0.2499,0.2671,0.2831,0.2999,0.3168,0.3337,0.3506,0.3665,0.3835,0.4001,0.4166,0.4335,0.4498,0.4669,0.4839,0.4998,0.5168,0.5337,0.5502,0.5667,0.5838,0.6001,0.6171,0.6338,0.65,0.6672,0.6834,0.7004,0.7169,0.7339,0.7504,0.7676,0.7838,0.8002,0.8173,0.8339,0.8503,0.8669,0.8836,0.9005,0.9176,0.934,0.9507,0.9668,0.9837,1.0007,1.0177,1.0337,1.051,1.0671,1.084,1.1009,1.117,1.1342,1.1505,1.1677,1.1836,1.2007,1.2172,1.234,1.2512,1.2673,1.2843,1.3005,1.3177,1.3338,1.351,1.3672,1.3841,1.401,1.4178,1.4348,1.4508,1.4679,1.4838,1.5009,1.518,1.5341,1.5513,1.5673,1.5842,1.6013,1.618,1.6343,1.6513,1.6675,1.6843,1.7013,1.7184,1.7346,1.7516,1.7675]","[1,1,1,1,1,1,1,1,1,1,1,1,1,1,1,1,1,1,1,1,1,1,1,1,1,1,1,1,1,1,1,1,1,1,1,1,1,1,1,1,1,1,1,1,1,1,1,1,1,1,1,1,1,2,2,2,2,2,2,2,2,2,2,2,2,2,2,2,2,2,2,2,2,2,2,2,2,2,2,2,2,2,2,2,2,2,2,2,2,2,2,2,2,2,2,2,2,2,2,2,2,2,2,2,2,2,2]",20,302.8434,4,97,0,97,0,1,229579,4,SV_73ADPjbMtd0KUBg,304,2022-03-02_15h06.07.165,implicit_time,2021.1.4,Linux x86_64,59.95563283
cursorjump,315,45,0.5,10,NA,0,NA,0,1,0.5,FALSE,rotation,1,"[0.004167,0.004167,0.004167,0.004167,0.004167,0.004167,0.004167,0.004167,0.004167,0.004167,0.004167,0.004167,0.004167,0.004167,0.004167,0.004167,0.004167,0.004167,0.004167,0.004167,0.004167,0.00625,0.008333,0.016667,0.029167,0.039583,0.064583,0.09375,0.108333,0.1375,0.164583,0.179167,0.208333,0.239583,0.254167,0.285417,0.3125,0.325,0.341667,0.354167,0.358333,0.366667,0.377083,0.383333,0.397917,0.420833,0.43125,0.45,0.466667,0.475,0.4875,0.497917,0.502083,0.50625,0.508333,0.508333,0.510417,0.514583,0.514583,0.51875,0.520833,0.520833,0.520833,0.520833,0.520833,0.520833,0.520833,0.51875,0.514583,0.50625,0.5,0.48125,0.452083,0.435417,0.397917,0.360417,0.341667,0.304167,0.260417,0.233333,0.175,0.145833,0.095833,0.060417,0.035417,0.025,0.00625,-0.004167,-0.016667,-0.022917,-0.025,-0.022917,-0.010417,0,0.033333,0.083333,0.141667,0.16875,0.216667,0.235417,0.277083,0.322917,0.364583,0.383333,0.416667,0.433333,0.4625,0.485417,0.502083,0.508333,0.514583,0.516667,0.51875,0.522917,0.53125,0.535417,0.541667,0.54375,0.547917,0.554167,0.558333,0.5625,0.566667,0.570833,0.575,0.58125,0.589583,0.591667,0.59375,0.59375,0.59375,0.59375,0.59375,0.59375,0.59375,0.59375,0.59375,0.589583,0.575,0.560417,0.522917,0.502083,0.45625,0.397917,0.329167,0.291667,0.222917,0.158333,0.129167,0.070833,0.041667,-0.008333,-0.05,-0.066667,-0.09375,-0.1125,-0.11875,-0.129167,-0.1375,-0.14375,-0.152083,-0.160417,-0.164583,-0.175,-0.185417,-0.191667,-0.2,-0.204167,-0.204167,-0.2,-0.195833,-0.191667,-0.185417,-0.179167,-0.172917,-0.15625,-0.13125,-0.1,-0.0875,-0.064583,-0.054167,-0.039583,-0.027083,-0.020833,-0.020833,-0.01875,-0.020833,-0.020833,-0.022917,-0.020833,-0.020833,-0.01875,-0.01875,-0.016667,-0.010417,-0.00625,-0.004167,-0.002083,-0.002083,-0.002083]","[0.001333,0.001333,0.001333,0.001333,0.001333,0.001333,0.001333,0.001333,0.001333,0.001333,0.001333,0.001333,0.001333,0.001333,0.001333,0.001333,0.001333,0.001333,0.001333,0.001333,0.001333,0.001333,-0.001778,-0.004889,-0.014222,-0.023556,-0.045333,-0.076444,-0.092,-0.129333,-0.163556,-0.182222,-0.219556,-0.266222,-0.291111,-0.344,-0.396889,-0.418667,-0.462222,-0.499556,-0.518222,-0.549333,-0.574222,-0.583556,-0.608444,-0.636444,-0.645778,-0.667556,-0.689333,-0.695556,-0.711111,-0.720444,-0.726667,-0.729778,-0.732889,-0.732889,-0.736,-0.739111,-0.742222,-0.745333,-0.748444,-0.748444,-0.748444,-0.748444,-0.748444,-0.748444,-0.745333,-0.745333,-0.736,-0.729778,-0.723556,-0.708,-0.686222,-0.670667,-0.636444,-0.596,-0.574222,-0.530667,-0.487111,-0.465333,-0.424889,-0.406222,-0.375111,-0.350222,-0.322222,-0.309778,-0.291111,-0.284889,-0.278667,-0.275556,-0.275556,-0.278667,-0.288,-0.297333,-0.331556,-0.381333,-0.437333,-0.465333,-0.515111,-0.54,-0.589778,-0.639556,-0.683111,-0.698667,-0.726667,-0.739111,-0.764,-0.788889,-0.807556,-0.813778,-0.823111,-0.826222,-0.829333,-0.835556,-0.844889,-0.848,-0.857333,-0.860444,-0.866667,-0.876,-0.885333,-0.888444,-0.897778,-0.900889,-0.907111,-0.916444,-0.925778,-0.928889,-0.932,-0.932,-0.932,-0.932,-0.932,-0.932,-0.932,-0.932,-0.928889,-0.919556,-0.897778,-0.882222,-0.848,-0.829333,-0.788889,-0.739111,-0.670667,-0.633333,-0.564889,-0.515111,-0.493333,-0.452889,-0.434222,-0.393778,-0.356444,-0.347111,-0.334667,-0.331556,-0.328444,-0.328444,-0.322222,-0.319111,-0.309778,-0.300444,-0.297333,-0.288,-0.272444,-0.263111,-0.241333,-0.225778,-0.219556,-0.207111,-0.185333,-0.172889,-0.148,-0.126222,-0.116889,-0.098222,-0.082667,-0.076444,-0.076444,-0.082667,-0.085778,-0.095111,-0.101333,-0.107556,-0.110667,-0.110667,-0.110667,-0.107556,-0.104444,-0.101333,-0.101333,-0.098222,-0.095111,-0.088889,-0.082667,-0.073333,-0.067111,-0.054667,-0.048444,-0.036]","[0.0003,0.0163,0.0325,0.0496,0.0661,0.0832,0.0993,0.1163,0.1334,0.1494,0.1662,0.1828,0.1999,0.2159,0.2331,0.2496,0.2667,0.2837,0.2997,0.3169,0.333,0.35,0.3671,0.3831,0.4,0.4169,0.4331,0.4502,0.4662,0.4832,0.5001,0.5171,0.5334,0.5506,0.5664,0.5834,0.6006,0.6168,0.6339,0.6501,0.6669,0.6839,0.6997,0.7168,0.7338,0.75,0.7672,0.7834,0.8004,0.8166,0.8338,0.8499,0.8668,0.8838,0.9008,0.9169,0.9341,0.9501,0.9669,0.984,1.0009,1.017,1.0341,1.0503,1.0675,1.0835,1.1004,1.1175,1.1335,1.1506,1.1676,1.1837,1.2008,1.217,1.2342,1.2502,1.2673,1.2843,1.3006,1.3177,1.3339,1.3511,1.3672,1.3841,1.401,1.4172,1.4344,1.4504,1.4673,1.4842,1.5003,1.5174,1.5345,1.5503,1.5672,1.5842,1.6012,1.6173,1.6344,1.6513,1.6674,1.6843,1.7005,1.7177,1.7338,1.7507,1.7676,1.7846,1.8007,1.8179,1.834,1.851,1.8679,1.884,1.9012,1.9174,1.9346,1.9516,1.9678,1.9849,2.0011,2.0173,2.0347,2.0507,2.0679,2.085,2.1009,2.1182,2.1343,2.1514,2.1682,2.1841,2.201,2.2178,2.2349,2.2511,2.2683,2.2846,2.3018,2.3177,2.3346,2.3514,2.3685,2.3846,2.4017,2.4179,2.435,2.452,2.4678,2.4848,2.5018,2.5181,2.535,2.5512,2.5681,2.5852,2.6013,2.6184,2.6354,2.6516,2.668,2.6851,2.7016,2.7187,2.7346,2.7516,2.7686,2.7855,2.8015,2.8184,2.8355,2.8515,2.8687,2.8849,2.9021,2.9182,2.9351,2.9524,2.9686,2.9848,3.0021,3.0181,3.0351,3.0523,3.0684,3.0856,3.1018,3.119,3.135,3.152,3.1685,3.1856,3.2018,3.219,3.2352,3.2523,3.2683,3.2856,3.3017,3.319]","[1,1,1,1,1,1,1,1,1,1,1,1,1,1,1,1,1,1,1,1,1,1,1,1,1,1,1,1,1,1,1,1,1,1,1,1,1,1,1,1,1,1,1,1,1,1,1,1,1,1,1,1,1,1,1,1,1,1,1,1,1,1,1,1,1,1,1,1,1,1,1,1,1,1,1,1,1,1,1,1,1,1,1,1,1,1,1,1,1,1,1,1,1,1,1,1,1,1,1,1,1,1,1,1,1,1,1,1,1,2,2,2,2,2,2,2,2,2,2,2,2,2,2,2,2,2,2,2,2,2,2,2,2,2,2,2,2,2,2,2,2,2,2,2,2,2,2,2,2,2,2,2,2,2,2,2,2,2,2,2,2,2,2,2,2,2,2,2,2,2,2,2,2,2,2,2,2,2,2,2,2,2,2,2,2,2,2,2,2,2,2,2,2,2,2,2,2,2,2,2]",20,306.681,4,98,0,98,0,1,229579,4,SV_73ADPjbMtd0KUBg,304,2022-03-02_15h06.07.165,implicit_time,2021.1.4,Linux x86_64,59.95563283
cursorjump,305,0,0,10,NA,0,NA,0,0,0.5,FALSE,rotation,0,"[-0.002083,-0.002083,-0.002083,-0.002083,-0.002083,-0.002083,-0.002083,-0.002083,-0.002083,-0.002083,-0.002083,-0.002083,-0.002083,-0.002083,-0.002083,-0.002083,-0.002083,-0.002083,-0.002083,-0.002083,-0.002083,0.004167,0.010417,0.027083,0.039583,0.0625,0.089583,0.116667,0.13125,0.160417,0.189583,0.20625,0.239583,0.275,0.289583,0.320833,0.335417,0.3625,0.38125,0.395833,0.402083,0.410417,0.422917,0.427083,0.439583,0.447917,0.452083,0.4625,0.472917,0.479167,0.485417,0.483333,0.483333,0.483333,0.483333,0.483333,0.485417,0.485417,0.485417,0.485417,0.483333,0.479167,0.460417,0.445833,0.41875,0.39375,0.366667,0.35,0.314583,0.297917,0.266667,0.239583,0.214583,0.2,0.170833,0.158333,0.135417,0.116667,0.102083,0.09375,0.08125,0.072917,0.0625,0.054167,0.05,0.05,0.052083,0.052083,0.05625,0.058333,0.060417,0.060417,0.060417,0.060417,0.060417,0.05625,0.052083,0.05,0.045833,0.04375,0.041667,0.039583,0.039583,0.039583,0.0375]","[-0.004889,-0.001778,-0.001778,-0.001778,-0.001778,-0.001778,-0.001778,-0.001778,-0.001778,-0.001778,-0.001778,-0.001778,-0.001778,-0.001778,-0.001778,-0.001778,-0.001778,-0.001778,-0.001778,-0.001778,-0.001778,-0.004889,-0.008,-0.023556,-0.036,-0.079556,-0.141778,-0.216444,-0.256889,-0.337778,-0.415556,-0.452889,-0.524444,-0.586667,-0.614667,-0.664444,-0.689333,-0.736,-0.770222,-0.795111,-0.804444,-0.826222,-0.848,-0.857333,-0.882222,-0.907111,-0.919556,-0.944444,-0.969333,-0.978667,-0.988,-0.988,-0.988,-0.988,-0.988,-0.988,-0.988,-0.988,-0.988,-0.988,-0.984889,-0.978667,-0.953778,-0.935111,-0.888444,-0.835556,-0.776444,-0.742222,-0.670667,-0.636444,-0.571111,-0.515111,-0.465333,-0.440444,-0.390667,-0.365778,-0.328444,-0.300444,-0.275556,-0.266222,-0.241333,-0.228889,-0.204,-0.185333,-0.172889,-0.166667,-0.154222,-0.144889,-0.132444,-0.123111,-0.113778,-0.110667,-0.104444,-0.101333,-0.092,-0.076444,-0.060889,-0.051556,-0.036,-0.029778,-0.020444,-0.017333,-0.014222,-0.014222,-0.014222]","[0.0003,0.0161,0.0331,0.05,0.0659,0.0828,0.0999,0.1167,0.1329,0.1501,0.1661,0.1832,0.1997,0.2167,0.2328,0.2501,0.2669,0.2829,0.3,0.3163,0.3335,0.3496,0.3665,0.3837,0.3998,0.4163,0.4333,0.4503,0.4665,0.4835,0.5,0.5165,0.5338,0.5498,0.5669,0.5833,0.5999,0.6171,0.6333,0.6506,0.6669,0.6833,0.7,0.7166,0.7338,0.7501,0.7668,0.7834,0.8006,0.8166,0.8336,0.8502,0.8668,0.8842,0.9005,0.9165,0.9334,0.9504,0.9667,0.9835,1.0007,1.0168,1.0343,1.0506,1.0672,1.084,1.1007,1.1171,1.1335,1.1505,1.1672,1.1838,1.2003,1.2173,1.2337,1.2504,1.267,1.2843,1.3006,1.3177,1.3338,1.351,1.3672,1.3844,1.4006,1.4175,1.4345,1.4506,1.468,1.4842,1.5013,1.5175,1.5347,1.5509,1.5671,1.584,1.6011,1.618,1.634,1.6511,1.6673,1.6845,1.7007,1.7176,1.7345]","[1,1,1,1,1,1,1,1,1,1,1,1,1,1,1,1,1,1,1,1,1,1,1,1,1,1,1,1,1,1,1,1,1,1,1,1,1,1,1,1,1,1,1,1,2,2,2,2,2,2,2,2,2,2,2,2,2,2,2,2,2,2,2,2,2,2,2,2,2,2,2,2,2,2,2,2,2,2,2,2,2,2,2,2,2,2,2,2,2,2,2,2,2,2,2,2,2,2,2,2,2,2,2,2,2]",20,308.932,4,99,0,99,0,1,229579,4,SV_73ADPjbMtd0KUBg,304,2022-03-02_15h06.07.165,implicit_time,2021.1.4,Linux x86_64,59.95563283
cursorjump,225,45,0.5,10,NA,0,NA,0,1,0.5,FALSE,rotation,1,"[-0.002083,-0.002083,-0.002083,-0.002083,-0.002083,-0.002083,-0.002083,-0.002083,-0.002083,-0.002083,-0.002083,-0.002083,-0.002083,-0.002083,-0.002083,-0.002083,-0.002083,-0.002083,-0.002083,-0.002083,-0.002083,-0.002083,-0.002083,-0.002083,-0.002083,-0.002083,-0.002083,-0.002083,-0.002083,-0.004167,-0.008333,-0.025,-0.047917,-0.060417,-0.089583,-0.120833,-0.1375,-0.170833,-0.20625,-0.222917,-0.258333,-0.291667,-0.308333,-0.34375,-0.38125,-0.397917,-0.433333,-0.46875,-0.502083,-0.51875,-0.552083,-0.570833,-0.602083,-0.633333,-0.647917,-0.675,-0.697917,-0.710417,-0.73125,-0.739583,-0.754167,-0.760417,-0.7625,-0.760417,-0.75625,-0.752083,-0.741667,-0.727083,-0.708333,-0.697917,-0.677083,-0.666667,-0.64375,-0.616667,-0.585417,-0.566667,-0.522917,-0.479167,-0.45625,-0.416667,-0.379167,-0.360417,-0.320833,-0.285417,-0.272917,-0.252083,-0.239583,-0.233333,-0.225,-0.21875,-0.210417,-0.202083,-0.19375,-0.191667,-0.185417,-0.183333,-0.175,-0.166667,-0.15625,-0.152083,-0.141667,-0.133333,-0.129167,-0.116667,-0.102083,-0.095833,-0.079167,-0.072917,-0.058333,-0.05,-0.045833,-0.045833,-0.052083,-0.060417,-0.064583,-0.070833,-0.075,-0.077083,-0.08125,-0.08125,-0.08125,-0.077083,-0.066667,-0.060417,-0.045833,-0.033333]","[0.004444,0.004444,0.004444,0.004444,0.004444,0.004444,0.004444,0.004444,0.004444,0.004444,0.004444,0.004444,0.004444,0.004444,0.004444,0.004444,0.004444,0.004444,0.004444,0.004444,0.004444,0.004444,0.004444,0.004444,0.004444,0.004444,0.004444,0.004444,0.004444,0.001333,-0.001778,-0.014222,-0.036,-0.048444,-0.073333,-0.104444,-0.12,-0.154222,-0.191556,-0.210222,-0.247556,-0.281778,-0.297333,-0.331556,-0.362667,-0.381333,-0.409333,-0.437333,-0.465333,-0.477778,-0.502667,-0.515111,-0.54,-0.568,-0.583556,-0.608444,-0.636444,-0.648889,-0.673778,-0.683111,-0.698667,-0.701778,-0.704889,-0.701778,-0.698667,-0.695556,-0.686222,-0.670667,-0.648889,-0.639556,-0.620889,-0.611556,-0.589778,-0.564889,-0.530667,-0.515111,-0.477778,-0.437333,-0.421778,-0.384444,-0.340889,-0.319111,-0.275556,-0.235111,-0.216444,-0.185333,-0.154222,-0.138667,-0.107556,-0.095111,-0.070222,-0.051556,-0.036,-0.029778,-0.017333,-0.011111,0.001333,0.010667,0.023111,0.026222,0.032444,0.038667,0.041778,0.044889,0.048,0.048,0.044889,0.041778,0.032444,0.016889,0.001333,-0.008,-0.026667,-0.039111,-0.045333,-0.051556,-0.051556,-0.051556,-0.051556,-0.051556,-0.051556,-0.045333,-0.036,-0.029778,-0.023556,-0.020444]","[0.0002,0.016,0.0328,0.0496,0.0659,0.0831,0.1,0.116,0.1332,0.1499,0.1659,0.1831,0.1991,0.2163,0.2334,0.2491,0.2661,0.2833,0.2994,0.3162,0.333,0.3499,0.366,0.383,0.4,0.4163,0.4333,0.4501,0.4661,0.4832,0.4994,0.5165,0.5333,0.5503,0.5665,0.5837,0.5999,0.617,0.6331,0.6503,0.6665,0.6836,0.6998,0.7168,0.7337,0.7496,0.7668,0.7831,0.8003,0.8163,0.8333,0.8502,0.8665,0.8836,0.8997,0.917,0.9331,0.9501,0.9666,0.9838,1,1.0173,1.0335,1.0506,1.0668,1.0839,1.1,1.1169,1.134,1.1502,1.1673,1.1835,1.2006,1.2175,1.2337,1.2509,1.267,1.2842,1.3002,1.3172,1.3337,1.3508,1.3672,1.3843,1.4006,1.4178,1.4339,1.4512,1.4674,1.4835,1.5004,1.5174,1.5334,1.5504,1.5674,1.5837,1.6008,1.6177,1.6336,1.6507,1.6671,1.6843,1.7003,1.7173,1.7345,1.7507,1.7678,1.7836,1.8008,1.8179,1.834,1.8512,1.8672,1.8841,1.9013,1.9175,1.9345,1.9508,1.9679,1.9839,2.0007,2.0177,2.0349,2.0511,2.0672,2.084]","[1,1,1,1,1,1,1,1,1,1,1,1,1,1,1,1,1,1,1,1,1,1,1,1,1,1,1,1,1,1,1,1,1,1,1,1,1,1,1,1,1,1,1,1,1,1,1,1,1,1,1,1,1,1,1,1,1,2,2,2,2,2,2,2,2,2,2,2,2,2,2,2,2,2,2,2,2,2,2,2,2,2,2,2,2,2,2,2,2,2,2,2,2,2,2,2,2,2,2,2,2,2,2,2,2,2,2,2,2,2,2,2,2,2,2,2,2,2,2,2,2,2,2,2,2,2]",20,311.5334,4,100,0,100,0,1,229579,4,SV_73ADPjbMtd0KUBg,304,2022-03-02_15h06.07.165,implicit_time,2021.1.4,Linux x86_64,59.95563283
cursorjump,235,0,0,10,NA,0,NA,0,0,0.5,FALSE,rotation,0,"[-0.008333,-0.010417,-0.0125,-0.014583,-0.016667,-0.01875,-0.01875,-0.01875,-0.020833,-0.022917,-0.025,-0.025,-0.025,-0.025,-0.025,-0.025,-0.025,-0.025,-0.025,-0.025,-0.025,-0.025,-0.025,-0.025,-0.025,-0.025,-0.025,-0.029167,-0.039583,-0.05625,-0.06875,-0.09375,-0.108333,-0.1375,-0.16875,-0.197917,-0.214583,-0.245833,-0.2625,-0.295833,-0.329167,-0.345833,-0.375,-0.402083,-0.414583,-0.439583,-0.458333,-0.466667,-0.48125,-0.49375,-0.497917,-0.504167,-0.510417,-0.5125,-0.51875,-0.529167,-0.535417,-0.55,-0.564583,-0.570833,-0.5875,-0.60625,-0.614583,-0.625,-0.627083,-0.627083,-0.627083,-0.629167,-0.629167,-0.627083,-0.622917,-0.620833,-0.614583,-0.608333,-0.604167,-0.591667,-0.570833,-0.55625,-0.520833,-0.477083,-0.454167,-0.408333,-0.360417,-0.335417,-0.285417,-0.235417,-0.210417,-0.164583,-0.127083,-0.108333,-0.077083,-0.047917,-0.020833,-0.010417]","[-0.004889,-0.004889,-0.004889,-0.004889,-0.004889,-0.004889,-0.004889,-0.004889,-0.004889,-0.004889,-0.004889,-0.004889,-0.004889,-0.004889,-0.004889,-0.004889,-0.004889,-0.004889,-0.004889,-0.004889,-0.004889,-0.004889,-0.004889,-0.004889,-0.004889,-0.004889,-0.008,-0.011111,-0.020444,-0.042222,-0.054667,-0.085778,-0.104444,-0.148,-0.197778,-0.256889,-0.288,-0.353333,-0.384444,-0.437333,-0.487111,-0.508889,-0.552444,-0.596,-0.614667,-0.645778,-0.667556,-0.676889,-0.689333,-0.704889,-0.708,-0.720444,-0.726667,-0.729778,-0.739111,-0.748444,-0.757778,-0.779556,-0.804444,-0.82,-0.848,-0.882222,-0.894667,-0.910222,-0.910222,-0.910222,-0.910222,-0.910222,-0.910222,-0.910222,-0.904,-0.900889,-0.891556,-0.879111,-0.866667,-0.838667,-0.792,-0.764,-0.708,-0.645778,-0.617778,-0.558667,-0.496444,-0.465333,-0.396889,-0.328444,-0.297333,-0.238222,-0.188444,-0.163556,-0.12,-0.082667,-0.051556,-0.039111]","[0.0002,0.0166,0.0336,0.0498,0.0669,0.0839,0.1,0.1172,0.1334,0.1505,0.1664,0.1834,0.2005,0.2167,0.2339,0.2502,0.267,0.284,0.3002,0.3174,0.3336,0.3508,0.3668,0.3836,0.4006,0.4168,0.4338,0.4502,0.4673,0.4836,0.5008,0.517,0.5336,0.5508,0.5668,0.5839,0.6004,0.6169,0.634,0.6502,0.6672,0.6838,0.7011,0.7189,0.734,0.7506,0.7674,0.7843,0.8005,0.8177,0.8339,0.8511,0.8671,0.8842,0.9009,0.917,0.9339,0.951,0.9673,0.984,1.0007,1.0174,1.0347,1.0509,1.0674,1.0843,1.1006,1.1179,1.1341,1.151,1.1675,1.1842,1.2009,1.2176,1.2341,1.251,1.2677,1.284,1.3013,1.3177,1.3346,1.351,1.3678,1.3844,1.4011,1.4179,1.4342,1.4514,1.4675,1.4846,1.5017,1.5178,1.5347,1.5518]","[1,1,1,1,1,1,1,1,1,1,1,1,1,1,1,1,1,1,1,1,1,1,1,1,1,1,1,1,1,1,1,1,1,1,1,1,1,1,1,1,1,1,1,1,1,1,1,1,1,1,1,1,1,1,1,1,1,1,2,2,2,2,2,2,2,2,2,2,2,2,2,2,2,2,2,2,2,2,2,2,2,2,2,2,2,2,2,2,2,2,2,2,2,2]",20,313.6026,4,101,0,101,0,1,229579,4,SV_73ADPjbMtd0KUBg,304,2022-03-02_15h06.07.165,implicit_time,2021.1.4,Linux x86_64,59.95563283
cursorjump,135,45,0.5,10,NA,0,NA,0,1,0.5,FALSE,rotation,1,"[0.00625,0.00625,0.00625,0.00625,0.00625,0.00625,0.00625,0.00625,0.00625,0.00625,0.00625,0.00625,0.00625,0.00625,0.00625,0.00625,0.00625,0.00625,0.00625,0.00625,0.00625,0.00625,0.00625,0.004167,0.004167,-0.004167,-0.008333,-0.022917,-0.041667,-0.0625,-0.075,-0.104167,-0.11875,-0.15,-0.177083,-0.2,-0.2125,-0.235417,-0.260417,-0.272917,-0.29375,-0.302083,-0.31875,-0.333333,-0.35625,-0.36875,-0.39375,-0.404167,-0.422917,-0.439583,-0.458333,-0.470833,-0.49375,-0.504167,-0.522917,-0.5375,-0.55,-0.554167,-0.5625,-0.566667,-0.570833,-0.570833,-0.570833,-0.570833,-0.56875,-0.564583,-0.558333,-0.55,-0.5375,-0.53125,-0.51875,-0.5125,-0.497917,-0.483333,-0.470833,-0.464583,-0.452083,-0.447917,-0.439583,-0.435417,-0.433333,-0.433333,-0.433333,-0.435417,-0.441667,-0.45,-0.464583,-0.470833,-0.485417,-0.489583,-0.497917,-0.5,-0.504167,-0.50625,-0.5125,-0.514583,-0.51875,-0.520833,-0.520833,-0.51875,-0.51875,-0.51875,-0.51875,-0.516667,-0.516667,-0.516667,-0.516667,-0.516667,-0.51875,-0.51875,-0.51875,-0.51875,-0.516667,-0.514583,-0.50625,-0.49375,-0.485417,-0.46875,-0.447917,-0.433333,-0.395833,-0.35,-0.322917,-0.272917,-0.225,-0.2,-0.147917,-0.097917,-0.075,-0.0375,-0.010417,-0.002083,0.016667]","[0.013778,0.013778,0.013778,0.013778,0.013778,0.013778,0.013778,0.013778,0.013778,0.013778,0.013778,0.013778,0.013778,0.013778,0.013778,0.013778,0.013778,0.013778,0.013778,0.013778,0.013778,0.013778,0.013778,0.013778,0.013778,0.016889,0.02,0.032444,0.044889,0.063556,0.072889,0.094667,0.104,0.132,0.163111,0.203556,0.222222,0.256444,0.287556,0.303111,0.334222,0.352889,0.387111,0.418222,0.449333,0.461778,0.489778,0.505333,0.539556,0.567556,0.592444,0.604889,0.623556,0.636,0.654667,0.673333,0.692,0.698222,0.707556,0.713778,0.72,0.72,0.723111,0.723111,0.723111,0.72,0.72,0.716889,0.710667,0.707556,0.695111,0.688889,0.673333,0.660889,0.645333,0.639111,0.629778,0.623556,0.617333,0.617333,0.614222,0.614222,0.617333,0.620444,0.632889,0.651556,0.673333,0.685778,0.710667,0.726222,0.757333,0.794667,0.825778,0.841333,0.869333,0.884889,0.912889,0.931556,0.934667,0.931556,0.931556,0.931556,0.931556,0.931556,0.931556,0.931556,0.931556,0.931556,0.931556,0.931556,0.931556,0.931556,0.931556,0.931556,0.922222,0.900444,0.881778,0.835111,0.779111,0.751111,0.685778,0.617333,0.576889,0.499111,0.421333,0.387111,0.321778,0.256444,0.222222,0.153778,0.091556,0.066667,0.029333]","[0.0002,0.0163,0.0327,0.0499,0.0663,0.0832,0.0998,0.1165,0.1334,0.1497,0.1658,0.1827,0.2001,0.2166,0.2331,0.25,0.2662,0.2835,0.2996,0.3169,0.3332,0.3501,0.3667,0.3833,0.3999,0.4171,0.4336,0.4501,0.4666,0.4833,0.5004,0.5167,0.5335,0.5502,0.5669,0.5835,0.6002,0.617,0.6336,0.6501,0.667,0.6833,0.7006,0.7171,0.7336,0.7504,0.7668,0.7834,0.8008,0.8173,0.8337,0.8505,0.8668,0.884,0.9006,0.9171,0.9337,0.9504,0.9671,0.9837,1.0008,1.0172,1.0338,1.0505,1.0675,1.084,1.1006,1.1173,1.134,1.1507,1.1671,1.1842,1.2007,1.2174,1.2343,1.2509,1.2676,1.2841,1.3008,1.3177,1.3342,1.3514,1.3679,1.3842,1.401,1.4179,1.4344,1.451,1.4679,1.4846,1.5009,1.5173,1.5344,1.5512,1.568,1.5849,1.6015,1.6179,1.6345,1.6512,1.6682,1.6849,1.7015,1.718,1.7347,1.7512,1.7677,1.7846,1.8014,1.818,1.8347,1.8513,1.8679,1.8848,1.9017,1.9185,1.935,1.9517,1.9684,1.9851,2.0018,2.0181,2.035,2.0517,2.0683,2.0851,2.1017,2.1185,2.1351,2.1515,2.1684,2.1853,2.2021]","[1,1,1,1,1,1,1,1,1,1,1,1,1,1,1,1,1,1,1,1,1,1,1,1,1,1,1,1,1,1,1,1,1,1,1,1,1,1,1,1,1,1,1,1,1,1,1,1,1,1,1,1,1,1,1,1,1,1,1,1,1,1,1,1,1,1,1,1,1,1,1,1,1,1,1,1,1,1,1,1,1,1,1,1,1,1,1,1,1,1,1,1,2,2,2,2,2,2,2,2,2,2,2,2,2,2,2,2,2,2,2,2,2,2,2,2,2,2,2,2,2,2,2,2,2,2,2,2,2,2,2,2,2]",20,316.6392,4,102,0,102,0,1,229579,4,SV_73ADPjbMtd0KUBg,304,2022-03-02_15h06.07.165,implicit_time,2021.1.4,Linux x86_64,59.95563283
cursorjump,145,0,0,10,NA,0,NA,0,0,0.5,FALSE,rotation,0,"[-0.0125,-0.0125,-0.010417,-0.010417,-0.010417,-0.010417,-0.010417,-0.010417,-0.008333,-0.00625,-0.004167,-0.004167,0,0.002083,0.00625,0.008333,0.010417,0.010417,0.010417,0.0125,0.0125,0.0125,0.0125,0.0125,0.010417,0.010417,0.008333,0.008333,0.008333,0.008333,0.010417,0.0125,0.0125,0.014583,0.014583,0.014583,0.016667,0.01875,0.01875,0.01875,0.014583,0.008333,0,-0.016667,-0.027083,-0.05,-0.072917,-0.1,-0.116667,-0.15,-0.170833,-0.2125,-0.25625,-0.3,-0.322917,-0.372917,-0.397917,-0.45,-0.5,-0.522917,-0.566667,-0.608333,-0.645833,-0.664583,-0.7,-0.73125,-0.74375,-0.76875,-0.777083,-0.79375,-0.8,-0.8,-0.8,-0.8,-0.8,-0.8,-0.797917,-0.8,-0.8,-0.795833,-0.79375,-0.78125,-0.7625,-0.7375,-0.722917,-0.689583,-0.66875,-0.627083,-0.579167,-0.522917,-0.495833,-0.4375,-0.410417,-0.352083,-0.297917,-0.247917,-0.225,-0.185417,-0.166667,-0.1375,-0.114583,-0.095833,-0.089583,-0.079167,-0.075,-0.070833,-0.066667,-0.066667,-0.066667,-0.066667,-0.066667,-0.066667,-0.066667,-0.066667,-0.064583,-0.064583,-0.0625,-0.060417,-0.052083,-0.045833,-0.029167]","[0.007556,0.007556,0.007556,0.007556,0.007556,0.007556,0.007556,0.007556,0.007556,0.007556,0.004444,0.004444,0.004444,0.001333,0.001333,-0.001778,-0.001778,-0.001778,-0.001778,-0.001778,-0.001778,-0.001778,-0.001778,-0.001778,-0.001778,-0.001778,0.001333,0.001333,0.004444,0.004444,0.004444,0.007556,0.007556,0.007556,0.007556,0.007556,0.007556,0.007556,0.004444,0.007556,0.007556,0.016889,0.026222,0.048,0.063556,0.097778,0.141333,0.181778,0.203556,0.240889,0.256444,0.284444,0.315556,0.346667,0.362222,0.396444,0.408889,0.436889,0.464889,0.480444,0.511556,0.542667,0.576889,0.592444,0.620444,0.648444,0.664,0.692,0.707556,0.732444,0.748,0.748,0.748,0.748,0.748,0.748,0.748,0.748,0.748,0.751111,0.751111,0.757333,0.751111,0.738667,0.726222,0.698222,0.679556,0.636,0.589333,0.539556,0.511556,0.455556,0.427556,0.371556,0.318667,0.268889,0.247111,0.200444,0.181778,0.144444,0.116444,0.094667,0.085333,0.072889,0.066667,0.060444,0.054222,0.054222,0.054222,0.054222,0.054222,0.054222,0.054222,0.054222,0.051111,0.048,0.048,0.038667,0.026222,0.013778,-0.011111]","[0.0008,0.0166,0.0334,0.049,0.0664,0.0831,0.0997,0.1162,0.1328,0.1502,0.166,0.1832,0.2,0.2163,0.2329,0.2495,0.2662,0.283,0.2999,0.3164,0.3328,0.3496,0.3664,0.3832,0.4,0.4167,0.4331,0.45,0.4668,0.4834,0.5001,0.5164,0.5333,0.5499,0.5668,0.5836,0.6004,0.617,0.6336,0.6505,0.6669,0.6836,0.7006,0.7165,0.7335,0.7507,0.7668,0.7839,0.8011,0.8171,0.8341,0.8504,0.8675,0.8837,0.9009,0.9169,0.9336,0.9504,0.9673,0.9837,1.0007,1.0172,1.0408,1.0508,1.0676,1.0838,1.1005,1.1173,1.1337,1.1505,1.1678,1.1838,1.2005,1.2172,1.2343,1.2506,1.2678,1.2838,1.3004,1.3173,1.3342,1.3508,1.3675,1.3839,1.4005,1.4173,1.4339,1.4513,1.4673,1.4842,1.5005,1.5175,1.5341,1.5508,1.5674,1.584,1.6009,1.6177,1.635,1.651,1.6682,1.6842,1.7012,1.7179,1.7346,1.7508,1.7678,1.785,1.8011,1.8183,1.8341,1.8511,1.868,1.885,1.9011,1.9179,1.9347,1.9513,1.9683,1.9841,2.0008]","[1,1,1,1,1,1,1,1,1,1,1,1,1,1,1,1,1,1,1,1,1,1,1,1,1,1,1,1,1,1,1,1,1,1,1,1,1,1,1,1,1,1,1,1,1,1,1,1,1,1,1,1,1,1,1,1,1,1,1,1,1,1,1,1,1,2,2,2,2,2,2,2,2,2,2,2,2,2,2,2,2,2,2,2,2,2,2,2,2,2,2,2,2,2,2,2,2,2,2,2,2,2,2,2,2,2,2,2,2,2,2,2,2,2,2,2,2,2,2,2,2]",20,319.8238,4,103,0,103,0,1,229579,4,SV_73ADPjbMtd0KUBg,304,2022-03-02_15h06.07.165,implicit_time,2021.1.4,Linux x86_64,59.95563283
cursorjump,225,45,0.5,10,NA,0,NA,0,1,0.5,FALSE,rotation,1,"[0.004167,0.004167,0.004167,0.004167,0.004167,0.004167,0.004167,0.004167,0.004167,0.004167,0.004167,0.004167,0.004167,0.004167,0.004167,0.004167,0.004167,0.004167,0.004167,0.004167,0.004167,0.004167,0.004167,-0.002083,-0.008333,-0.027083,-0.039583,-0.072917,-0.114583,-0.166667,-0.195833,-0.2625,-0.297917,-0.370833,-0.441667,-0.510417,-0.541667,-0.604167,-0.63125,-0.683333,-0.727083,-0.764583,-0.78125,-0.810417,-0.822917,-0.841667,-0.85625,-0.8625,-0.8625,-0.8625,-0.8625,-0.860417,-0.852083,-0.839583,-0.83125,-0.810417,-0.797917,-0.770833,-0.735417,-0.695833,-0.672917,-0.622917,-0.595833,-0.541667,-0.4875,-0.435417,-0.410417,-0.366667,-0.347917,-0.310417,-0.279167,-0.254167,-0.24375,-0.227083,-0.220833,-0.2125,-0.208333,-0.20625,-0.20625,-0.20625,-0.20625,-0.20625,-0.20625,-0.202083,-0.197917,-0.185417,-0.175,-0.154167,-0.133333,-0.114583,-0.10625,-0.095833,-0.091667,-0.0875,-0.083333,-0.083333,-0.083333,-0.083333,-0.083333,-0.083333,-0.083333,-0.083333,-0.079167,-0.072917,-0.06875,-0.058333,-0.04375,-0.0375,-0.025]","[-0.008,-0.004889,-0.004889,-0.004889,-0.004889,-0.004889,-0.004889,-0.004889,-0.004889,-0.004889,-0.004889,-0.004889,-0.004889,-0.004889,-0.004889,-0.004889,-0.004889,-0.004889,-0.004889,-0.004889,-0.004889,-0.004889,-0.004889,-0.011111,-0.017333,-0.039111,-0.051556,-0.082667,-0.116889,-0.154222,-0.172889,-0.216444,-0.241333,-0.291111,-0.340889,-0.387556,-0.409333,-0.456,-0.477778,-0.521333,-0.561778,-0.602222,-0.620889,-0.655111,-0.667556,-0.689333,-0.708,-0.717333,-0.717333,-0.717333,-0.717333,-0.714222,-0.704889,-0.686222,-0.676889,-0.648889,-0.633333,-0.602222,-0.564889,-0.527556,-0.505778,-0.465333,-0.443556,-0.390667,-0.328444,-0.266222,-0.235111,-0.179111,-0.154222,-0.107556,-0.060889,-0.023556,-0.011111,0.010667,0.016889,0.026222,0.029333,0.029333,0.029333,0.029333,0.029333,0.029333,0.026222,0.02,0.016889,0.010667,0.007556,0.001333,-0.004889,-0.014222,-0.017333,-0.026667,-0.029778,-0.032889,-0.036,-0.039111,-0.042222,-0.042222,-0.042222,-0.042222,-0.042222,-0.042222,-0.039111,-0.036,-0.032889,-0.026667,-0.023556,-0.023556,-0.023556]","[0.0006,0.0165,0.0334,0.0494,0.0662,0.0827,0.0999,0.1161,0.1329,0.1498,0.1663,0.183,0.1995,0.2163,0.233,0.2501,0.2661,0.2828,0.2999,0.3164,0.3332,0.35,0.3665,0.3833,0.4002,0.4163,0.4333,0.4501,0.4668,0.4836,0.4996,0.5167,0.5337,0.5496,0.5664,0.5832,0.6003,0.6169,0.6339,0.6497,0.6671,0.6839,0.7006,0.7168,0.7337,0.7503,0.7668,0.7838,0.8007,0.8166,0.8335,0.8506,0.8671,0.8839,0.9007,0.9166,0.9334,0.9504,0.9674,0.9843,1.0001,1.0171,1.0339,1.0506,1.0673,1.0842,1.1013,1.1171,1.134,1.1508,1.1674,1.1844,1.2001,1.2168,1.2338,1.2505,1.2673,1.2844,1.3001,1.3169,1.3336,1.3504,1.367,1.3839,1.4008,1.4178,1.4338,1.4507,1.4678,1.4838,1.5005,1.5172,1.5338,1.5505,1.5671,1.5841,1.601,1.6171,1.6339,1.6504,1.6674,1.6846,1.7008,1.7173,1.7341,1.7506,1.7671,1.7839,1.8007]","[1,1,1,1,1,1,1,1,1,1,1,1,1,1,1,1,1,1,1,1,1,1,1,1,1,1,1,1,1,1,1,1,1,1,1,1,1,1,1,1,1,2,2,2,2,2,2,2,2,2,2,2,2,2,2,2,2,2,2,2,2,2,2,2,2,2,2,2,2,2,2,2,2,2,2,2,2,2,2,2,2,2,2,2,2,2,2,2,2,2,2,2,2,2,2,2,2,2,2,2,2,2,2,2,2,2,2,2,2]",20,322.3087,4,104,0,104,0,1,229579,4,SV_73ADPjbMtd0KUBg,304,2022-03-02_15h06.07.165,implicit_time,2021.1.4,Linux x86_64,59.95563283
cursorjump,235,0,0,10,NA,0,NA,0,0,0.5,FALSE,rotation,0,"[0.004167,0.004167,0.004167,0.004167,0.004167,0.004167,0.004167,0.004167,0.004167,0.004167,0.004167,0.004167,0.004167,0.002083,0.002083,0.002083,0.004167,0.004167,0.004167,0.004167,0.004167,0.004167,0.004167,-0.002083,-0.020833,-0.033333,-0.06875,-0.1125,-0.135417,-0.18125,-0.227083,-0.252083,-0.3,-0.347917,-0.370833,-0.41875,-0.466667,-0.489583,-0.533333,-0.572917,-0.589583,-0.620833,-0.64375,-0.654167,-0.666667,-0.675,-0.677083,-0.683333,-0.6875,-0.691667,-0.697917,-0.704167,-0.710417,-0.725,-0.733333,-0.735417,-0.7375,-0.7375,-0.735417,-0.725,-0.70625,-0.695833,-0.670833,-0.639583,-0.625,-0.591667,-0.554167,-0.5375,-0.5,-0.460417,-0.439583,-0.402083,-0.36875,-0.354167,-0.322917,-0.291667,-0.279167,-0.254167,-0.23125,-0.222917,-0.20625,-0.19375,-0.189583,-0.179167,-0.172917,-0.170833,-0.164583,-0.160417,-0.15625,-0.152083,-0.145833,-0.141667,-0.133333,-0.129167,-0.120833,-0.1125,-0.104167,-0.1,-0.0875,-0.083333,-0.070833,-0.060417,-0.05,-0.045833,-0.0375,-0.033333,-0.029167,-0.022917]","[-0.001778,-0.001778,-0.001778,-0.001778,-0.001778,-0.001778,-0.004889,-0.004889,-0.004889,-0.004889,-0.004889,-0.004889,-0.004889,-0.004889,-0.004889,-0.004889,-0.004889,-0.004889,-0.004889,-0.004889,-0.004889,-0.008,-0.011111,-0.023556,-0.045333,-0.057778,-0.088889,-0.126222,-0.148,-0.194667,-0.247556,-0.278667,-0.337778,-0.396889,-0.424889,-0.484,-0.54,-0.568,-0.614667,-0.652,-0.667556,-0.695556,-0.717333,-0.723556,-0.732889,-0.742222,-0.745333,-0.751556,-0.757778,-0.764,-0.776444,-0.792,-0.801333,-0.82,-0.829333,-0.832444,-0.832444,-0.832444,-0.829333,-0.82,-0.795111,-0.779556,-0.745333,-0.704889,-0.683111,-0.636444,-0.586667,-0.561778,-0.512,-0.465333,-0.440444,-0.393778,-0.353333,-0.334667,-0.297333,-0.266222,-0.250667,-0.225778,-0.204,-0.194667,-0.179111,-0.163556,-0.157333,-0.144889,-0.135556,-0.129333,-0.12,-0.113778,-0.110667,-0.101333,-0.095111,-0.088889,-0.082667,-0.079556,-0.076444,-0.070222,-0.064,-0.060889,-0.051556,-0.048444,-0.042222,-0.036,-0.032889,-0.032889,-0.029778,-0.029778,-0.029778,-0.026667]","[0.0007,0.0166,0.0338,0.0499,0.0666,0.083,0.1001,0.1168,0.1334,0.1502,0.1667,0.1833,0.1998,0.2167,0.233,0.2501,0.2671,0.2836,0.2999,0.3168,0.3336,0.35,0.3665,0.3837,0.4005,0.4162,0.4342,0.4502,0.4669,0.4839,0.5008,0.5164,0.5333,0.5503,0.567,0.5841,0.6003,0.6178,0.6339,0.65,0.6674,0.6836,0.7005,0.717,0.734,0.7501,0.7671,0.7839,0.8003,0.8171,0.8344,0.8503,0.8671,0.8837,0.9006,0.9177,0.9339,0.9508,0.9681,0.9837,1.0006,1.0178,1.0339,1.0506,1.0674,1.0839,1.1006,1.1172,1.134,1.1506,1.1676,1.1844,1.2011,1.2174,1.2343,1.2507,1.2673,1.2839,1.3005,1.3173,1.3344,1.3514,1.3675,1.3841,1.4009,1.4178,1.4346,1.4513,1.4674,1.484,1.5008,1.5177,1.5349,1.5518,1.5673,1.5842,1.6008,1.6177,1.6343,1.6509,1.6677,1.6843,1.7009,1.7175,1.7344,1.7509,1.7676,1.7843]","[1,1,1,1,1,1,1,1,1,1,1,1,1,1,1,1,1,1,1,1,1,1,1,1,1,1,1,1,1,1,1,1,1,1,1,1,1,1,1,1,1,1,2,2,2,2,2,2,2,2,2,2,2,2,2,2,2,2,2,2,2,2,2,2,2,2,2,2,2,2,2,2,2,2,2,2,2,2,2,2,2,2,2,2,2,2,2,2,2,2,2,2,2,2,2,2,2,2,2,2,2,2,2,2,2,2,2,2]",20,324.6104,4,105,0,105,0,1,229579,4,SV_73ADPjbMtd0KUBg,304,2022-03-02_15h06.07.165,implicit_time,2021.1.4,Linux x86_64,59.95563283
cursorjump,315,45,0.5,10,NA,0,NA,0,1,0.5,FALSE,rotation,1,"[0.004167,0.004167,0.004167,0.004167,0.004167,0.004167,0.004167,0.004167,0.004167,0.004167,0.004167,0.004167,0.004167,0.004167,0.004167,0.004167,0.004167,0.004167,0.004167,0.004167,0.004167,0.004167,0.004167,0.010417,0.014583,0.03125,0.054167,0.066667,0.091667,0.120833,0.1375,0.177083,0.227083,0.254167,0.3125,0.36875,0.39375,0.433333,0.466667,0.479167,0.497917,0.510417,0.514583,0.520833,0.53125,0.5375,0.55625,0.572917,0.58125,0.59375,0.604167,0.616667,0.622917,0.635417,0.639583,0.64375,0.639583,0.622917,0.610417,0.58125,0.56875,0.55,0.5375,0.529167,0.527083,0.525,0.522917,0.522917,0.520833,0.514583,0.510417,0.49375,0.483333,0.45625,0.416667,0.391667,0.329167,0.2625,0.229167,0.166667,0.110417,0.060417,0.0375,-0.00625,-0.025,-0.0625,-0.095833,-0.122917,-0.133333,-0.154167,-0.164583,-0.183333,-0.197917,-0.202083,-0.20625,-0.208333,-0.208333,-0.20625,-0.202083,-0.19375,-0.179167,-0.158333,-0.147917,-0.129167,-0.120833,-0.10625,-0.095833,-0.083333,-0.077083,-0.0625,-0.058333,-0.052083,-0.047917,-0.047917,-0.047917,-0.045833,-0.045833,-0.045833,-0.045833,-0.041667,-0.039583,-0.03125,-0.025,-0.016667,-0.010417,-0.008333]","[-0.014222,-0.014222,-0.014222,-0.014222,-0.014222,-0.014222,-0.014222,-0.014222,-0.014222,-0.014222,-0.014222,-0.014222,-0.014222,-0.014222,-0.014222,-0.014222,-0.014222,-0.014222,-0.014222,-0.014222,-0.014222,-0.014222,-0.014222,-0.017333,-0.020444,-0.036,-0.064,-0.079556,-0.123111,-0.166667,-0.191556,-0.244444,-0.306667,-0.337778,-0.406222,-0.462222,-0.487111,-0.530667,-0.564889,-0.577333,-0.605333,-0.627111,-0.636444,-0.658222,-0.683111,-0.695556,-0.720444,-0.739111,-0.748444,-0.764,-0.779556,-0.801333,-0.810667,-0.835556,-0.848,-0.872889,-0.894667,-0.919556,-0.928889,-0.947556,-0.953778,-0.963111,-0.969333,-0.972444,-0.972444,-0.975556,-0.975556,-0.975556,-0.969333,-0.956889,-0.947556,-0.919556,-0.904,-0.866667,-0.816889,-0.785778,-0.714222,-0.639556,-0.602222,-0.54,-0.493333,-0.456,-0.437333,-0.406222,-0.390667,-0.365778,-0.344,-0.328444,-0.322222,-0.312889,-0.306667,-0.294222,-0.281778,-0.275556,-0.263111,-0.253778,-0.244444,-0.232,-0.225778,-0.213333,-0.200889,-0.188444,-0.182222,-0.169778,-0.166667,-0.160444,-0.151111,-0.141778,-0.135556,-0.123111,-0.12,-0.113778,-0.110667,-0.107556,-0.104444,-0.098222,-0.095111,-0.095111,-0.095111,-0.088889,-0.082667,-0.067111,-0.060889,-0.051556,-0.045333,-0.039111]","[0.0006,0.0162,0.0333,0.05,0.0665,0.0832,0.1001,0.1167,0.1331,0.1503,0.1669,0.1836,0.1999,0.2163,0.2338,0.25,0.2669,0.2835,0.2999,0.317,0.3339,0.3504,0.3673,0.3836,0.4002,0.4167,0.4342,0.4505,0.4672,0.4839,0.5003,0.5171,0.5338,0.5503,0.567,0.5837,0.6004,0.617,0.6338,0.6504,0.6671,0.6838,0.7002,0.7169,0.7343,0.7504,0.7672,0.7837,0.801,0.8177,0.8343,0.8511,0.8676,0.8842,0.9008,0.9175,0.9342,0.9509,0.9675,0.9842,1.0007,1.0174,1.0338,1.0514,1.0673,1.0838,1.1013,1.1179,1.1345,1.151,1.1676,1.1841,1.2007,1.2172,1.235,1.2505,1.2681,1.2845,1.3007,1.3172,1.3349,1.3515,1.3679,1.3844,1.4009,1.4174,1.4349,1.4515,1.4683,1.4846,1.501,1.5173,1.535,1.5516,1.5682,1.5844,1.6009,1.6178,1.6343,1.6511,1.6677,1.6842,1.701,1.7175,1.7345,1.7509,1.7678,1.7842,1.8012,1.8177,1.8347,1.8512,1.8675,1.8846,1.901,1.918,1.9347,1.951,1.9681,1.9845,2.001,2.0182,2.0346,2.0512,2.0683,2.0849]","[1,1,1,1,1,1,1,1,1,1,1,1,1,1,1,1,1,1,1,1,1,1,1,1,1,1,1,1,1,1,1,1,1,1,1,1,1,1,1,1,1,1,1,1,1,1,1,1,1,2,2,2,2,2,2,2,2,2,2,2,2,2,2,2,2,2,2,2,2,2,2,2,2,2,2,2,2,2,2,2,2,2,2,2,2,2,2,2,2,2,2,2,2,2,2,2,2,2,2,2,2,2,2,2,2,2,2,2,2,2,2,2,2,2,2,2,2,2,2,2,2,2,2,2,2,2]",20,327.2124,4,106,0,106,0,1,229579,4,SV_73ADPjbMtd0KUBg,304,2022-03-02_15h06.07.165,implicit_time,2021.1.4,Linux x86_64,59.95563283
cursorjump,305,0,0,10,NA,0,NA,0,0,0.5,FALSE,rotation,0,"[-0.002083,-0.002083,-0.002083,-0.002083,0,0,0,0,0,0,0.002083,0.002083,0.002083,0.004167,0.00625,0.00625,0.008333,0.008333,0.010417,0.010417,0.0125,0.014583,0.022917,0.027083,0.039583,0.05625,0.079167,0.091667,0.122917,0.1375,0.170833,0.20625,0.239583,0.25625,0.289583,0.304167,0.327083,0.34375,0.358333,0.364583,0.372917,0.377083,0.38125,0.383333,0.385417,0.3875,0.397917,0.40625,0.427083,0.44375,0.458333,0.464583,0.483333,0.495833,0.514583,0.516667,0.516667,0.516667,0.516667,0.516667,0.516667,0.520833,0.520833,0.514583,0.483333,0.458333,0.4,0.3375,0.272917,0.241667,0.179167,0.154167,0.1125,0.083333,0.075,0.0625,0.052083,0.047917,0.0375,0.027083,0.020833,0.008333,-0.004167,-0.010417,-0.020833,-0.027083,-0.029167,-0.03125,-0.03125,-0.033333,-0.033333,-0.035417,-0.035417,-0.035417,-0.03125,-0.027083,-0.016667,-0.00625]","[0.013778,0.013778,0.013778,0.013778,0.013778,0.013778,0.013778,0.013778,0.013778,0.013778,0.013778,0.013778,0.010667,0.010667,0.010667,0.010667,0.010667,0.010667,0.010667,0.010667,0.010667,0.010667,0.001333,-0.011111,-0.042222,-0.095111,-0.160444,-0.197778,-0.275556,-0.316,-0.396889,-0.471556,-0.536889,-0.564889,-0.614667,-0.636444,-0.68,-0.720444,-0.757778,-0.773333,-0.795111,-0.804444,-0.816889,-0.823111,-0.829333,-0.835556,-0.851111,-0.860444,-0.885333,-0.907111,-0.922667,-0.932,-0.947556,-0.96,-0.975556,-0.978667,-0.978667,-0.978667,-0.978667,-0.978667,-0.978667,-0.978667,-0.969333,-0.963111,-0.928889,-0.907111,-0.851111,-0.785778,-0.717333,-0.676889,-0.586667,-0.54,-0.456,-0.4,-0.378222,-0.350222,-0.322222,-0.306667,-0.275556,-0.244444,-0.232,-0.207111,-0.185333,-0.176,-0.151111,-0.129333,-0.12,-0.110667,-0.101333,-0.098222,-0.092,-0.085778,-0.082667,-0.076444,-0.064,-0.057778,-0.042222,-0.026667]","[0.0007,0.0167,0.0335,0.0501,0.0669,0.0836,0.1001,0.1163,0.1336,0.1504,0.167,0.1836,0.2003,0.2172,0.2337,0.2504,0.267,0.2834,0.3004,0.3169,0.3337,0.3503,0.3669,0.3835,0.4001,0.417,0.4335,0.45,0.4671,0.4837,0.5004,0.517,0.5338,0.5504,0.5672,0.5838,0.6005,0.617,0.6338,0.6504,0.6671,0.6838,0.7006,0.7174,0.734,0.7506,0.7672,0.7841,0.8009,0.8174,0.8341,0.8507,0.8674,0.884,0.9008,0.9174,0.934,0.9505,0.9673,0.9838,1.0004,1.018,1.0343,1.0508,1.0675,1.0842,1.1011,1.1177,1.1345,1.151,1.1676,1.1844,1.2011,1.2179,1.2344,1.2509,1.2675,1.2844,1.3012,1.3175,1.3341,1.3508,1.3674,1.3844,1.401,1.4176,1.4342,1.4509,1.4679,1.4847,1.5009,1.5174,1.5342,1.551,1.5676,1.5845,1.6012,1.6179]","[1,1,1,1,1,1,1,1,1,1,1,1,1,1,1,1,1,1,1,1,1,1,1,1,1,1,1,1,1,1,1,1,1,1,1,1,1,1,1,1,1,1,1,1,1,1,1,1,2,2,2,2,2,2,2,2,2,2,2,2,2,2,2,2,2,2,2,2,2,2,2,2,2,2,2,2,2,2,2,2,2,2,2,2,2,2,2,2,2,2,2,2,2,2,2,2,2,2]",20,329.3474,4,107,0,107,0,1,229579,4,SV_73ADPjbMtd0KUBg,304,2022-03-02_15h06.07.165,implicit_time,2021.1.4,Linux x86_64,59.95563283
cursorjump,135,45,0.5,10,NA,0,NA,0,1,0.5,FALSE,rotation,1,"[0.008333,0.008333,0.008333,0.008333,0.008333,0.008333,0.008333,0.008333,0.008333,0.008333,0.008333,0.008333,0.008333,0.008333,0.008333,0.008333,0.008333,0.008333,0.008333,0.008333,0.00625,0.004167,0.002083,-0.002083,-0.002083,-0.00625,-0.010417,-0.0125,-0.0125,-0.014583,-0.014583,-0.014583,-0.016667,-0.020833,-0.033333,-0.05,-0.058333,-0.079167,-0.1,-0.110417,-0.133333,-0.15625,-0.16875,-0.195833,-0.225,-0.239583,-0.26875,-0.295833,-0.308333,-0.335417,-0.366667,-0.379167,-0.40625,-0.429167,-0.439583,-0.4625,-0.485417,-0.495833,-0.5125,-0.525,-0.529167,-0.5375,-0.545833,-0.55,-0.552083,-0.552083,-0.552083,-0.547917,-0.541667,-0.539583,-0.53125,-0.525,-0.522917,-0.51875,-0.516667,-0.516667,-0.51875,-0.527083,-0.533333,-0.545833,-0.547917,-0.547917,-0.545833,-0.545833,-0.545833,-0.547917,-0.545833,-0.541667,-0.525,-0.5125,-0.475,-0.427083,-0.375,-0.345833,-0.2875,-0.258333,-0.2,-0.14375,-0.09375,-0.070833,-0.029167,-0.010417,0.025,0.054167,0.077083,0.085417,0.1,0.10625,0.114583,0.11875,0.120833,0.120833,0.120833,0.11875,0.1125,0.102083,0.089583,0.083333,0.075,0.06875,0.060417,0.052083,0.041667,0.0375,0.027083,0.020833,0.0125,0.00625,0.004167,0.002083,-0.002083,-0.004167,-0.010417,-0.014583]","[-0.001778,-0.001778,-0.001778,-0.001778,-0.001778,-0.001778,-0.001778,-0.001778,-0.001778,-0.001778,-0.001778,-0.001778,-0.001778,-0.001778,-0.001778,-0.001778,-0.001778,-0.001778,-0.001778,-0.001778,-0.001778,-0.001778,-0.004889,-0.004889,-0.004889,-0.001778,-0.001778,0.001333,0.001333,0.004444,0.004444,0.007556,0.010667,0.013778,0.023111,0.035556,0.041778,0.069778,0.110222,0.132,0.178667,0.222222,0.240889,0.275111,0.309333,0.328,0.365333,0.402667,0.421333,0.455556,0.483556,0.496,0.517778,0.542667,0.555111,0.58,0.604889,0.617333,0.645333,0.673333,0.685778,0.710667,0.732444,0.741778,0.763556,0.782222,0.788444,0.800889,0.807111,0.810222,0.819556,0.825778,0.832,0.841333,0.850667,0.856889,0.872444,0.888,0.900444,0.919111,0.922222,0.922222,0.922222,0.922222,0.919111,0.912889,0.897333,0.888,0.869333,0.856889,0.822667,0.782222,0.726222,0.698222,0.629778,0.592444,0.517778,0.44,0.371556,0.340444,0.287556,0.265778,0.228444,0.200444,0.178667,0.172444,0.16,0.156889,0.147556,0.144444,0.141333,0.141333,0.141333,0.141333,0.132,0.122667,0.110222,0.107111,0.097778,0.094667,0.091556,0.085333,0.082222,0.079111,0.076,0.076,0.079111,0.079111,0.076,0.072889,0.060444,0.054222,0.044889,0.038667]","[0.0007,0.0165,0.0329,0.0499,0.0662,0.0829,0.0999,0.1166,0.1331,0.1498,0.1665,0.1831,0.1997,0.217,0.2333,0.2499,0.2665,0.283,0.3003,0.3167,0.3335,0.3501,0.3667,0.3833,0.4,0.4166,0.4343,0.4507,0.4671,0.4838,0.5005,0.5174,0.5339,0.5506,0.5673,0.584,0.6006,0.6173,0.6339,0.6504,0.6672,0.6839,0.7005,0.7174,0.7341,0.7507,0.7675,0.784,0.8005,0.8171,0.8338,0.8505,0.8671,0.8837,0.9004,0.9171,0.9338,0.9503,0.967,0.9838,1.0007,1.0174,1.034,1.0507,1.0671,1.0837,1.1003,1.117,1.1338,1.1504,1.167,1.1838,1.2014,1.217,1.2349,1.2502,1.268,1.2847,1.3015,1.3169,1.334,1.3503,1.3669,1.3847,1.4015,1.4171,1.4339,1.4504,1.4681,1.4842,1.5009,1.5173,1.5339,1.5502,1.5677,1.5842,1.6006,1.6172,1.6339,1.6514,1.6673,1.6842,1.7009,1.717,1.7343,1.7506,1.7671,1.7843,1.8008,1.8175,1.8339,1.8514,1.8677,1.884,1.901,1.9178,1.9341,1.9508,1.9673,1.9841,2.0008,2.0177,2.0339,2.0511,2.0674,2.0846,2.1008,2.1178,2.134,2.1512,2.1675,2.1842,2.2007,2.2177]","[1,1,1,1,1,1,1,1,1,1,1,1,1,1,1,1,1,1,1,1,1,1,1,1,1,1,1,1,1,1,1,1,1,1,1,1,1,1,1,1,1,1,1,1,1,1,1,1,1,1,1,1,1,1,1,1,1,1,1,1,1,1,1,1,1,1,2,2,2,2,2,2,2,2,2,2,2,2,2,2,2,2,2,2,2,2,2,2,2,2,2,2,2,2,2,2,2,2,2,2,2,2,2,2,2,2,2,2,2,2,2,2,2,2,2,2,2,2,2,2,2,2,2,2,2,2,2,2,2,2,2,2,2,2]",20,332.0823,4,108,0,108,0,1,229579,4,SV_73ADPjbMtd0KUBg,304,2022-03-02_15h06.07.165,implicit_time,2021.1.4,Linux x86_64,59.95563283
cursorjump,125,0,0,10,NA,0,NA,0,0,0.5,FALSE,rotation,0,"[0.014583,0.0125,0.0125,0.0125,0.0125,0.0125,0.0125,0.0125,0.0125,0.0125,0.0125,0.0125,0.0125,0.0125,0.0125,0.0125,0.0125,0.0125,0.0125,0.0125,0.0125,0.0125,0.0125,0.0125,0.0125,0.00625,-0.004167,-0.0125,-0.03125,-0.052083,-0.0625,-0.079167,-0.09375,-0.102083,-0.116667,-0.13125,-0.1375,-0.152083,-0.164583,-0.177083,-0.185417,-0.2,-0.208333,-0.227083,-0.245833,-0.2625,-0.270833,-0.283333,-0.289583,-0.297917,-0.308333,-0.316667,-0.31875,-0.325,-0.327083,-0.329167,-0.327083,-0.327083,-0.327083,-0.327083,-0.327083,-0.322917,-0.316667,-0.304167,-0.283333,-0.2625,-0.25,-0.222917,-0.208333,-0.175,-0.139583,-0.10625,-0.089583,-0.060417,-0.033333,-0.022917,-0.004167,0.010417,0.016667,0.022917,0.027083,0.029167,0.03125,0.03125,0.03125,0.03125,0.03125,0.03125,0.03125,0.029167,0.027083,0.020833,0.014583,0.0125,0.00625,0,0,-0.002083,-0.002083,0,0,0]","[-0.001778,0.001333,0.001333,0.001333,0.001333,0.001333,0.001333,0.001333,0.001333,0.001333,0.001333,0.001333,0.001333,0.001333,0.001333,0.001333,0.001333,0.001333,0.001333,0.001333,0.001333,0.001333,0.001333,0.001333,0.001333,0.007556,0.023111,0.032444,0.069778,0.119556,0.150667,0.212889,0.278222,0.309333,0.371556,0.430667,0.455556,0.505333,0.555111,0.601778,0.626667,0.670222,0.688889,0.72,0.751111,0.782222,0.800889,0.838222,0.86,0.897333,0.931556,0.959556,0.968889,0.987556,0.993778,1,1,1,1,1,1,1,0.996889,0.987556,0.965778,0.931556,0.906667,0.850667,0.819556,0.754222,0.682667,0.611111,0.576889,0.511556,0.449333,0.418222,0.371556,0.334222,0.318667,0.296889,0.287556,0.275111,0.268889,0.262667,0.259556,0.259556,0.256444,0.256444,0.256444,0.250222,0.244,0.222222,0.203556,0.194222,0.181778,0.166222,0.156889,0.135111,0.119556,0.088444,0.057333,0.038667]","[0.0008,0.0166,0.0333,0.0502,0.0665,0.0834,0.0997,0.1166,0.1331,0.1498,0.1665,0.1833,0.2001,0.217,0.2332,0.2501,0.2667,0.2835,0.3,0.3167,0.3336,0.3504,0.3667,0.3835,0.4,0.4166,0.4337,0.4504,0.467,0.484,0.5,0.517,0.5341,0.5501,0.5672,0.5845,0.6004,0.6174,0.6336,0.6505,0.6677,0.6837,0.7007,0.7169,0.7338,0.7508,0.767,0.7839,0.8004,0.8172,0.8336,0.8506,0.867,0.8842,0.9002,0.9175,0.9338,0.9511,0.9669,0.9841,1.0009,1.0172,1.0343,1.0508,1.0675,1.0839,1.1004,1.1174,1.1344,1.1505,1.1675,1.1845,1.2004,1.2175,1.2345,1.2506,1.2678,1.284,1.3012,1.3173,1.3342,1.3513,1.3677,1.3848,1.4009,1.4182,1.4346,1.4508,1.4679,1.4847,1.5008,1.5177,1.5346,1.5509,1.568,1.5843,1.6013,1.6183,1.6346,1.6518,1.6679,1.6852]","[1,1,1,1,1,1,1,1,1,1,1,1,1,1,1,1,1,1,1,1,1,1,1,1,1,1,1,1,1,1,1,1,1,1,1,1,1,1,1,1,1,1,1,1,1,1,1,1,1,1,2,2,2,2,2,2,2,2,2,2,2,2,2,2,2,2,2,2,2,2,2,2,2,2,2,2,2,2,2,2,2,2,2,2,2,2,2,2,2,2,2,2,2,2,2,2,2,2,2,2,2,2]",20,334.2845,4,109,0,109,0,1,229579,4,SV_73ADPjbMtd0KUBg,304,2022-03-02_15h06.07.165,implicit_time,2021.1.4,Linux x86_64,59.95563283
cursorjump,45,45,0.5,10,NA,0,NA,0,1,0.5,FALSE,rotation,1,"[-0.002083,-0.002083,-0.002083,-0.002083,-0.002083,-0.002083,-0.002083,-0.002083,-0.002083,-0.002083,0,0,0,0.002083,0.004167,0.004167,0.00625,0.00625,0.008333,0.010417,0.0125,0.014583,0.022917,0.029167,0.052083,0.0875,0.133333,0.158333,0.208333,0.235417,0.29375,0.35625,0.420833,0.45,0.508333,0.535417,0.583333,0.622917,0.65625,0.670833,0.695833,0.708333,0.729167,0.75,0.766667,0.775,0.789583,0.795833,0.80625,0.8125,0.8125,0.8125,0.8125,0.8125,0.8125,0.8125,0.8125,0.816667,0.833333,0.847917,0.89375,0.925,0.93125,0.93125,0.929167,0.929167,0.929167,0.929167,0.929167,0.93125,0.933333,0.933333,0.927083,0.902083,0.88125,0.822917,0.745833,0.704167,0.620833,0.539583,0.497917,0.4125,0.325,0.283333,0.202083,0.133333,0.102083,0.052083,0.010417,-0.010417,-0.04375,-0.06875,-0.077083,-0.0875,-0.089583,-0.091667,-0.089583,-0.0875,-0.085417,-0.083333,-0.079167,-0.077083,-0.070833,-0.064583,-0.058333,-0.047917,-0.039583,-0.0375,-0.035417,-0.033333,-0.033333,-0.027083,-0.01875,-0.008333,-0.002083,0.014583,0.022917,0.039583,0.058333,0.066667,0.077083,0.083333,0.085417,0.0875,0.089583,0.0875,0.085417,0.075,0.06875,0.05625,0.04375,0.039583]","[0.023111,0.023111,0.023111,0.023111,0.023111,0.023111,0.023111,0.023111,0.023111,0.023111,0.023111,0.02,0.02,0.02,0.02,0.02,0.02,0.02,0.02,0.023111,0.026222,0.026222,0.038667,0.044889,0.063556,0.091556,0.122667,0.138222,0.175556,0.194222,0.237778,0.281333,0.321778,0.340444,0.365333,0.374667,0.393333,0.412,0.427556,0.433778,0.449333,0.458667,0.471111,0.483556,0.492889,0.496,0.505333,0.511556,0.517778,0.520889,0.520889,0.520889,0.520889,0.520889,0.520889,0.520889,0.520889,0.520889,0.520889,0.524,0.533333,0.542667,0.542667,0.539556,0.536444,0.533333,0.533333,0.530222,0.530222,0.530222,0.530222,0.530222,0.527111,0.514667,0.505333,0.480444,0.446222,0.427556,0.390222,0.343556,0.315556,0.247111,0.172444,0.132,0.057333,-0.011111,-0.042222,-0.098222,-0.144889,-0.166667,-0.197778,-0.216444,-0.222667,-0.225778,-0.225778,-0.225778,-0.222667,-0.213333,-0.204,-0.188444,-0.176,-0.169778,-0.157333,-0.144889,-0.135556,-0.116889,-0.104444,-0.098222,-0.092,-0.088889,-0.085778,-0.079556,-0.073333,-0.064,-0.060889,-0.054667,-0.048444,-0.039111,-0.026667,-0.017333,-0.004889,0.007556,0.010667,0.016889,0.016889,0.02,0.02,0.016889,0.016889,0.010667,0.007556,0.007556]","[0.0003,0.017,0.0333,0.0505,0.0665,0.0833,0.1001,0.1171,0.1332,0.1503,0.1666,0.1836,0.2007,0.2167,0.2338,0.25,0.267,0.2838,0.3008,0.3168,0.3336,0.3506,0.3667,0.3838,0.4008,0.4168,0.434,0.4501,0.4672,0.4836,0.5006,0.5175,0.5338,0.551,0.5671,0.5841,0.6001,0.6171,0.6343,0.6504,0.6675,0.6837,0.7009,0.7172,0.7343,0.7503,0.7673,0.7844,0.8007,0.8178,0.8339,0.8508,0.8676,0.8846,0.9006,0.9174,0.9345,0.9506,0.9674,0.9844,1.0004,1.0175,1.0344,1.0506,1.0676,1.0846,1.1006,1.1176,1.1347,1.1509,1.1678,1.1848,1.2008,1.2178,1.235,1.2509,1.2678,1.2849,1.3007,1.3176,1.3348,1.3509,1.3679,1.3842,1.4011,1.4182,1.4343,1.4515,1.4677,1.4847,1.5016,1.5177,1.5348,1.5516,1.5677,1.5849,1.6014,1.6184,1.6345,1.6515,1.6684,1.6845,1.7014,1.7183,1.7345,1.7516,1.7686,1.7846,1.8019,1.8181,1.8347,1.8519,1.8682,1.8853,1.9014,1.9187,1.9347,1.9515,1.9685,1.9848,2.002,2.018,2.0352,2.0512,2.0681,2.0853,2.1016,2.1187,2.1347,2.1517,2.1687,2.1847]","[1,1,1,1,1,1,1,1,1,1,1,1,1,1,1,1,1,1,1,1,1,1,1,1,1,1,1,1,1,1,1,1,1,1,1,1,1,1,1,1,1,1,1,1,1,1,1,1,1,2,2,2,2,2,2,2,2,2,2,2,2,2,2,2,2,2,2,2,2,2,2,2,2,2,2,2,2,2,2,2,2,2,2,2,2,2,2,2,2,2,2,2,2,2,2,2,2,2,2,2,2,2,2,2,2,2,2,2,2,2,2,2,2,2,2,2,2,2,2,2,2,2,2,2,2,2,2,2,2,2,2,2]",20,336.9856,4,110,0,110,0,1,229579,4,SV_73ADPjbMtd0KUBg,304,2022-03-02_15h06.07.165,implicit_time,2021.1.4,Linux x86_64,59.95563283
cursorjump,55,0,0,10,NA,0,NA,0,0,0.5,FALSE,rotation,0,"[-0.008333,-0.00625,-0.004167,-0.004167,-0.002083,-0.002083,-0.002083,-0.002083,-0.002083,0,0,0,0,0,0,0,0,-0.002083,-0.002083,-0.002083,-0.002083,-0.002083,0,0.002083,0.008333,0.020833,0.033333,0.060417,0.09375,0.1125,0.154167,0.197917,0.220833,0.270833,0.322917,0.347917,0.402083,0.45625,0.485417,0.54375,0.602083,0.63125,0.685417,0.708333,0.745833,0.777083,0.802083,0.810417,0.820833,0.820833,0.820833,0.820833,0.820833,0.820833,0.822917,0.822917,0.822917,0.81875,0.8125,0.791667,0.758333,0.735417,0.685417,0.627083,0.5625,0.53125,0.46875,0.439583,0.385417,0.335417,0.289583,0.26875,0.233333,0.21875,0.19375,0.172917,0.15625,0.15,0.139583,0.133333,0.129167,0.125,0.122917,0.120833,0.116667,0.114583,0.110417,0.104167,0.095833,0.089583,0.079167,0.072917,0.064583,0.054167,0.047917,0.04375,0.035417,0.03125,0.025]","[0.010667,0.013778,0.016889,0.016889,0.016889,0.016889,0.02,0.02,0.02,0.02,0.02,0.02,0.02,0.02,0.02,0.02,0.02,0.02,0.02,0.02,0.02,0.02,0.02,0.023111,0.029333,0.041778,0.054222,0.079111,0.104,0.119556,0.147556,0.178667,0.200444,0.244,0.290667,0.315556,0.362222,0.405778,0.427556,0.474222,0.520889,0.542667,0.583111,0.601778,0.629778,0.648444,0.667111,0.676444,0.682667,0.685778,0.682667,0.682667,0.682667,0.682667,0.682667,0.682667,0.682667,0.676444,0.670222,0.651556,0.617333,0.598667,0.552,0.492889,0.433778,0.402667,0.346667,0.321778,0.278222,0.244,0.212889,0.200444,0.175556,0.166222,0.153778,0.141333,0.132,0.125778,0.116444,0.113333,0.107111,0.104,0.100889,0.097778,0.091556,0.088444,0.085333,0.076,0.069778,0.066667,0.057333,0.054222,0.051111,0.048,0.041778,0.041778,0.038667,0.035556,0.032444]","[0.0002,0.016,0.0332,0.0493,0.0662,0.0831,0.1001,0.1162,0.1334,0.1494,0.1662,0.1832,0.1993,0.2164,0.2327,0.2499,0.2662,0.283,0.2998,0.3166,0.3328,0.3497,0.3665,0.3827,0.3998,0.417,0.4332,0.4498,0.4668,0.483,0.5002,0.5163,0.5334,0.5498,0.5668,0.583,0.6001,0.6163,0.6333,0.6498,0.6668,0.6831,0.7004,0.7167,0.7331,0.7501,0.7667,0.7835,0.8001,0.8167,0.8334,0.85,0.8669,0.8834,0.9004,0.9167,0.9337,0.9505,0.9667,0.9833,1.0002,1.0168,1.0334,1.0504,1.0667,1.0841,1.1002,1.1166,1.1335,1.1504,1.1668,1.184,1.2001,1.217,1.2341,1.2511,1.2672,1.2833,1.3004,1.3174,1.3335,1.3504,1.3676,1.3837,1.4005,1.4175,1.4337,1.4507,1.4675,1.4836,1.5005,1.5173,1.5343,1.5512,1.5675,1.5845,1.6004,1.6174,1.6345]","[1,1,1,1,1,1,1,1,1,1,1,1,1,1,1,1,1,1,1,1,1,1,1,1,1,1,1,1,1,1,1,1,1,1,1,1,1,1,1,1,1,1,1,1,2,2,2,2,2,2,2,2,2,2,2,2,2,2,2,2,2,2,2,2,2,2,2,2,2,2,2,2,2,2,2,2,2,2,2,2,2,2,2,2,2,2,2,2,2,2,2,2,2,2,2,2,2,2,2]",20,339.138,4,111,0,111,0,1,229579,4,SV_73ADPjbMtd0KUBg,304,2022-03-02_15h06.07.165,implicit_time,2021.1.4,Linux x86_64,59.95563283
cursorjump,225,45,0.5,10,NA,0,NA,0,1,0.5,FALSE,rotation,1,"[-0.029167,-0.027083,-0.025,-0.01875,-0.016667,-0.010417,-0.008333,-0.00625,-0.004167,-0.004167,-0.004167,-0.004167,-0.004167,-0.002083,-0.002083,-0.002083,-0.002083,-0.002083,-0.002083,-0.002083,-0.002083,-0.002083,-0.002083,-0.00625,-0.016667,-0.035417,-0.045833,-0.077083,-0.114583,-0.135417,-0.177083,-0.222917,-0.24375,-0.2875,-0.308333,-0.352083,-0.39375,-0.433333,-0.452083,-0.4875,-0.51875,-0.533333,-0.5625,-0.589583,-0.602083,-0.627083,-0.65,-0.660417,-0.68125,-0.704167,-0.716667,-0.735417,-0.752083,-0.75625,-0.764583,-0.766667,-0.76875,-0.76875,-0.766667,-0.766667,-0.7625,-0.758333,-0.75,-0.741667,-0.73125,-0.722917,-0.704167,-0.689583,-0.65,-0.604167,-0.552083,-0.527083,-0.48125,-0.460417,-0.425,-0.39375,-0.366667,-0.354167,-0.333333,-0.325,-0.3125,-0.30625,-0.297917,-0.29375,-0.283333,-0.277083,-0.264583,-0.252083,-0.2375,-0.229167,-0.214583,-0.20625,-0.191667,-0.175,-0.158333,-0.15,-0.133333,-0.125,-0.110417,-0.1,-0.095833,-0.09375,-0.091667,-0.091667,-0.0875,-0.083333,-0.079167,-0.079167,-0.079167,-0.079167,-0.075,-0.06875,-0.0625,-0.05625,-0.047917,-0.04375,-0.035417,-0.027083]","[-0.023556,-0.023556,-0.020444,-0.020444,-0.017333,-0.014222,-0.011111,-0.011111,-0.008,-0.008,-0.008,-0.004889,-0.004889,-0.004889,-0.004889,-0.004889,-0.004889,-0.004889,-0.004889,-0.004889,-0.004889,-0.004889,-0.004889,-0.011111,-0.023556,-0.045333,-0.060889,-0.098222,-0.141778,-0.166667,-0.210222,-0.256889,-0.278667,-0.319111,-0.340889,-0.381333,-0.421778,-0.459111,-0.477778,-0.508889,-0.54,-0.555556,-0.583556,-0.611556,-0.627111,-0.652,-0.68,-0.692444,-0.720444,-0.742222,-0.754667,-0.776444,-0.792,-0.798222,-0.804444,-0.804444,-0.807556,-0.804444,-0.804444,-0.801333,-0.792,-0.788889,-0.776444,-0.767111,-0.757778,-0.751556,-0.729778,-0.711111,-0.664444,-0.605333,-0.54,-0.505778,-0.437333,-0.403111,-0.337778,-0.278667,-0.222667,-0.197778,-0.157333,-0.138667,-0.110667,-0.088889,-0.070222,-0.060889,-0.042222,-0.032889,-0.017333,0.001333,0.016889,0.026222,0.038667,0.041778,0.044889,0.044889,0.041778,0.038667,0.026222,0.02,0.004444,-0.011111,-0.023556,-0.026667,-0.032889,-0.032889,-0.036,-0.039111,-0.042222,-0.042222,-0.042222,-0.042222,-0.039111,-0.036,-0.032889,-0.029778,-0.029778,-0.026667,-0.023556,-0.020444]","[0.0002,0.0166,0.0337,0.0499,0.0669,0.083,0.1003,0.1162,0.1332,0.15,0.167,0.1832,0.2002,0.2164,0.2333,0.2501,0.2673,0.2835,0.3005,0.3165,0.3337,0.3498,0.3667,0.3838,0.4,0.4171,0.4333,0.4503,0.4673,0.4834,0.5006,0.5167,0.5338,0.5507,0.5668,0.5839,0.6002,0.6173,0.6333,0.6504,0.6675,0.6836,0.7007,0.7166,0.7335,0.7506,0.7675,0.7835,0.8007,0.8168,0.8338,0.8507,0.8676,0.8836,0.9005,0.9174,0.9344,0.9504,0.9676,0.9835,1.0005,1.0177,1.0337,1.0507,1.0678,1.084,1.1011,1.1173,1.1343,1.1504,1.1676,1.1838,1.2008,1.2178,1.2337,1.2507,1.2678,1.2839,1.3011,1.3173,1.3343,1.3504,1.3677,1.3838,1.401,1.4174,1.4344,1.4514,1.4676,1.4847,1.5009,1.518,1.534,1.5509,1.5682,1.5842,1.6012,1.6181,1.6342,1.6511,1.6682,1.6844,1.7014,1.7184,1.7344,1.7516,1.7677,1.7848,1.8009,1.8181,1.8341,1.851,1.8683,1.8844,1.9013,1.9182,1.9351,1.9513]","[1,1,1,1,1,1,1,1,1,1,1,1,1,1,1,1,1,1,1,1,1,1,1,1,1,1,1,1,1,1,1,1,1,1,1,1,1,1,1,1,1,1,1,1,1,1,1,1,2,2,2,2,2,2,2,2,2,2,2,2,2,2,2,2,2,2,2,2,2,2,2,2,2,2,2,2,2,2,2,2,2,2,2,2,2,2,2,2,2,2,2,2,2,2,2,2,2,2,2,2,2,2,2,2,2,2,2,2,2,2,2,2,2,2,2,2,2,2]",20,342.6901,4,112,0,112,0,1,229579,4,SV_73ADPjbMtd0KUBg,304,2022-03-02_15h06.07.165,implicit_time,2021.1.4,Linux x86_64,59.95563283
cursorjump,215,0,0,10,NA,0,NA,0,0,0.5,FALSE,rotation,0,"[0.004167,0.00625,0.00625,0.00625,0.00625,0.00625,0.00625,0.00625,0.00625,0.00625,0.00625,0.00625,0.00625,0.008333,0.010417,0.010417,0.0125,0.0125,0.0125,0.0125,0.0125,0.008333,-0.00625,-0.033333,-0.052083,-0.097917,-0.147917,-0.177083,-0.235417,-0.3,-0.335417,-0.402083,-0.466667,-0.5,-0.558333,-0.6125,-0.6375,-0.683333,-0.722917,-0.75,-0.758333,-0.766667,-0.76875,-0.76875,-0.764583,-0.760417,-0.75,-0.7375,-0.733333,-0.725,-0.722917,-0.720833,-0.722917,-0.727083,-0.733333,-0.75,-0.760417,-0.7875,-0.816667,-0.84375,-0.85625,-0.879167,-0.885417,-0.89375,-0.89375,-0.89375,-0.891667,-0.885417,-0.88125,-0.86875,-0.854167,-0.8375,-0.827083,-0.802083,-0.7875,-0.74375,-0.683333,-0.614583,-0.577083,-0.504167,-0.466667,-0.4,-0.335417,-0.272917,-0.241667,-0.18125,-0.152083,-0.104167,-0.0625,-0.03125,-0.01875,0.004167,0.022917,0.029167,0.035417,0.039583,0.039583,0.041667,0.041667,0.041667,0.041667,0.041667,0.041667,0.033333,0.027083,0.0125,0.002083,-0.004167,-0.00625,-0.008333,-0.010417,-0.014583,-0.016667]","[0.010667,0.010667,0.010667,0.010667,0.010667,0.010667,0.010667,0.010667,0.010667,0.010667,0.010667,0.010667,0.010667,0.010667,0.010667,0.010667,0.010667,0.010667,0.010667,0.010667,0.004444,0.001333,-0.014222,-0.039111,-0.051556,-0.079556,-0.116889,-0.135556,-0.169778,-0.210222,-0.232,-0.275556,-0.325333,-0.347111,-0.390667,-0.434222,-0.452889,-0.484,-0.508889,-0.524444,-0.530667,-0.533778,-0.533778,-0.533778,-0.530667,-0.527556,-0.515111,-0.505778,-0.502667,-0.496444,-0.493333,-0.490222,-0.493333,-0.496444,-0.502667,-0.524444,-0.536889,-0.571111,-0.608444,-0.639556,-0.652,-0.676889,-0.686222,-0.692444,-0.692444,-0.695556,-0.695556,-0.692444,-0.689333,-0.676889,-0.661333,-0.642667,-0.633333,-0.605333,-0.589778,-0.546222,-0.490222,-0.431111,-0.4,-0.337778,-0.306667,-0.244444,-0.185333,-0.126222,-0.098222,-0.051556,-0.029778,0.007556,0.038667,0.063556,0.076,0.097778,0.113333,0.119556,0.125778,0.128889,0.128889,0.132,0.132,0.132,0.132,0.128889,0.125778,0.113333,0.104,0.085333,0.072889,0.066667,0.063556,0.054222,0.051111,0.041778,0.035556]","[0.0002,0.0163,0.0332,0.0501,0.0671,0.0832,0.1002,0.1164,0.1332,0.1503,0.1665,0.1834,0.1996,0.2169,0.2331,0.2503,0.2672,0.2833,0.3004,0.3165,0.3338,0.3498,0.367,0.3831,0.4004,0.4166,0.4335,0.45,0.4666,0.4838,0.5,0.5173,0.5336,0.5498,0.567,0.5835,0.6,0.6173,0.6335,0.6507,0.6667,0.684,0.7004,0.7169,0.7341,0.7503,0.7669,0.7841,0.8003,0.8168,0.8341,0.8503,0.8669,0.8841,0.9004,0.9169,0.9342,0.9504,0.9676,0.9839,1.0004,1.017,1.0339,1.0505,1.0677,1.084,1.1006,1.1171,1.1341,1.1505,1.1678,1.184,1.2009,1.2173,1.2342,1.2508,1.2674,1.284,1.3008,1.3174,1.334,1.3507,1.3674,1.3845,1.4009,1.4176,1.435,1.4511,1.4674,1.4846,1.5008,1.5177,1.5348,1.551,1.5681,1.5839,1.6009,1.6181,1.6342,1.6513,1.6675,1.6847,1.7009,1.718,1.7342,1.7513,1.7675,1.7848,1.801,1.8181,1.8343,1.8516,1.8675]","[1,1,1,1,1,1,1,1,1,1,1,1,1,1,1,1,1,1,1,1,1,1,1,1,1,1,1,1,1,1,1,1,1,1,1,1,1,1,1,1,1,1,1,1,1,1,1,1,1,1,1,1,1,1,1,1,1,2,2,2,2,2,2,2,2,2,2,2,2,2,2,2,2,2,2,2,2,2,2,2,2,2,2,2,2,2,2,2,2,2,2,2,2,2,2,2,2,2,2,2,2,2,2,2,2,2,2,2,2,2,2,2,2]",20,345.0748,4,113,0,113,0,1,229579,4,SV_73ADPjbMtd0KUBg,304,2022-03-02_15h06.07.165,implicit_time,2021.1.4,Linux x86_64,59.95563283
cursorjump,315,45,0.5,10,NA,0,NA,0,1,0.5,FALSE,rotation,1,"[-0.002083,-0.002083,-0.002083,0,0,0.004167,0.00625,0.010417,0.0125,0.0125,0.0125,0.0125,0.0125,0.0125,0.0125,0.0125,0.0125,0.0125,0.0125,0.0125,0.0125,0.014583,0.014583,0.016667,0.01875,0.022917,0.03125,0.041667,0.05,0.072917,0.0875,0.11875,0.15625,0.191667,0.210417,0.25,0.272917,0.320833,0.372917,0.416667,0.4375,0.479167,0.497917,0.533333,0.560417,0.5875,0.602083,0.629167,0.641667,0.654167,0.658333,0.65625,0.65625,0.65625,0.65625,0.65625,0.65625,0.65625,0.65625,0.65625,0.654167,0.645833,0.620833,0.6,0.54375,0.48125,0.45,0.389583,0.327083,0.29375,0.233333,0.183333,0.1625,0.127083,0.102083,0.089583,0.066667,0.04375,0.033333,0.016667,0.004167,0,-0.010417,-0.022917,-0.029167,-0.039583,-0.047917,-0.05,-0.05,-0.047917,-0.045833,-0.041667,-0.035417,-0.033333,-0.025,-0.0125,-0.008333,0.002083,0.008333,0.0125,0.014583,0.01875]","[-0.008,-0.008,-0.008,-0.008,-0.008,-0.004889,-0.001778,0.001333,0.001333,0.001333,0.001333,0.001333,0.001333,0.001333,0.001333,0.001333,0.001333,0.001333,0.001333,0.001333,0.001333,0.001333,-0.001778,-0.001778,-0.001778,-0.004889,-0.008,-0.017333,-0.026667,-0.060889,-0.082667,-0.138667,-0.197778,-0.263111,-0.297333,-0.368889,-0.406222,-0.480889,-0.546222,-0.602222,-0.630222,-0.676889,-0.701778,-0.745333,-0.785778,-0.82,-0.835556,-0.866667,-0.879111,-0.894667,-0.897778,-0.897778,-0.897778,-0.897778,-0.897778,-0.897778,-0.897778,-0.897778,-0.897778,-0.897778,-0.897778,-0.885333,-0.860444,-0.838667,-0.785778,-0.723556,-0.689333,-0.617778,-0.536889,-0.490222,-0.406222,-0.344,-0.325333,-0.294222,-0.269333,-0.256889,-0.232,-0.213333,-0.207111,-0.200889,-0.194667,-0.191556,-0.185333,-0.179111,-0.172889,-0.163556,-0.154222,-0.151111,-0.141778,-0.132444,-0.126222,-0.110667,-0.098222,-0.092,-0.082667,-0.070222,-0.067111,-0.054667,-0.048444,-0.045333,-0.039111,-0.036]","[0.0003,0.0169,0.0332,0.0504,0.0665,0.0836,0.0998,0.117,0.1332,0.1504,0.1665,0.1836,0.2005,0.2166,0.2338,0.2499,0.2669,0.2839,0.3,0.3172,0.3333,0.3505,0.3666,0.3836,0.4005,0.4168,0.4339,0.4501,0.4673,0.4834,0.5005,0.5167,0.5338,0.5499,0.5668,0.5837,0.6008,0.617,0.6341,0.6502,0.6672,0.6841,0.7002,0.7171,0.7342,0.7503,0.7674,0.7844,0.8006,0.8176,0.8336,0.8508,0.8668,0.8837,0.9005,0.9175,0.9337,0.9507,0.9679,0.984,1.0011,1.0174,1.0345,1.0508,1.068,1.0842,1.1005,1.1176,1.1337,1.1506,1.1675,1.1843,1.2006,1.2178,1.2339,1.2511,1.2674,1.2846,1.3006,1.3178,1.3338,1.3508,1.3705,1.3846,1.4006,1.4177,1.4349,1.4507,1.4676,1.4846,1.5008,1.5179,1.5342,1.5514,1.5675,1.5844,1.6007,1.6177,1.635,1.6511,1.6681,1.6844]","[1,1,1,1,1,1,1,1,1,1,1,1,1,1,1,1,1,1,1,1,1,1,1,1,1,1,1,1,1,1,1,1,1,1,1,1,1,1,1,1,1,1,1,1,2,2,2,2,2,2,2,2,2,2,2,2,2,2,2,2,2,2,2,2,2,2,2,2,2,2,2,2,2,2,2,2,2,2,2,2,2,2,2,2,2,2,2,2,2,2,2,2,2,2,2,2,2,2,2,2,2,2]",20,347.2767,4,114,0,114,0,1,229579,4,SV_73ADPjbMtd0KUBg,304,2022-03-02_15h06.07.165,implicit_time,2021.1.4,Linux x86_64,59.95563283
cursorjump,325,0,0,10,NA,0,NA,0,0,0.5,FALSE,rotation,0,"[-0.008333,-0.010417,-0.010417,-0.010417,-0.010417,-0.010417,-0.010417,-0.010417,-0.010417,-0.010417,-0.010417,-0.010417,-0.010417,-0.008333,-0.00625,-0.00625,-0.00625,-0.00625,-0.00625,-0.00625,-0.00625,-0.00625,-0.00625,-0.00625,-0.00625,-0.00625,-0.00625,-0.00625,-0.00625,-0.004167,0.00625,0.027083,0.064583,0.0875,0.141667,0.170833,0.235417,0.3,0.364583,0.395833,0.45625,0.485417,0.535417,0.570833,0.595833,0.602083,0.616667,0.625,0.641667,0.65625,0.664583,0.66875,0.672917,0.677083,0.689583,0.7,0.702083,0.702083,0.702083,0.702083,0.702083,0.702083,0.702083,0.702083,0.695833,0.6875,0.645833,0.583333,0.554167,0.502083,0.447917,0.416667,0.35625,0.302083,0.28125,0.25,0.220833,0.20625,0.175,0.15,0.141667,0.13125,0.125,0.122917,0.120833,0.11875,0.116667,0.114583,0.114583,0.110417,0.110417,0.104167,0.102083,0.095833,0.089583,0.0875,0.083333,0.077083,0.072917,0.0625,0.054167,0.047917,0.045833,0.041667,0.039583,0.033333]","[-0.008,-0.008,-0.008,-0.008,-0.008,-0.008,-0.008,-0.008,-0.008,-0.008,-0.008,-0.008,-0.008,-0.004889,-0.001778,-0.001778,-0.001778,-0.001778,-0.001778,-0.001778,-0.001778,-0.001778,-0.001778,-0.001778,-0.001778,-0.001778,-0.001778,-0.001778,-0.001778,-0.001778,-0.004889,-0.023556,-0.057778,-0.082667,-0.144889,-0.182222,-0.266222,-0.353333,-0.431111,-0.465333,-0.527556,-0.555556,-0.599111,-0.636444,-0.667556,-0.68,-0.708,-0.720444,-0.751556,-0.779556,-0.801333,-0.810667,-0.823111,-0.832444,-0.851111,-0.866667,-0.866667,-0.866667,-0.866667,-0.866667,-0.866667,-0.866667,-0.866667,-0.866667,-0.860444,-0.848,-0.810667,-0.751556,-0.723556,-0.664444,-0.605333,-0.571111,-0.499556,-0.431111,-0.403111,-0.362667,-0.325333,-0.306667,-0.269333,-0.235111,-0.222667,-0.207111,-0.194667,-0.185333,-0.169778,-0.151111,-0.144889,-0.129333,-0.12,-0.107556,-0.098222,-0.082667,-0.076444,-0.064,-0.057778,-0.054667,-0.048444,-0.042222,-0.036,-0.029778,-0.023556,-0.020444,-0.017333,-0.017333,-0.014222,-0.011111]","[0.0004,0.0169,0.033,0.0503,0.0665,0.0837,0.0999,0.117,0.1339,0.1497,0.167,0.1841,0.2003,0.2173,0.2333,0.2504,0.2667,0.2838,0.2999,0.317,0.3339,0.3499,0.3671,0.3841,0.4003,0.4174,0.4335,0.4506,0.4668,0.4838,0.5008,0.5177,0.5337,0.5505,0.5669,0.584,0.6004,0.6174,0.6337,0.6504,0.667,0.6841,0.7004,0.7176,0.7338,0.7503,0.7676,0.7839,0.801,0.8173,0.834,0.8509,0.8671,0.8842,0.9005,0.9175,0.934,0.9508,0.9678,0.9837,1.0007,1.0179,1.034,1.0511,1.0673,1.0842,1.1011,1.1171,1.1342,1.1507,1.1674,1.184,1.2008,1.2175,1.2341,1.2512,1.2674,1.2843,1.3012,1.3176,1.3348,1.351,1.3682,1.384,1.401,1.4183,1.4343,1.4516,1.4677,1.4846,1.5015,1.5177,1.5349,1.5512,1.5683,1.5842,1.6012,1.6184,1.6345,1.6518,1.6679,1.6852,1.7013,1.7175,1.7346,1.7519]","[1,1,1,1,1,1,1,1,1,1,1,1,1,1,1,1,1,1,1,1,1,1,1,1,1,1,1,1,1,1,1,1,1,1,1,1,1,1,1,1,1,1,1,1,1,1,1,1,2,2,2,2,2,2,2,2,2,2,2,2,2,2,2,2,2,2,2,2,2,2,2,2,2,2,2,2,2,2,2,2,2,2,2,2,2,2,2,2,2,2,2,2,2,2,2,2,2,2,2,2,2,2,2,2,2,2]",20,349.5458,4,115,0,115,0,1,229579,4,SV_73ADPjbMtd0KUBg,304,2022-03-02_15h06.07.165,implicit_time,2021.1.4,Linux x86_64,59.95563283
cursorjump,45,45,0.5,10,NA,0,NA,0,1,0.5,FALSE,rotation,1,"[-0.004167,-0.004167,-0.004167,-0.004167,-0.004167,-0.004167,-0.004167,-0.004167,-0.004167,-0.004167,-0.004167,-0.004167,-0.004167,-0.004167,-0.004167,-0.004167,-0.004167,-0.004167,-0.004167,-0.004167,-0.004167,-0.004167,-0.00625,-0.00625,-0.004167,-0.002083,0.008333,0.03125,0.045833,0.08125,0.122917,0.145833,0.197917,0.25625,0.2875,0.347917,0.408333,0.435417,0.4875,0.535417,0.558333,0.602083,0.639583,0.65625,0.6875,0.714583,0.727083,0.752083,0.775,0.785417,0.810417,0.833333,0.845833,0.870833,0.883333,0.885417,0.885417,0.885417,0.885417,0.877083,0.854167,0.835417,0.791667,0.766667,0.716667,0.65625,0.58125,0.539583,0.45625,0.41875,0.347917,0.285417,0.225,0.197917,0.147917,0.125,0.0875,0.05625,0.033333,0.022917]","[0.013778,0.013778,0.013778,0.013778,0.013778,0.013778,0.013778,0.013778,0.013778,0.013778,0.013778,0.013778,0.013778,0.013778,0.013778,0.013778,0.013778,0.013778,0.013778,0.013778,0.013778,0.013778,0.013778,0.013778,0.016889,0.02,0.029333,0.048,0.060444,0.088444,0.122667,0.141333,0.181778,0.222222,0.244,0.278222,0.312444,0.328,0.359111,0.387111,0.399556,0.424444,0.443111,0.452444,0.471111,0.489778,0.499111,0.514667,0.530222,0.542667,0.564444,0.586222,0.595556,0.611111,0.617333,0.617333,0.617333,0.617333,0.617333,0.614222,0.604889,0.598667,0.576889,0.561333,0.533333,0.499111,0.455556,0.427556,0.374667,0.346667,0.3,0.253333,0.206667,0.181778,0.141333,0.119556,0.085333,0.054222,0.032444,0.023111]","[0.0003,0.016,0.0331,0.0491,0.0659,0.0824,0.0993,0.1164,0.1325,0.1496,0.1658,0.1829,0.1999,0.2159,0.233,0.25,0.266,0.2829,0.2998,0.3159,0.333,0.3492,0.3662,0.3831,0.4001,0.4159,0.4333,0.4494,0.4667,0.4827,0.4994,0.5164,0.5336,0.5498,0.567,0.5831,0.6001,0.6161,0.6329,0.6502,0.6664,0.6833,0.7003,0.7164,0.7335,0.7498,0.7669,0.7831,0.8003,0.8165,0.8337,0.8498,0.8667,0.8836,0.8997,0.9169,0.933,0.9502,0.9663,0.9836,0.9998,1.0169,1.033,1.0499,1.0668,1.0837,1.1007,1.1169,1.1341,1.1501,1.167,1.1832,1.2003,1.2174,1.2336,1.2505,1.2673,1.2833,1.3003,1.3174]","[1,1,1,1,1,1,1,1,1,1,1,1,1,1,1,1,1,1,1,1,1,1,1,1,1,1,1,1,1,1,1,1,1,1,1,1,1,1,1,1,1,1,1,1,1,1,1,1,1,1,2,2,2,2,2,2,2,2,2,2,2,2,2,2,2,2,2,2,2,2,2,2,2,2,2,2,2,2,2,2]",20,351.3803,4,116,0,116,0,1,229579,4,SV_73ADPjbMtd0KUBg,304,2022-03-02_15h06.07.165,implicit_time,2021.1.4,Linux x86_64,59.95563283
cursorjump,35,0,0,10,NA,0,NA,0,0,0.5,FALSE,rotation,0,"[0.008333,0.008333,0.008333,0.008333,0.008333,0.008333,0.008333,0.008333,0.008333,0.008333,0.008333,0.008333,0.008333,0.008333,0.008333,0.008333,0.008333,0.010417,0.010417,0.010417,0.010417,0.010417,0.010417,0.01875,0.027083,0.052083,0.0875,0.108333,0.15625,0.21875,0.254167,0.33125,0.408333,0.445833,0.516667,0.585417,0.61875,0.683333,0.739583,0.764583,0.802083,0.827083,0.845833,0.854167,0.86875,0.875,0.8875,0.895833,0.9,0.90625,0.914583,0.920833,0.9375,0.95625,0.972917,0.979167,0.995833,1.004167,1.020833,1.027083,1.027083,1.027083,1.027083,1.027083,1.0125,0.997917,0.947917,0.889583,0.829167,0.797917,0.73125,0.69375,0.6125,0.533333,0.4625,0.433333,0.377083,0.352083,0.3,0.254167,0.21875,0.204167,0.185417,0.179167,0.16875,0.158333,0.152083,0.152083,0.15,0.15,0.15,0.15,0.15,0.147917,0.145833,0.14375,0.135417,0.127083,0.116667,0.1125,0.104167,0.097917,0.089583,0.077083,0.064583,0.060417,0.052083,0.047917,0.041667,0.0375]","[0.026222,0.026222,0.026222,0.026222,0.026222,0.026222,0.026222,0.026222,0.026222,0.023111,0.023111,0.02,0.02,0.02,0.02,0.02,0.02,0.02,0.02,0.02,0.02,0.02,0.023111,0.029333,0.038667,0.057333,0.082222,0.094667,0.125778,0.153778,0.169333,0.197333,0.219111,0.231556,0.250222,0.265778,0.272,0.284444,0.296889,0.3,0.312444,0.324889,0.331111,0.334222,0.343556,0.346667,0.352889,0.356,0.356,0.359111,0.362222,0.362222,0.368444,0.371556,0.374667,0.374667,0.380889,0.384,0.387111,0.390222,0.390222,0.390222,0.390222,0.390222,0.384,0.380889,0.365333,0.343556,0.318667,0.306222,0.275111,0.256444,0.216,0.175556,0.141333,0.128889,0.104,0.091556,0.063556,0.041778,0.023111,0.016889,0.004444,0.001333,-0.001778,-0.008,-0.008,-0.008,-0.008,-0.008,-0.008,-0.008,-0.004889,-0.004889,-0.004889,-0.001778,-0.001778,0.001333,0.007556,0.007556,0.010667,0.010667,0.010667,0.010667,0.010667,0.010667,0.010667,0.007556,0.007556,0.007556]","[0.0002,0.0168,0.0341,0.0503,0.0672,0.0838,0.1005,0.1168,0.1339,0.1503,0.1675,0.1838,0.2009,0.2171,0.2336,0.2505,0.2672,0.2844,0.3004,0.3172,0.3338,0.3508,0.3674,0.3841,0.4005,0.4177,0.4341,0.4514,0.469,0.4841,0.5006,0.5177,0.534,0.5507,0.5673,0.584,0.6007,0.6177,0.6342,0.651,0.6673,0.6841,0.7011,0.7174,0.7345,0.751,0.7678,0.7844,0.8011,0.8178,0.8345,0.8511,0.8678,0.8845,0.9012,0.918,0.9347,0.9513,0.9678,0.9846,1.0009,1.018,1.0345,1.0516,1.0682,1.0848,1.1014,1.1181,1.1346,1.1515,1.1681,1.1848,1.2015,1.218,1.2348,1.2516,1.2682,1.285,1.3016,1.3181,1.3348,1.3515,1.3684,1.3849,1.4017,1.4183,1.4348,1.4515,1.4682,1.4845,1.5014,1.5184,1.5349,1.5514,1.5685,1.5852,1.6016,1.6181,1.6348,1.6517,1.6686,1.6849,1.7019,1.7187,1.7352,1.7521,1.7685,1.7847,1.8017,1.8187]","[1,1,1,1,1,1,1,1,1,1,1,1,1,1,1,1,1,1,1,1,1,1,1,1,1,1,1,1,1,1,1,1,1,1,1,1,1,1,1,1,1,1,1,1,1,1,1,2,2,2,2,2,2,2,2,2,2,2,2,2,2,2,2,2,2,2,2,2,2,2,2,2,2,2,2,2,2,2,2,2,2,2,2,2,2,2,2,2,2,2,2,2,2,2,2,2,2,2,2,2,2,2,2,2,2,2,2,2,2,2]",20,354.0324,4,117,0,117,0,1,229579,4,SV_73ADPjbMtd0KUBg,304,2022-03-02_15h06.07.165,implicit_time,2021.1.4,Linux x86_64,59.95563283
cursorjump,135,45,0.5,10,NA,0,NA,0,1,0.5,FALSE,rotation,1,"[0.014583,0.014583,0.014583,0.014583,0.014583,0.014583,0.014583,0.014583,0.014583,0.0125,0.0125,0.0125,0.0125,0.0125,0.0125,0.0125,0.0125,0.0125,0.0125,0.0125,0.0125,0.0125,0.0125,0.014583,0.014583,0.014583,0.0125,0.0125,0.010417,0.00625,0.002083,-0.004167,-0.0125,-0.025,-0.03125,-0.052083,-0.0625,-0.0875,-0.114583,-0.139583,-0.152083,-0.172917,-0.185417,-0.210417,-0.239583,-0.270833,-0.2875,-0.31875,-0.333333,-0.3625,-0.389583,-0.414583,-0.427083,-0.445833,-0.45625,-0.475,-0.489583,-0.5,-0.502083,-0.50625,-0.50625,-0.508333,-0.504167,-0.497917,-0.485417,-0.466667,-0.45625,-0.4375,-0.420833,-0.414583,-0.4,-0.385417,-0.377083,-0.360417,-0.347917,-0.34375,-0.341667,-0.341667,-0.34375,-0.345833,-0.352083,-0.358333,-0.372917,-0.39375,-0.41875,-0.429167,-0.452083,-0.464583,-0.4875,-0.510417,-0.522917,-0.541667,-0.55625,-0.5625,-0.56875,-0.572917,-0.572917,-0.572917,-0.566667,-0.5625,-0.552083,-0.54375,-0.541667,-0.5375,-0.533333,-0.53125,-0.529167,-0.529167,-0.529167,-0.525,-0.51875,-0.514583,-0.50625,-0.491667,-0.479167,-0.452083,-0.41875,-0.4,-0.35625,-0.308333,-0.264583,-0.241667,-0.2,-0.179167,-0.135417,-0.097917,-0.079167,-0.045833,-0.01875,-0.00625,0.016667,0.025,0.041667,0.052083,0.0625,0.064583,0.06875,0.06875,0.0625,0.045833,0.029167,0.022917,0.016667,0.014583,0.010417,0.004167,-0.004167,-0.00625,-0.010417,-0.0125,-0.0125,-0.0125,-0.010417]","[0.007556,0.007556,0.007556,0.007556,0.007556,0.007556,0.007556,0.007556,0.007556,0.007556,0.007556,0.007556,0.007556,0.007556,0.007556,0.007556,0.007556,0.007556,0.007556,0.007556,0.007556,0.007556,0.007556,0.007556,0.007556,0.007556,0.007556,0.010667,0.010667,0.016889,0.023111,0.032444,0.044889,0.063556,0.076,0.107111,0.122667,0.16,0.200444,0.237778,0.253333,0.284444,0.303111,0.334222,0.368444,0.405778,0.424444,0.464889,0.483556,0.517778,0.548889,0.58,0.592444,0.614222,0.623556,0.639111,0.651556,0.657778,0.664,0.667111,0.670222,0.673333,0.673333,0.673333,0.670222,0.660889,0.654667,0.642222,0.629778,0.623556,0.614222,0.604889,0.598667,0.586222,0.573778,0.567556,0.564444,0.567556,0.573778,0.589333,0.604889,0.614222,0.632889,0.654667,0.679556,0.695111,0.729333,0.748,0.782222,0.810222,0.822667,0.838222,0.853778,0.86,0.869333,0.875556,0.878667,0.878667,0.878667,0.878667,0.881778,0.888,0.891111,0.897333,0.903556,0.906667,0.909778,0.909778,0.909778,0.906667,0.897333,0.888,0.866222,0.832,0.810222,0.754222,0.692,0.657778,0.592444,0.527111,0.464889,0.436889,0.387111,0.362222,0.321778,0.281333,0.262667,0.231556,0.209778,0.200444,0.184889,0.181778,0.169333,0.163111,0.153778,0.147556,0.135111,0.125778,0.110222,0.094667,0.085333,0.082222,0.076,0.076,0.066667,0.060444,0.054222,0.051111,0.048,0.048,0.044889,0.041778,0.035556]","[0.0005,0.0167,0.0336,0.0501,0.0666,0.0831,0.1,0.1168,0.1331,0.1503,0.167,0.1834,0.2003,0.2166,0.2335,0.2502,0.2663,0.2833,0.2994,0.3168,0.3338,0.3505,0.3671,0.3838,0.4003,0.417,0.4337,0.4502,0.4669,0.4835,0.5004,0.5172,0.5339,0.5504,0.5668,0.5839,0.6006,0.6172,0.634,0.6503,0.6669,0.6835,0.7005,0.7173,0.7338,0.7507,0.7674,0.7839,0.8008,0.818,0.8334,0.8505,0.8675,0.8844,0.901,0.9177,0.9334,0.9502,0.9669,0.9834,1.0003,1.0174,1.0343,1.0509,1.0676,1.0835,1.1007,1.1176,1.1338,1.1506,1.1676,1.1846,1.2002,1.2173,1.2339,1.2505,1.267,1.2838,1.3009,1.3175,1.3342,1.351,1.3672,1.3843,1.4014,1.4173,1.4341,1.4509,1.4677,1.484,1.5012,1.5177,1.5343,1.5507,1.5674,1.5844,1.6009,1.6177,1.6342,1.6508,1.6675,1.6841,1.7009,1.7178,1.7345,1.751,1.7676,1.7844,1.8009,1.8174,1.8346,1.8512,1.8677,1.8845,1.9011,1.9177,1.9342,1.951,1.9676,1.9841,2.0012,2.0179,2.0344,2.051,2.0676,2.0844,2.1011,2.1179,2.1348,2.1516,2.1676,2.1848,2.2013,2.2178,2.2346,2.2518,2.2681,2.2848,2.3018,2.3182,2.335,2.3516,2.3682,2.3849,2.4013,2.4177,2.4351,2.4515,2.4684,2.4851,2.5017,2.5181,2.5348]","[1,1,1,1,1,1,1,1,1,1,1,1,1,1,1,1,1,1,1,1,1,1,1,1,1,1,1,1,1,1,1,1,1,1,1,1,1,1,1,1,1,1,1,1,1,1,1,1,1,1,1,1,1,1,1,1,1,1,1,1,1,1,1,1,1,1,1,1,1,1,1,1,1,1,1,1,1,1,1,1,1,1,1,1,1,1,1,1,1,1,2,2,2,2,2,2,2,2,2,2,2,2,2,2,2,2,2,2,2,2,2,2,2,2,2,2,2,2,2,2,2,2,2,2,2,2,2,2,2,2,2,2,2,2,2,2,2,2,2,2,2,2,2,2,2,2,2,2,2,2,2,2,2]",20,357.085,4,118,0,118,0,1,229579,4,SV_73ADPjbMtd0KUBg,304,2022-03-02_15h06.07.165,implicit_time,2021.1.4,Linux x86_64,59.95563283
cursorjump,145,0,0,10,NA,0,NA,0,0,0.5,FALSE,rotation,0,"[0.00625,0.00625,0.00625,0.00625,0.00625,0.00625,0.00625,0.00625,0.00625,0.00625,0.00625,0.00625,0.00625,0.00625,0.00625,0.00625,0.00625,0.00625,0.00625,0.00625,0.00625,0.00625,0.004167,0.002083,-0.00625,-0.022917,-0.05,-0.066667,-0.104167,-0.122917,-0.160417,-0.2,-0.241667,-0.2625,-0.297917,-0.314583,-0.345833,-0.379167,-0.420833,-0.445833,-0.5,-0.527083,-0.58125,-0.63125,-0.68125,-0.70625,-0.754167,-0.777083,-0.820833,-0.858333,-0.883333,-0.889583,-0.889583,-0.8875,-0.8875,-0.885417,-0.885417,-0.885417,-0.885417,-0.885417,-0.885417,-0.877083,-0.854167,-0.8375,-0.797917,-0.775,-0.722917,-0.664583,-0.6,-0.566667,-0.495833,-0.460417,-0.391667,-0.329167,-0.275,-0.252083,-0.214583,-0.2,-0.179167,-0.166667,-0.1625,-0.1625,-0.1625,-0.1625,-0.166667,-0.175,-0.185417,-0.189583,-0.197917,-0.2,-0.2,-0.2,-0.197917,-0.189583,-0.175,-0.166667,-0.147917,-0.122917,-0.110417,-0.083333,-0.060417,-0.054167,-0.045833,-0.041667,-0.041667,-0.041667,-0.041667,-0.041667,-0.041667,-0.04375,-0.04375,-0.047917,-0.05,-0.05,-0.045833,-0.039583,-0.0375,-0.03125,-0.025]","[-0.014222,-0.014222,-0.014222,-0.014222,-0.014222,-0.014222,-0.014222,-0.014222,-0.014222,-0.014222,-0.014222,-0.014222,-0.014222,-0.014222,-0.014222,-0.014222,-0.014222,-0.014222,-0.014222,-0.014222,-0.014222,-0.014222,-0.011111,-0.008,0.007556,0.026222,0.051111,0.063556,0.100889,0.122667,0.172444,0.219111,0.259556,0.278222,0.315556,0.334222,0.368444,0.402667,0.430667,0.443111,0.461778,0.474222,0.496,0.517778,0.542667,0.552,0.573778,0.583111,0.604889,0.632889,0.654667,0.660889,0.660889,0.660889,0.660889,0.657778,0.657778,0.657778,0.657778,0.657778,0.657778,0.657778,0.645333,0.639111,0.614222,0.595556,0.558222,0.511556,0.461778,0.433778,0.377778,0.349778,0.293778,0.244,0.200444,0.181778,0.147556,0.135111,0.113333,0.100889,0.097778,0.097778,0.094667,0.094667,0.094667,0.094667,0.091556,0.091556,0.088444,0.088444,0.088444,0.085333,0.085333,0.076,0.063556,0.057333,0.044889,0.029333,0.02,0.001333,-0.023556,-0.036,-0.054667,-0.060889,-0.060889,-0.060889,-0.060889,-0.060889,-0.060889,-0.060889,-0.057778,-0.051556,-0.042222,-0.039111,-0.036,-0.032889,-0.032889,-0.029778,-0.032889]","[0.0006,0.0156,0.0324,0.0494,0.0664,0.0825,0.0998,0.1157,0.1325,0.1492,0.1656,0.1824,0.1989,0.216,0.2329,0.2493,0.2663,0.2818,0.2991,0.316,0.3328,0.3499,0.3657,0.3827,0.3997,0.4163,0.433,0.4496,0.4663,0.4822,0.4996,0.5162,0.5332,0.5492,0.5662,0.5827,0.5996,0.6162,0.6327,0.6493,0.6661,0.683,0.6998,0.7163,0.7329,0.75,0.7661,0.7831,0.7992,0.8164,0.8333,0.8493,0.8665,0.8824,0.8995,0.9166,0.9334,0.9498,0.9664,0.983,0.9996,1.0165,1.0326,1.0499,1.0661,1.0832,1.0999,1.1169,1.1327,1.1497,1.1667,1.1828,1.1998,1.2167,1.2331,1.2501,1.2671,1.2831,1.2999,1.3168,1.3337,1.3497,1.3669,1.3833,1.4001,1.417,1.4331,1.4502,1.4665,1.4835,1.5002,1.5169,1.5336,1.5505,1.5663,1.5832,1.6002,1.617,1.6338,1.6503,1.6672,1.6829,1.7007,1.7166,1.7336,1.7506,1.7669,1.7832,1.8005,1.8173,1.8332,1.8502,1.8673,1.884,1.9006,1.9171,1.9336,1.9504,1.9674]","[1,1,1,1,1,1,1,1,1,1,1,1,1,1,1,1,1,1,1,1,1,1,1,1,1,1,1,1,1,1,1,1,1,1,1,1,1,1,1,1,1,1,1,1,1,1,1,2,2,2,2,2,2,2,2,2,2,2,2,2,2,2,2,2,2,2,2,2,2,2,2,2,2,2,2,2,2,2,2,2,2,2,2,2,2,2,2,2,2,2,2,2,2,2,2,2,2,2,2,2,2,2,2,2,2,2,2,2,2,2,2,2,2,2,2,2,2,2,2]",20,359.5702,4,119,0,119,0,1,229579,4,SV_73ADPjbMtd0KUBg,304,2022-03-02_15h06.07.165,implicit_time,2021.1.4,Linux x86_64,59.95563283
cursorjump,135,45,0.5,10,NA,0,NA,0,1,0.5,FALSE,rotation,1,"[0.008333,0.008333,0.008333,0.008333,0.00625,0.00625,0.00625,0.00625,0.00625,0.00625,0.00625,0.00625,0.00625,0.00625,0.00625,0.00625,0.008333,0.008333,0.008333,0.00625,0.00625,0.00625,0.004167,0,-0.01875,-0.047917,-0.085417,-0.104167,-0.141667,-0.160417,-0.197917,-0.2375,-0.277083,-0.295833,-0.327083,-0.34375,-0.375,-0.408333,-0.445833,-0.464583,-0.50625,-0.529167,-0.572917,-0.61875,-0.658333,-0.679167,-0.7125,-0.739583,-0.745833,-0.752083,-0.747917,-0.747917,-0.745833,-0.745833,-0.745833,-0.745833,-0.74375,-0.74375,-0.745833,-0.745833,-0.741667,-0.73125,-0.7125,-0.702083,-0.675,-0.639583,-0.61875,-0.572917,-0.516667,-0.4875,-0.425,-0.36875,-0.34375,-0.302083,-0.2625,-0.24375,-0.208333,-0.195833,-0.172917,-0.154167,-0.14375,-0.11875,-0.089583,-0.06875,-0.060417,-0.04375,-0.0375,-0.025,-0.016667,-0.010417,-0.010417,-0.010417,-0.0125,-0.014583,-0.016667,-0.01875,-0.020833,-0.025,-0.027083,-0.033333,-0.035417,-0.033333,-0.03125,-0.022917]","[-0.017333,-0.017333,-0.017333,-0.017333,-0.014222,-0.014222,-0.014222,-0.014222,-0.014222,-0.014222,-0.014222,-0.014222,-0.014222,-0.014222,-0.014222,-0.014222,-0.014222,-0.014222,-0.014222,-0.014222,-0.014222,-0.014222,-0.008,-0.001778,0.016889,0.038667,0.069778,0.085333,0.128889,0.150667,0.197333,0.244,0.290667,0.315556,0.359111,0.380889,0.418222,0.458667,0.496,0.514667,0.552,0.570667,0.608,0.642222,0.679556,0.698222,0.735556,0.772889,0.785333,0.794667,0.791556,0.791556,0.788444,0.788444,0.788444,0.788444,0.788444,0.788444,0.788444,0.788444,0.794667,0.800889,0.804,0.804,0.788444,0.763556,0.744889,0.701333,0.651556,0.629778,0.583111,0.539556,0.517778,0.483556,0.449333,0.433778,0.408889,0.399556,0.384,0.368444,0.362222,0.343556,0.321778,0.290667,0.278222,0.250222,0.237778,0.212889,0.194222,0.178667,0.172444,0.166222,0.163111,0.16,0.150667,0.138222,0.128889,0.104,0.091556,0.069778,0.054222,0.041778,0.035556,0.02]","[0.0006,0.0157,0.0334,0.0499,0.0665,0.0827,0.0997,0.1163,0.1332,0.1498,0.1668,0.1831,0.1994,0.2163,0.2328,0.2493,0.2667,0.2833,0.3001,0.3169,0.3341,0.3499,0.3669,0.3834,0.3999,0.4167,0.4333,0.45,0.4665,0.4835,0.5007,0.5169,0.5341,0.5502,0.5667,0.5836,0.6004,0.6166,0.6337,0.6499,0.6665,0.6835,0.6999,0.7166,0.7332,0.75,0.7669,0.7842,0.8001,0.817,0.8334,0.8499,0.8667,0.8835,0.9005,0.9171,0.9339,0.9502,0.9668,0.9835,1.0007,1.0174,1.0335,1.05,1.0674,1.084,1.1004,1.1172,1.134,1.1505,1.1674,1.1841,1.2006,1.2175,1.2339,1.2505,1.2672,1.2839,1.3007,1.3176,1.334,1.3506,1.3673,1.3839,1.4004,1.4175,1.4338,1.4503,1.4675,1.4843,1.5008,1.5175,1.5341,1.5507,1.5673,1.584,1.6008,1.6175,1.6341,1.6508,1.6678,1.6844,1.7011,1.7177]","[1,1,1,1,1,1,1,1,1,1,1,1,1,1,1,1,1,1,1,1,1,1,1,1,1,1,1,1,1,1,1,1,1,1,1,1,1,1,1,1,1,1,1,1,1,2,2,2,2,2,2,2,2,2,2,2,2,2,2,2,2,2,2,2,2,2,2,2,2,2,2,2,2,2,2,2,2,2,2,2,2,2,2,2,2,2,2,2,2,2,2,2,2,2,2,2,2,2,2,2,2,2,2,2]",20,361.8049,4,120,0,120,0,1,229579,4,SV_73ADPjbMtd0KUBg,304,2022-03-02_15h06.07.165,implicit_time,2021.1.4,Linux x86_64,59.95563283
cursorjump,125,0,0,10,NA,0,NA,0,0,0.5,FALSE,rotation,0,"[0.004167,0.008333,0.0125,0.016667,0.01875,0.020833,0.020833,0.022917,0.025,0.027083,0.029167,0.029167,0.03125,0.03125,0.03125,0.03125,0.03125,0.03125,0.03125,0.03125,0.03125,0.03125,0.03125,0.03125,0.03125,0.03125,0.03125,0.029167,0.020833,0,-0.014583,-0.052083,-0.09375,-0.114583,-0.154167,-0.191667,-0.2125,-0.25625,-0.302083,-0.325,-0.370833,-0.414583,-0.4375,-0.479167,-0.516667,-0.53125,-0.5625,-0.589583,-0.602083,-0.627083,-0.647917,-0.65625,-0.66875,-0.675,-0.675,-0.672917,-0.672917,-0.672917,-0.670833,-0.670833,-0.672917,-0.672917,-0.672917,-0.670833,-0.664583,-0.647917,-0.622917,-0.60625,-0.570833,-0.55,-0.504167,-0.45,-0.391667,-0.364583,-0.310417,-0.2875,-0.245833,-0.210417,-0.195833,-0.172917,-0.158333,-0.152083,-0.147917,-0.145833,-0.14375,-0.141667,-0.139583,-0.139583,-0.141667,-0.141667,-0.141667,-0.141667,-0.139583,-0.139583,-0.1375,-0.135417,-0.127083,-0.1125,-0.095833,-0.0875,-0.075,-0.070833,-0.064583,-0.05625,-0.05,-0.045833,-0.041667,-0.039583,-0.0375,-0.035417,-0.027083,-0.020833,-0.008333,-0.004167,0.002083,0.002083,0.002083,0.002083,0.002083,0.002083,-0.002083,-0.00625,-0.008333]","[0.016889,0.016889,0.013778,0.010667,0.010667,0.010667,0.007556,0.007556,0.004444,0.001333,0.001333,0.001333,0.001333,0.001333,-0.001778,-0.001778,-0.001778,-0.001778,-0.001778,-0.001778,-0.001778,-0.001778,-0.001778,-0.001778,-0.001778,-0.001778,-0.001778,0.001333,0.007556,0.029333,0.044889,0.082222,0.132,0.156889,0.212889,0.268889,0.296889,0.356,0.408889,0.433778,0.483556,0.530222,0.552,0.595556,0.636,0.657778,0.695111,0.729333,0.741778,0.769778,0.794667,0.807111,0.828889,0.838222,0.838222,0.838222,0.838222,0.838222,0.835111,0.835111,0.835111,0.835111,0.838222,0.838222,0.835111,0.822667,0.791556,0.766667,0.707556,0.673333,0.601778,0.533333,0.461778,0.427556,0.362222,0.334222,0.284444,0.247111,0.231556,0.206667,0.191111,0.188,0.181778,0.178667,0.175556,0.169333,0.163111,0.156889,0.147556,0.141333,0.125778,0.113333,0.104,0.100889,0.094667,0.091556,0.082222,0.066667,0.048,0.038667,0.02,0.010667,-0.004889,-0.014222,-0.020444,-0.023556,-0.026667,-0.029778,-0.029778,-0.032889,-0.036,-0.039111,-0.045333,-0.048444,-0.051556,-0.051556,-0.051556,-0.051556,-0.051556,-0.051556,-0.048444,-0.042222,-0.039111]","[0.0006,0.0171,0.0331,0.0501,0.0672,0.0829,0.0997,0.1166,0.1337,0.1497,0.1667,0.184,0.1995,0.2164,0.2332,0.2498,0.2663,0.2827,0.2994,0.3166,0.3331,0.3501,0.3667,0.3829,0.3994,0.4172,0.4339,0.4498,0.4667,0.4831,0.5,0.5165,0.5332,0.5501,0.5669,0.5835,0.6003,0.6172,0.6336,0.6504,0.6672,0.6839,0.7008,0.7167,0.7335,0.7502,0.7671,0.7838,0.8006,0.8175,0.8341,0.8511,0.8675,0.8841,0.9008,0.9176,0.9341,0.951,0.9674,0.9838,1.0005,1.0172,1.034,1.0507,1.0674,1.0844,1.1015,1.1173,1.1344,1.1512,1.168,1.1836,1.2015,1.2174,1.234,1.2509,1.2676,1.2844,1.3012,1.3171,1.3344,1.351,1.3677,1.3847,1.4004,1.4172,1.434,1.4512,1.4677,1.4844,1.5012,1.5178,1.5344,1.5511,1.5679,1.5847,1.6011,1.6179,1.6346,1.6514,1.6679,1.6848,1.7012,1.7177,1.7344,1.751,1.7676,1.7842,1.8009,1.8178,1.8344,1.8508,1.8683,1.8848,1.9014,1.9179,1.9346,1.951,1.9677,1.9844,2.0012,2.0178,2.0345]","[1,1,1,1,1,1,1,1,1,1,1,1,1,1,1,1,1,1,1,1,1,1,1,1,1,1,1,1,1,1,1,1,1,1,1,1,1,1,1,1,1,1,1,1,1,1,1,1,1,2,2,2,2,2,2,2,2,2,2,2,2,2,2,2,2,2,2,2,2,2,2,2,2,2,2,2,2,2,2,2,2,2,2,2,2,2,2,2,2,2,2,2,2,2,2,2,2,2,2,2,2,2,2,2,2,2,2,2,2,2,2,2,2,2,2,2,2,2,2,2,2,2,2]",20,364.3566,4,121,0,121,0,1,229579,4,SV_73ADPjbMtd0KUBg,304,2022-03-02_15h06.07.165,implicit_time,2021.1.4,Linux x86_64,59.95563283
cursorjump,225,45,0.5,10,NA,0,NA,0,1,0.5,FALSE,rotation,1,"[0.020833,0.020833,0.020833,0.020833,0.020833,0.020833,0.020833,0.020833,0.020833,0.020833,0.020833,0.020833,0.020833,0.020833,0.01875,0.01875,0.014583,0.0125,0.010417,0.010417,0.010417,0.010417,0.010417,0.010417,0.008333,0,-0.016667,-0.029167,-0.058333,-0.077083,-0.120833,-0.172917,-0.23125,-0.260417,-0.320833,-0.352083,-0.408333,-0.4625,-0.5125,-0.535417,-0.577083,-0.597917,-0.63125,-0.660417,-0.685417,-0.695833,-0.714583,-0.720833,-0.733333,-0.74375,-0.75625,-0.7625,-0.775,-0.779167,-0.789583,-0.797917,-0.808333,-0.814583,-0.825,-0.83125,-0.839583,-0.841667,-0.841667,-0.841667,-0.841667,-0.841667,-0.841667,-0.8375,-0.83125,-0.814583,-0.785417,-0.766667,-0.727083,-0.70625,-0.666667,-0.629167,-0.595833,-0.579167,-0.545833,-0.53125,-0.502083,-0.470833,-0.439583,-0.425,-0.39375,-0.36875,-0.35625,-0.335417,-0.31875,-0.308333,-0.291667,-0.275,-0.26875,-0.254167,-0.241667,-0.233333,-0.21875,-0.202083,-0.19375,-0.18125,-0.172917,-0.16875,-0.1625,-0.154167,-0.15,-0.1375,-0.120833,-0.1125,-0.09375,-0.079167,-0.072917,-0.064583,-0.05625,-0.05625,-0.054167,-0.054167,-0.054167,-0.052083,-0.052083,-0.05,-0.045833,-0.041667,-0.0375,-0.033333]","[0.004444,0.004444,0.004444,0.004444,0.004444,0.004444,0.004444,0.004444,0.004444,0.004444,0.004444,0.004444,0.004444,0.004444,0.004444,0.004444,0.007556,0.007556,0.007556,0.007556,0.007556,0.007556,0.007556,0.007556,0.004444,-0.004889,-0.017333,-0.026667,-0.045333,-0.054667,-0.082667,-0.12,-0.163556,-0.188444,-0.241333,-0.266222,-0.316,-0.368889,-0.418667,-0.440444,-0.487111,-0.505778,-0.543111,-0.574222,-0.599111,-0.608444,-0.627111,-0.633333,-0.648889,-0.661333,-0.676889,-0.686222,-0.695556,-0.701778,-0.704889,-0.711111,-0.717333,-0.720444,-0.726667,-0.726667,-0.732889,-0.732889,-0.732889,-0.732889,-0.732889,-0.732889,-0.732889,-0.726667,-0.720444,-0.701778,-0.667556,-0.648889,-0.608444,-0.586667,-0.546222,-0.499556,-0.446667,-0.418667,-0.359556,-0.334667,-0.281778,-0.235111,-0.194667,-0.176,-0.148,-0.126222,-0.116889,-0.098222,-0.082667,-0.076444,-0.064,-0.057778,-0.051556,-0.045333,-0.036,-0.032889,-0.026667,-0.023556,-0.023556,-0.023556,-0.023556,-0.026667,-0.026667,-0.026667,-0.029778,-0.029778,-0.032889,-0.032889,-0.032889,-0.032889,-0.032889,-0.032889,-0.032889,-0.032889,-0.032889,-0.032889,-0.032889,-0.032889,-0.029778,-0.029778,-0.026667,-0.023556,-0.023556,-0.020444]","[0.0006,0.0164,0.0333,0.0499,0.0664,0.083,0.0996,0.1164,0.1327,0.1504,0.1666,0.1828,0.1996,0.217,0.2333,0.2498,0.2664,0.2829,0.2997,0.3161,0.3329,0.3497,0.3667,0.3833,0.3998,0.4162,0.4332,0.4498,0.4674,0.484,0.5007,0.5174,0.5341,0.5506,0.5672,0.5836,0.6001,0.6168,0.6333,0.6501,0.6668,0.6835,0.7001,0.7168,0.7337,0.7501,0.7669,0.7835,0.8003,0.8173,0.8339,0.8505,0.867,0.8835,0.9002,0.9169,0.9336,0.9502,0.9668,0.9835,1.0006,1.0173,1.0339,1.0504,1.0668,1.0837,1.1003,1.118,1.1335,1.1511,1.1678,1.1841,1.2007,1.2174,1.2342,1.2508,1.2674,1.2841,1.3007,1.3173,1.334,1.3507,1.3677,1.3843,1.4009,1.4174,1.4341,1.4508,1.4675,1.4841,1.501,1.5177,1.5343,1.5508,1.5674,1.5842,1.6009,1.6174,1.634,1.6516,1.6674,1.6849,1.7015,1.7179,1.7343,1.751,1.7677,1.7844,1.801,1.8175,1.8341,1.8518,1.8682,1.8845,1.9013,1.9178,1.9345,1.9512,1.9679,1.9845,2.0012,2.0178,2.0345,2.0512]","[1,1,1,1,1,1,1,1,1,1,1,1,1,1,1,1,1,1,1,1,1,1,1,1,1,1,1,1,1,1,1,1,1,1,1,1,1,1,1,1,1,1,1,1,1,1,1,2,2,2,2,2,2,2,2,2,2,2,2,2,2,2,2,2,2,2,2,2,2,2,2,2,2,2,2,2,2,2,2,2,2,2,2,2,2,2,2,2,2,2,2,2,2,2,2,2,2,2,2,2,2,2,2,2,2,2,2,2,2,2,2,2,2,2,2,2,2,2,2,2,2,2,2,2]",20,366.9253,4,122,0,122,0,1,229579,4,SV_73ADPjbMtd0KUBg,304,2022-03-02_15h06.07.165,implicit_time,2021.1.4,Linux x86_64,59.95563283
cursorjump,215,0,0,10,NA,0,NA,0,0,0.5,FALSE,rotation,0,"[0.0125,0.0125,0.0125,0.0125,0.0125,0.0125,0.0125,0.0125,0.0125,0.0125,0.0125,0.0125,0.0125,0.0125,0.0125,0.0125,0.0125,0.0125,0.0125,0.0125,0.0125,0.0125,0.0125,0.008333,0.002083,-0.020833,-0.052083,-0.09375,-0.114583,-0.164583,-0.191667,-0.25,-0.314583,-0.379167,-0.414583,-0.483333,-0.516667,-0.585417,-0.65,-0.710417,-0.739583,-0.789583,-0.814583,-0.854167,-0.8875,-0.9125,-0.920833,-0.93125,-0.933333,-0.933333,-0.933333,-0.933333,-0.933333,-0.93125,-0.93125,-0.933333,-0.9375,-0.939583,-0.939583,-0.939583,-0.939583,-0.939583,-0.939583,-0.9375,-0.927083,-0.902083,-0.885417,-0.84375,-0.791667,-0.7625,-0.7,-0.63125,-0.59375,-0.520833,-0.445833,-0.410417,-0.34375,-0.28125,-0.252083,-0.197917,-0.15,-0.13125,-0.097917,-0.072917,-0.0625,-0.047917,-0.039583,-0.0375,-0.0375,-0.0375,-0.0375,-0.0375,-0.039583,-0.039583,-0.041667,-0.041667,-0.041667,-0.041667,-0.041667,-0.039583,-0.039583,-0.039583,-0.039583,-0.039583,-0.0375,-0.0375,-0.0375,-0.035417,-0.033333]","[0.001333,0.001333,0.001333,0.001333,0.001333,0.001333,0.001333,0.001333,0.001333,0.001333,0.001333,0.001333,0.001333,0.001333,0.001333,0.001333,0.001333,0.001333,0.001333,0.001333,0.001333,0.001333,0.001333,-0.001778,-0.004889,-0.017333,-0.032889,-0.057778,-0.070222,-0.101333,-0.116889,-0.157333,-0.200889,-0.241333,-0.26,-0.300444,-0.322222,-0.365778,-0.409333,-0.452889,-0.474667,-0.515111,-0.533778,-0.568,-0.596,-0.614667,-0.620889,-0.627111,-0.630222,-0.627111,-0.627111,-0.627111,-0.627111,-0.624,-0.624,-0.627111,-0.627111,-0.630222,-0.630222,-0.630222,-0.627111,-0.627111,-0.627111,-0.627111,-0.617778,-0.599111,-0.583556,-0.546222,-0.502667,-0.477778,-0.428,-0.375111,-0.347111,-0.291111,-0.235111,-0.207111,-0.154222,-0.104444,-0.079556,-0.032889,0.007556,0.023111,0.051111,0.069778,0.079111,0.091556,0.097778,0.100889,0.100889,0.100889,0.100889,0.100889,0.100889,0.100889,0.097778,0.097778,0.091556,0.088444,0.079111,0.076,0.063556,0.051111,0.041778,0.038667,0.035556,0.032444,0.029333,0.026222,0.023111]","[0.0006,0.0161,0.0328,0.0502,0.0662,0.0833,0.0996,0.1167,0.1333,0.15,0.1666,0.1832,0.1999,0.2166,0.2332,0.2499,0.2673,0.2829,0.3,0.3164,0.333,0.3501,0.3669,0.3837,0.4003,0.417,0.4335,0.4501,0.4668,0.4837,0.5007,0.5173,0.5343,0.5503,0.5671,0.584,0.6006,0.6174,0.6343,0.6512,0.667,0.6837,0.7006,0.7173,0.7341,0.7509,0.7673,0.7843,0.8012,0.817,0.8337,0.8504,0.8672,0.8841,0.9008,0.9176,0.9344,0.9505,0.9673,0.9843,1.0011,1.0177,1.0345,1.0512,1.0677,1.085,1.1009,1.1177,1.1347,1.1515,1.1673,1.1844,1.201,1.2177,1.2342,1.2507,1.2674,1.2842,1.3008,1.3175,1.3342,1.3509,1.3674,1.3841,1.4008,1.4177,1.4345,1.4511,1.4679,1.4846,1.5013,1.5179,1.5345,1.5511,1.5676,1.5842,1.6014,1.618,1.635,1.6517,1.6681,1.6845,1.7012,1.7179,1.7347,1.751,1.7677,1.7842,1.802]","[1,1,1,1,1,1,1,1,1,1,1,1,1,1,1,1,1,1,1,1,1,1,1,1,1,1,1,1,1,1,1,1,1,1,1,1,1,1,1,1,1,1,2,2,2,2,2,2,2,2,2,2,2,2,2,2,2,2,2,2,2,2,2,2,2,2,2,2,2,2,2,2,2,2,2,2,2,2,2,2,2,2,2,2,2,2,2,2,2,2,2,2,2,2,2,2,2,2,2,2,2,2,2,2,2,2,2,2,2]",20,369.2442,4,123,0,123,0,1,229579,4,SV_73ADPjbMtd0KUBg,304,2022-03-02_15h06.07.165,implicit_time,2021.1.4,Linux x86_64,59.95563283
cursorjump,45,45,0.5,10,NA,0,NA,0,1,0.5,FALSE,rotation,1,"[0.004167,0.004167,0.004167,0.004167,0.004167,0.004167,0.004167,0.004167,0.004167,0.004167,0.004167,0.004167,0.004167,0.004167,0.004167,0.004167,0.004167,0.004167,0.004167,0.004167,0.004167,0.004167,0.00625,0.00625,0.00625,0.00625,0.00625,0.014583,0.033333,0.045833,0.079167,0.11875,0.139583,0.1875,0.241667,0.26875,0.322917,0.379167,0.408333,0.4625,0.516667,0.541667,0.5875,0.63125,0.652083,0.689583,0.727083,0.745833,0.779167,0.810417,0.825,0.858333,0.889583,0.904167,0.933333,0.941667,0.95,0.947917,0.947917,0.947917,0.945833,0.947917,0.947917,0.947917,0.947917,0.95,0.947917,0.945833,0.935417,0.9125,0.875,0.85,0.795833,0.764583,0.704167,0.64375,0.5875,0.560417,0.510417,0.4875,0.44375,0.408333,0.379167,0.36875,0.352083,0.345833,0.3375,0.33125,0.325,0.322917,0.31875,0.316667,0.3125,0.30625,0.295833,0.289583,0.275,0.266667,0.252083,0.239583,0.227083,0.21875,0.204167,0.195833,0.179167,0.164583,0.152083,0.145833,0.133333,0.120833,0.114583,0.104167,0.09375,0.091667,0.083333,0.077083,0.072917,0.066667,0.058333,0.052083,0.041667,0.0375]","[-0.026667,-0.026667,-0.026667,-0.023556,-0.023556,-0.020444,-0.017333,-0.017333,-0.017333,-0.017333,-0.017333,-0.017333,-0.017333,-0.017333,-0.017333,-0.014222,-0.014222,-0.014222,-0.014222,-0.014222,-0.014222,-0.017333,-0.017333,-0.017333,-0.020444,-0.020444,-0.020444,-0.017333,-0.004889,0.007556,0.029333,0.057333,0.072889,0.107111,0.144444,0.163111,0.197333,0.231556,0.247111,0.275111,0.303111,0.315556,0.340444,0.362222,0.368444,0.384,0.399556,0.405778,0.421333,0.44,0.446222,0.468,0.486667,0.496,0.514667,0.520889,0.527111,0.524,0.524,0.524,0.524,0.524,0.524,0.524,0.527111,0.527111,0.524,0.524,0.520889,0.514667,0.499111,0.489778,0.461778,0.446222,0.405778,0.362222,0.318667,0.296889,0.262667,0.244,0.212889,0.188,0.166222,0.156889,0.144444,0.138222,0.128889,0.122667,0.116444,0.113333,0.104,0.100889,0.094667,0.091556,0.082222,0.076,0.066667,0.060444,0.054222,0.044889,0.038667,0.032444,0.026222,0.023111,0.013778,0.010667,0.007556,0.007556,0.007556,0.007556,0.010667,0.013778,0.016889,0.016889,0.02,0.02,0.02,0.02,0.02,0.02,0.016889,0.016889]","[0.0007,0.0164,0.0327,0.049,0.0651,0.082,0.0991,0.1155,0.1323,0.1487,0.1658,0.1819,0.1994,0.2156,0.2321,0.249,0.2658,0.2818,0.2991,0.3153,0.3324,0.3492,0.3653,0.3829,0.399,0.416,0.432,0.4495,0.4659,0.482,0.4989,0.5156,0.5325,0.5487,0.5661,0.5825,0.5993,0.6155,0.6328,0.6489,0.6659,0.6825,0.6992,0.7157,0.7325,0.7493,0.7663,0.7824,0.7992,0.8164,0.8325,0.8494,0.8668,0.8829,0.8991,0.9159,0.9325,0.9493,0.9658,0.9828,0.9998,1.0159,1.0325,1.0493,1.0662,1.0828,1.0999,1.1161,1.1327,1.1494,1.1665,1.1827,1.1996,1.2162,1.2328,1.2496,1.2666,1.283,1.2996,1.3165,1.3328,1.3496,1.3665,1.3828,1.3997,1.4165,1.4333,1.4495,1.4665,1.4833,1.4995,1.5165,1.5333,1.55,1.5663,1.5832,1.6004,1.6167,1.6334,1.6498,1.6665,1.6834,1.7003,1.7165,1.7334,1.7502,1.7672,1.7833,1.8002,1.8176,1.8331,1.8499,1.8669,1.8835,1.9004,1.9173,1.9333,1.9504,1.9674,1.9837,2.0005,2.0168]","[1,1,1,1,1,1,1,1,1,1,1,1,1,1,1,1,1,1,1,1,1,1,1,1,1,1,1,1,1,1,1,1,1,1,1,1,1,1,1,1,1,1,1,1,1,1,1,1,1,1,1,2,2,2,2,2,2,2,2,2,2,2,2,2,2,2,2,2,2,2,2,2,2,2,2,2,2,2,2,2,2,2,2,2,2,2,2,2,2,2,2,2,2,2,2,2,2,2,2,2,2,2,2,2,2,2,2,2,2,2,2,2,2,2,2,2,2,2,2,2,2,2]",20,371.7781,4,124,0,124,0,1,229579,4,SV_73ADPjbMtd0KUBg,304,2022-03-02_15h06.07.165,implicit_time,2021.1.4,Linux x86_64,59.95563283
cursorjump,55,0,0,10,NA,0,NA,0,0,0.5,FALSE,rotation,0,"[0.016667,0.016667,0.016667,0.016667,0.016667,0.016667,0.016667,0.016667,0.016667,0.016667,0.016667,0.016667,0.016667,0.016667,0.016667,0.016667,0.016667,0.016667,0.016667,0.016667,0.016667,0.020833,0.03125,0.058333,0.075,0.114583,0.135417,0.177083,0.220833,0.266667,0.291667,0.34375,0.36875,0.416667,0.4625,0.50625,0.527083,0.564583,0.58125,0.616667,0.63125,0.6625,0.69375,0.722917,0.7375,0.754167,0.75625,0.75625,0.754167,0.754167,0.754167,0.75625,0.75625,0.745833,0.71875,0.677083,0.652083,0.591667,0.558333,0.491667,0.422917,0.354167,0.322917,0.2625,0.233333,0.179167,0.133333,0.09375,0.079167,0.05625,0.047917,0.0375,0.033333,0.033333,0.033333,0.035417,0.035417,0.0375,0.039583,0.039583,0.039583,0.035417,0.033333,0.03125,0.025,0.01875,0.014583,0.008333,0.002083,0,-0.00625,-0.010417]","[0.004444,0.004444,0.004444,0.004444,0.004444,0.004444,0.004444,0.004444,0.004444,0.004444,0.004444,0.004444,0.004444,0.004444,0.004444,0.004444,0.004444,0.004444,0.004444,0.004444,0.004444,0.010667,0.023111,0.054222,0.072889,0.116444,0.141333,0.194222,0.259556,0.324889,0.356,0.415111,0.44,0.483556,0.520889,0.552,0.564444,0.592444,0.604889,0.629778,0.645333,0.670222,0.698222,0.72,0.732444,0.748,0.748,0.748,0.748,0.748,0.748,0.748,0.748,0.744889,0.729333,0.698222,0.676444,0.620444,0.589333,0.517778,0.449333,0.380889,0.349778,0.293778,0.268889,0.225333,0.191111,0.169333,0.16,0.147556,0.144444,0.138222,0.135111,0.132,0.128889,0.125778,0.125778,0.122667,0.122667,0.119556,0.116444,0.110222,0.104,0.100889,0.091556,0.082222,0.076,0.066667,0.054222,0.051111,0.044889,0.035556]","[0.0005,0.0165,0.0334,0.0499,0.067,0.084,0.1001,0.1171,0.1331,0.1501,0.1673,0.1836,0.2005,0.2168,0.2337,0.2505,0.2668,0.2841,0.3002,0.317,0.3341,0.3499,0.367,0.3841,0.4003,0.4172,0.4337,0.4501,0.4673,0.4836,0.5002,0.5171,0.5341,0.55,0.5671,0.5843,0.6002,0.6173,0.6336,0.6506,0.6672,0.6837,0.7008,0.7171,0.7336,0.7506,0.7672,0.7839,0.801,0.8169,0.8338,0.8507,0.8674,0.8844,0.9003,0.9174,0.9338,0.9507,0.9672,0.9843,1.0013,1.0173,1.0338,1.051,1.0674,1.0843,1.1011,1.1182,1.1344,1.1516,1.1674,1.1846,1.2007,1.2177,1.2342,1.2514,1.2675,1.2846,1.3014,1.3174,1.3344,1.351,1.3682,1.3843,1.4014,1.4174,1.4343,1.4512,1.4684,1.4846,1.5011,1.5182]","[1,1,1,1,1,1,1,1,1,1,1,1,1,1,1,1,1,1,1,1,1,1,1,1,1,1,1,1,1,1,1,1,1,1,1,1,1,1,1,1,1,1,2,2,2,2,2,2,2,2,2,2,2,2,2,2,2,2,2,2,2,2,2,2,2,2,2,2,2,2,2,2,2,2,2,2,2,2,2,2,2,2,2,2,2,2,2,2,2,2,2,2]",20,373.8133,4,125,0,125,0,1,229579,4,SV_73ADPjbMtd0KUBg,304,2022-03-02_15h06.07.165,implicit_time,2021.1.4,Linux x86_64,59.95563283
cursorjump,315,45,0.5,10,NA,0,NA,0,1,0.5,FALSE,rotation,1,"[0.004167,0.00625,0.008333,0.010417,0.010417,0.010417,0.0125,0.0125,0.0125,0.014583,0.014583,0.014583,0.014583,0.014583,0.014583,0.014583,0.014583,0.014583,0.014583,0.016667,0.03125,0.041667,0.070833,0.0875,0.127083,0.16875,0.2125,0.233333,0.28125,0.30625,0.345833,0.379167,0.402083,0.4125,0.43125,0.4375,0.454167,0.466667,0.483333,0.491667,0.514583,0.525,0.547917,0.570833,0.595833,0.608333,0.6375,0.65,0.66875,0.672917,0.672917,0.670833,0.670833,0.670833,0.670833,0.670833,0.670833,0.670833,0.670833,0.66875,0.658333,0.635417,0.616667,0.570833,0.516667,0.489583,0.43125,0.3625,0.325,0.25,0.189583,0.164583,0.116667,0.075,0.05625,0.025,0,-0.0125,-0.035417,-0.058333,-0.06875,-0.085417,-0.1,-0.10625,-0.11875,-0.13125,-0.135417,-0.141667,-0.14375,-0.14375,-0.141667,-0.135417,-0.129167,-0.1125,-0.09375,-0.085417,-0.070833,-0.060417,-0.05625,-0.05,-0.047917,-0.045833,-0.045833,-0.045833,-0.045833,-0.045833,-0.04375,-0.04375,-0.045833,-0.047917,-0.05,-0.052083,-0.054167,-0.052083,-0.05,-0.041667,-0.039583,-0.035417,-0.033333,-0.03125]","[0.007556,0.007556,0.010667,0.010667,0.010667,0.010667,0.010667,0.013778,0.013778,0.013778,0.013778,0.013778,0.013778,0.013778,0.013778,0.013778,0.013778,0.013778,0.013778,0.010667,0.001333,-0.008,-0.032889,-0.051556,-0.098222,-0.151111,-0.213333,-0.247556,-0.322222,-0.356444,-0.418667,-0.462222,-0.499556,-0.515111,-0.546222,-0.561778,-0.589778,-0.620889,-0.652,-0.667556,-0.698667,-0.714222,-0.742222,-0.770222,-0.801333,-0.82,-0.854222,-0.872889,-0.897778,-0.900889,-0.900889,-0.900889,-0.900889,-0.900889,-0.900889,-0.900889,-0.900889,-0.900889,-0.897778,-0.894667,-0.882222,-0.854222,-0.832444,-0.785778,-0.732889,-0.701778,-0.639556,-0.558667,-0.512,-0.415556,-0.344,-0.319111,-0.284889,-0.256889,-0.244444,-0.219556,-0.200889,-0.194667,-0.185333,-0.176,-0.172889,-0.163556,-0.157333,-0.157333,-0.157333,-0.157333,-0.154222,-0.151111,-0.144889,-0.138667,-0.129333,-0.116889,-0.110667,-0.092,-0.073333,-0.064,-0.054667,-0.045333,-0.042222,-0.042222,-0.039111,-0.039111,-0.039111,-0.039111,-0.039111,-0.039111,-0.042222,-0.042222,-0.042222,-0.045333,-0.045333,-0.042222,-0.042222,-0.039111,-0.036,-0.032889,-0.029778,-0.026667,-0.026667,-0.023556]","[0.0006,0.0171,0.0334,0.0504,0.0665,0.0836,0.1006,0.1168,0.1338,0.1507,0.1668,0.1838,0.2001,0.2171,0.2332,0.25,0.2669,0.2839,0.3,0.3171,0.334,0.3499,0.3667,0.3836,0.4005,0.4167,0.4339,0.4508,0.467,0.484,0.5,0.5173,0.5335,0.5505,0.5674,0.5833,0.6004,0.6177,0.6339,0.6508,0.6676,0.6834,0.7007,0.7169,0.7336,0.7504,0.7675,0.7845,0.8008,0.8168,0.8339,0.851,0.867,0.8843,0.9004,0.9178,0.9338,0.9507,0.9677,0.9838,1.0009,1.017,1.034,1.051,1.067,1.084,1.1013,1.1173,1.1341,1.1511,1.1673,1.1844,1.2013,1.2182,1.2343,1.2511,1.268,1.2841,1.3012,1.3182,1.3341,1.351,1.3711,1.3845,1.4008,1.418,1.4342,1.4511,1.4681,1.4843,1.5015,1.5176,1.5344,1.5514,1.5675,1.5844,1.6013,1.6183,1.6342,1.6512,1.6685,1.6844,1.7014,1.7175,1.7344,1.7513,1.7683,1.7847,1.8018,1.8178,1.8347,1.8517,1.8678,1.8849,1.901,1.9179,1.9347,1.9516,1.9686,1.9848]","[1,1,1,1,1,1,1,1,1,1,1,1,1,1,1,1,1,1,1,1,1,1,1,1,1,1,1,1,1,1,1,1,1,1,1,1,1,1,1,1,1,1,1,2,2,2,2,2,2,2,2,2,2,2,2,2,2,2,2,2,2,2,2,2,2,2,2,2,2,2,2,2,2,2,2,2,2,2,2,2,2,2,2,2,2,2,2,2,2,2,2,2,2,2,2,2,2,2,2,2,2,2,2,2,2,2,2,2,2,2,2,2,2,2,2,2,2,2,2,2]",20,376.3151,4,126,0,126,0,1,229579,4,SV_73ADPjbMtd0KUBg,304,2022-03-02_15h06.07.165,implicit_time,2021.1.4,Linux x86_64,59.95563283
cursorjump,325,0,0,10,NA,0,NA,0,0,0.5,FALSE,rotation,0,"[-0.002083,-0.002083,-0.002083,-0.002083,-0.002083,-0.002083,-0.002083,-0.002083,-0.002083,-0.002083,-0.002083,-0.002083,-0.002083,-0.002083,-0.002083,-0.002083,-0.002083,-0.002083,-0.002083,0.004167,0.0125,0.039583,0.079167,0.102083,0.147917,0.197917,0.225,0.2875,0.358333,0.395833,0.4625,0.516667,0.541667,0.591667,0.6375,0.658333,0.685417,0.702083,0.708333,0.720833,0.733333,0.739583,0.754167,0.766667,0.772917,0.791667,0.8125,0.820833,0.827083,0.827083,0.827083,0.827083,0.827083,0.827083,0.827083,0.827083,0.827083,0.81875,0.789583,0.766667,0.702083,0.6625,0.566667,0.4625,0.360417,0.31875,0.241667,0.208333,0.14375,0.085417,0.039583,0.020833]","[0.001333,0.001333,0.001333,0.001333,0.001333,0.001333,0.001333,0.001333,0.001333,0.001333,0.001333,0.001333,0.001333,0.001333,0.001333,0.001333,0.001333,0.001333,0.001333,0.001333,0.001333,-0.008,-0.036,-0.057778,-0.113778,-0.182222,-0.219556,-0.294222,-0.359556,-0.390667,-0.437333,-0.471556,-0.484,-0.515111,-0.54,-0.552444,-0.571111,-0.583556,-0.589778,-0.602222,-0.620889,-0.633333,-0.655111,-0.68,-0.692444,-0.720444,-0.751556,-0.760889,-0.773333,-0.773333,-0.773333,-0.773333,-0.773333,-0.773333,-0.773333,-0.773333,-0.773333,-0.767111,-0.748444,-0.732889,-0.689333,-0.658222,-0.580444,-0.487111,-0.390667,-0.344,-0.256889,-0.219556,-0.144889,-0.082667,-0.039111,-0.023556]","[0.0003,0.0167,0.0337,0.0506,0.0668,0.0839,0.0999,0.1169,0.1338,0.1507,0.1671,0.1841,0.2002,0.2172,0.2333,0.2503,0.2674,0.2834,0.3007,0.3169,0.3338,0.351,0.367,0.3839,0.4004,0.4171,0.4341,0.4505,0.4676,0.4838,0.5007,0.5171,0.5341,0.5506,0.5672,0.5838,0.6007,0.6172,0.6341,0.6508,0.6673,0.684,0.7005,0.7175,0.734,0.7506,0.7679,0.7842,0.8007,0.8175,0.8346,0.8508,0.868,0.8842,0.9011,0.918,0.9342,0.9514,0.9674,0.9843,1.0008,1.0177,1.0342,1.0514,1.0678,1.0842,1.1011,1.1182,1.1342,1.1512,1.1681,1.1841]","[1,1,1,1,1,1,1,1,1,1,1,1,1,1,1,1,1,1,1,1,1,1,1,1,1,1,1,1,1,1,1,1,1,1,1,1,1,1,1,1,2,2,2,2,2,2,2,2,2,2,2,2,2,2,2,2,2,2,2,2,2,2,2,2,2,2,2,2,2,2,2,2]",20,378.0157,4,127,0,127,0,1,229579,4,SV_73ADPjbMtd0KUBg,304,2022-03-02_15h06.07.165,implicit_time,2021.1.4,Linux x86_64,59.95563283
cursorjump,45,45,0.5,10,NA,0,NA,0,1,0.5,FALSE,rotation,1,"[-0.002083,-0.002083,-0.002083,-0.002083,0,0,0,0,0,0,0,0,0,0,0,0,0,0,0,0,0,0.004167,0.020833,0.052083,0.070833,0.114583,0.164583,0.19375,0.258333,0.333333,0.372917,0.45,0.520833,0.554167,0.614583,0.670833,0.697917,0.747917,0.79375,0.814583,0.858333,0.8875,0.891667,0.891667,0.889583,0.889583,0.889583,0.889583,0.889583,0.889583,0.891667,0.889583,0.877083,0.852083,0.814583,0.791667,0.745833,0.720833,0.670833,0.61875,0.591667,0.535417,0.48125,0.45625,0.408333,0.3875,0.35,0.316667,0.285417,0.272917,0.245833,0.233333,0.208333,0.185417,0.166667,0.158333,0.141667,0.135417,0.125,0.114583,0.10625,0.102083,0.09375,0.0875,0.083333,0.072917,0.060417,0.054167,0.0375,0.03125,0.01875]","[0.023111,0.023111,0.023111,0.023111,0.023111,0.02,0.02,0.02,0.02,0.02,0.02,0.02,0.02,0.02,0.02,0.02,0.02,0.02,0.02,0.02,0.023111,0.029333,0.044889,0.069778,0.085333,0.119556,0.16,0.181778,0.237778,0.290667,0.315556,0.359111,0.393333,0.408889,0.44,0.471111,0.486667,0.514667,0.542667,0.555111,0.58,0.595556,0.598667,0.598667,0.598667,0.598667,0.598667,0.598667,0.598667,0.598667,0.598667,0.601778,0.601778,0.598667,0.589333,0.583111,0.558222,0.545778,0.511556,0.471111,0.449333,0.399556,0.356,0.331111,0.287556,0.268889,0.225333,0.178667,0.135111,0.116444,0.082222,0.069778,0.044889,0.023111,0.004444,-0.004889,-0.020444,-0.026667,-0.036,-0.045333,-0.051556,-0.051556,-0.051556,-0.051556,-0.051556,-0.048444,-0.045333,-0.045333,-0.039111,-0.036,-0.029778]","[0.0004,0.0166,0.0336,0.0494,0.0666,0.0835,0.1005,0.1166,0.1337,0.1498,0.1664,0.1833,0.2002,0.2162,0.2331,0.25,0.2668,0.2838,0.2999,0.317,0.3331,0.3501,0.367,0.3839,0.4,0.4172,0.4334,0.4503,0.4672,0.4832,0.5002,0.5174,0.5335,0.5504,0.5674,0.5833,0.6005,0.6176,0.6335,0.6504,0.6675,0.6834,0.7006,0.7167,0.7336,0.7506,0.7675,0.7834,0.8002,0.8171,0.8343,0.8505,0.8678,0.8839,0.901,0.9171,0.9341,0.951,0.967,0.9841,1.0003,1.0172,1.0336,1.0506,1.0674,1.0843,1.1004,1.1176,1.1338,1.1509,1.1678,1.1839,1.201,1.2171,1.234,1.251,1.2679,1.284,1.3011,1.3172,1.3343,1.3507,1.3678,1.3848,1.4007,1.4175,1.4343,1.4512,1.4681,1.4842,1.501]","[1,1,1,1,1,1,1,1,1,1,1,1,1,1,1,1,1,1,1,1,1,1,1,1,1,1,1,1,1,1,1,1,1,1,1,1,1,1,2,2,2,2,2,2,2,2,2,2,2,2,2,2,2,2,2,2,2,2,2,2,2,2,2,2,2,2,2,2,2,2,2,2,2,2,2,2,2,2,2,2,2,2,2,2,2,2,2,2,2,2,2]",20,380.3514,4,128,0,128,0,1,229579,4,SV_73ADPjbMtd0KUBg,304,2022-03-02_15h06.07.165,implicit_time,2021.1.4,Linux x86_64,59.95563283
cursorjump,35,0,0,10,NA,0,NA,0,0,0.5,FALSE,rotation,0,"[0.014583,0.014583,0.014583,0.014583,0.014583,0.014583,0.014583,0.014583,0.014583,0.014583,0.014583,0.014583,0.014583,0.014583,0.014583,0.014583,0.014583,0.014583,0.014583,0.014583,0.014583,0.016667,0.03125,0.04375,0.077083,0.095833,0.139583,0.195833,0.266667,0.308333,0.389583,0.43125,0.508333,0.579167,0.647917,0.68125,0.74375,0.772917,0.825,0.870833,0.910417,0.927083,0.960417,0.975,0.997917,1.008333,1.008333,1.008333,1.008333,1.008333,1.010417,1.010417,1.008333,1.004167,0.983333,0.9625,0.908333,0.84375,0.772917,0.7375,0.66875,0.63125,0.558333,0.485417,0.422917,0.395833,0.34375,0.31875,0.275,0.2375,0.210417,0.202083,0.189583,0.185417,0.177083,0.172917,0.170833,0.170833,0.170833,0.170833,0.170833,0.170833,0.170833,0.166667,0.154167,0.145833,0.122917,0.1,0.089583,0.077083,0.066667,0.0625,0.05625,0.052083,0.052083,0.05,0.05,0.05,0.05,0.05,0.05,0.047917,0.041667,0.0375]","[0.001333,0.001333,0.001333,0.001333,0.001333,0.001333,0.001333,0.001333,0.001333,0.001333,0.001333,0.001333,0.001333,0.001333,0.001333,0.001333,0.001333,0.001333,0.001333,0.001333,0.001333,0.004444,0.013778,0.023111,0.041778,0.051111,0.076,0.100889,0.128889,0.141333,0.169333,0.181778,0.209778,0.234667,0.256444,0.265778,0.287556,0.3,0.324889,0.346667,0.365333,0.374667,0.387111,0.393333,0.402667,0.405778,0.405778,0.405778,0.405778,0.405778,0.405778,0.405778,0.405778,0.405778,0.402667,0.399556,0.387111,0.368444,0.340444,0.321778,0.287556,0.268889,0.228444,0.194222,0.166222,0.153778,0.128889,0.119556,0.097778,0.076,0.063556,0.057333,0.048,0.044889,0.038667,0.032444,0.032444,0.032444,0.032444,0.032444,0.032444,0.032444,0.032444,0.032444,0.029333,0.029333,0.029333,0.026222,0.026222,0.026222,0.026222,0.026222,0.023111,0.023111,0.023111,0.023111,0.023111,0.023111,0.023111,0.023111,0.023111,0.023111,0.02,0.016889]","[0.0002,0.0164,0.0335,0.0498,0.067,0.0831,0.1002,0.117,0.1329,0.15,0.1666,0.1835,0.1998,0.2167,0.2336,0.2498,0.267,0.283,0.3002,0.3173,0.3336,0.3508,0.367,0.3841,0.4002,0.4171,0.4331,0.4504,0.4665,0.4834,0.5004,0.5168,0.5336,0.5506,0.5668,0.5838,0.6001,0.6169,0.634,0.6502,0.6673,0.6834,0.7005,0.7173,0.7336,0.7508,0.7669,0.7839,0.8008,0.8169,0.8342,0.8503,0.8676,0.8839,0.9005,0.9171,0.9343,0.9505,0.9678,0.984,1.0004,1.0176,1.0339,1.0511,1.0673,1.0843,1.1005,1.1175,1.1347,1.1508,1.1676,1.1845,1.2005,1.2176,1.2339,1.251,1.268,1.2839,1.3011,1.3172,1.3344,1.3504,1.3672,1.3841,1.401,1.418,1.4339,1.4507,1.4679,1.484,1.5013,1.5174,1.5345,1.5506,1.5677,1.5845,1.6016,1.6176,1.6349,1.651,1.6681,1.6851,1.7012,1.7184]","[1,1,1,1,1,1,1,1,1,1,1,1,1,1,1,1,1,1,1,1,1,1,1,1,1,1,1,1,1,1,1,1,1,1,1,1,1,1,1,1,2,2,2,2,2,2,2,2,2,2,2,2,2,2,2,2,2,2,2,2,2,2,2,2,2,2,2,2,2,2,2,2,2,2,2,2,2,2,2,2,2,2,2,2,2,2,2,2,2,2,2,2,2,2,2,2,2,2,2,2,2,2,2,2]",20,382.5869,4,129,0,129,0,1,229579,4,SV_73ADPjbMtd0KUBg,304,2022-03-02_15h06.07.165,implicit_time,2021.1.4,Linux x86_64,59.95563283
cursorjump,225,45,0.5,10,NA,0,NA,0,1,0.5,FALSE,rotation,1,"[-0.002083,-0.002083,-0.002083,-0.002083,-0.002083,-0.002083,-0.002083,-0.002083,-0.002083,-0.002083,-0.002083,-0.002083,-0.002083,-0.002083,-0.002083,-0.002083,-0.002083,-0.002083,-0.002083,-0.002083,-0.002083,-0.002083,-0.002083,-0.002083,-0.002083,-0.002083,-0.004167,-0.016667,-0.027083,-0.064583,-0.1125,-0.16875,-0.2,-0.2625,-0.325,-0.35625,-0.414583,-0.466667,-0.489583,-0.533333,-0.552083,-0.589583,-0.620833,-0.65,-0.664583,-0.689583,-0.702083,-0.722917,-0.739583,-0.745833,-0.745833,-0.745833,-0.745833,-0.747917,-0.747917,-0.747917,-0.745833,-0.735417,-0.71875,-0.710417,-0.691667,-0.66875,-0.65625,-0.620833,-0.597917,-0.54375,-0.483333,-0.427083,-0.402083,-0.358333,-0.316667,-0.297917,-0.2625,-0.235417,-0.222917,-0.20625,-0.19375,-0.1875,-0.175,-0.1625,-0.158333,-0.154167,-0.147917,-0.145833,-0.139583,-0.133333,-0.129167,-0.122917,-0.11875,-0.110417,-0.095833,-0.0875,-0.066667,-0.05,-0.041667,-0.039583,-0.033333,-0.033333,-0.03125,-0.029167,-0.029167,-0.029167,-0.029167,-0.029167,-0.029167,-0.029167,-0.027083,-0.027083,-0.022917]","[0.004444,0.004444,0.004444,0.004444,0.004444,0.004444,0.004444,0.004444,0.004444,0.004444,0.004444,0.004444,0.004444,0.004444,0.004444,0.004444,0.004444,0.004444,0.004444,0.004444,0.004444,0.004444,0.004444,0.004444,0.004444,0.001333,0.001333,-0.011111,-0.020444,-0.051556,-0.092,-0.138667,-0.163556,-0.219556,-0.281778,-0.316,-0.384444,-0.449778,-0.480889,-0.533778,-0.558667,-0.602222,-0.642667,-0.683111,-0.701778,-0.739111,-0.754667,-0.788889,-0.810667,-0.82,-0.816889,-0.816889,-0.816889,-0.816889,-0.816889,-0.816889,-0.816889,-0.807556,-0.792,-0.779556,-0.754667,-0.720444,-0.701778,-0.652,-0.624,-0.555556,-0.490222,-0.424889,-0.396889,-0.340889,-0.284889,-0.263111,-0.219556,-0.185333,-0.172889,-0.154222,-0.138667,-0.135556,-0.123111,-0.113778,-0.110667,-0.107556,-0.098222,-0.095111,-0.085778,-0.079556,-0.076444,-0.070222,-0.067111,-0.064,-0.057778,-0.054667,-0.051556,-0.048444,-0.045333,-0.045333,-0.042222,-0.042222,-0.042222,-0.039111,-0.039111,-0.039111,-0.039111,-0.039111,-0.039111,-0.039111,-0.036,-0.032889,-0.026667]","[0.0002,0.0168,0.0337,0.0498,0.067,0.0835,0.1004,0.1166,0.1335,0.1508,0.1669,0.1841,0.2002,0.2171,0.2333,0.2507,0.2669,0.284,0.3008,0.3166,0.3335,0.3508,0.3667,0.384,0.4001,0.417,0.434,0.4503,0.4673,0.4843,0.5003,0.5174,0.5337,0.5508,0.5678,0.5841,0.6012,0.6173,0.6342,0.6503,0.6673,0.6844,0.7004,0.7173,0.7346,0.7508,0.7678,0.784,0.8008,0.8179,0.8339,0.851,0.8679,0.8838,0.9007,0.9177,0.9339,0.9511,0.9682,0.9842,1.0011,1.0173,1.0345,1.0506,1.0675,1.0845,1.1007,1.1179,1.134,1.1511,1.1681,1.1843,1.2014,1.2176,1.2349,1.251,1.2683,1.2845,1.3014,1.3176,1.3348,1.351,1.3677,1.3847,1.4016,1.4175,1.4345,1.4516,1.4675,1.4847,1.5015,1.5185,1.5347,1.5518,1.568,1.5851,1.6012,1.618,1.635,1.652,1.6681,1.6853,1.7014,1.7182,1.7351,1.7513,1.7685,1.7846,1.8017]","[1,1,1,1,1,1,1,1,1,1,1,1,1,1,1,1,1,1,1,1,1,1,1,1,1,1,1,1,1,1,1,1,1,1,1,1,1,1,1,1,1,1,1,1,2,2,2,2,2,2,2,2,2,2,2,2,2,2,2,2,2,2,2,2,2,2,2,2,2,2,2,2,2,2,2,2,2,2,2,2,2,2,2,2,2,2,2,2,2,2,2,2,2,2,2,2,2,2,2,2,2,2,2,2,2,2,2,2,2]",20,384.9048,4,130,0,130,0,1,229579,4,SV_73ADPjbMtd0KUBg,304,2022-03-02_15h06.07.165,implicit_time,2021.1.4,Linux x86_64,59.95563283
cursorjump,235,0,0,10,NA,0,NA,0,0,0.5,FALSE,rotation,0,"[0.01875,0.01875,0.01875,0.01875,0.01875,0.01875,0.01875,0.01875,0.01875,0.01875,0.01875,0.01875,0.01875,0.01875,0.01875,0.016667,0.016667,0.016667,0.016667,0.016667,0.016667,0.016667,0.0125,0.004167,-0.002083,-0.022917,-0.052083,-0.070833,-0.108333,-0.147917,-0.166667,-0.208333,-0.252083,-0.277083,-0.322917,-0.366667,-0.3875,-0.425,-0.460417,-0.477083,-0.508333,-0.5375,-0.55,-0.570833,-0.585417,-0.591667,-0.6,-0.602083,-0.602083,-0.602083,-0.602083,-0.602083,-0.604167,-0.602083,-0.602083,-0.6,-0.591667,-0.5875,-0.572917,-0.554167,-0.54375,-0.51875,-0.4875,-0.470833,-0.435417,-0.397917,-0.38125,-0.347917,-0.31875,-0.30625,-0.28125,-0.260417,-0.252083,-0.235417,-0.222917,-0.216667,-0.204167,-0.189583,-0.183333,-0.16875,-0.15625,-0.15,-0.139583,-0.129167,-0.122917,-0.114583,-0.104167,-0.1,-0.0875,-0.08125,-0.066667,-0.054167,-0.045833,-0.04375,-0.039583,-0.0375,-0.033333,-0.029167,-0.022917,-0.020833,-0.014583,-0.010417,-0.004167,0.002083,0.00625,0.00625,0.008333,0.008333,0.010417,0.014583,0.01875,0.022917,0.027083]","[0.013778,0.013778,0.013778,0.013778,0.013778,0.013778,0.013778,0.013778,0.013778,0.013778,0.013778,0.013778,0.013778,0.013778,0.013778,0.013778,0.013778,0.010667,0.010667,0.010667,0.010667,0.010667,0.004444,-0.004889,-0.011111,-0.029778,-0.060889,-0.079556,-0.126222,-0.179111,-0.207111,-0.272444,-0.347111,-0.387556,-0.471556,-0.549333,-0.586667,-0.652,-0.714222,-0.742222,-0.788889,-0.829333,-0.848,-0.872889,-0.894667,-0.904,-0.916444,-0.919556,-0.919556,-0.919556,-0.919556,-0.919556,-0.919556,-0.919556,-0.922667,-0.922667,-0.919556,-0.910222,-0.879111,-0.835556,-0.810667,-0.760889,-0.708,-0.68,-0.624,-0.574222,-0.549333,-0.512,-0.480889,-0.468444,-0.440444,-0.418667,-0.406222,-0.390667,-0.372,-0.362667,-0.344,-0.322222,-0.312889,-0.294222,-0.281778,-0.275556,-0.263111,-0.253778,-0.247556,-0.238222,-0.225778,-0.219556,-0.207111,-0.200889,-0.188444,-0.179111,-0.169778,-0.166667,-0.160444,-0.160444,-0.154222,-0.148,-0.135556,-0.132444,-0.12,-0.110667,-0.098222,-0.088889,-0.082667,-0.079556,-0.073333,-0.070222,-0.060889,-0.051556,-0.042222,-0.036,-0.029778]","[0.0002,0.0167,0.0338,0.0507,0.0668,0.0838,0.1001,0.1171,0.1334,0.1502,0.1673,0.1842,0.2003,0.2173,0.2341,0.25,0.2673,0.2833,0.3004,0.3176,0.3337,0.3508,0.367,0.3841,0.4002,0.4172,0.4341,0.4504,0.4676,0.4838,0.501,0.5172,0.5344,0.5507,0.5674,0.5839,0.601,0.6172,0.6342,0.6511,0.6674,0.6841,0.7006,0.7177,0.7341,0.7509,0.7676,0.7841,0.8005,0.8174,0.8344,0.8506,0.8678,0.8841,0.9012,0.9174,0.9341,0.9512,0.9674,0.9846,1.0009,1.0174,1.0346,1.0509,1.068,1.0845,1.1006,1.1177,1.1343,1.1515,1.168,1.1845,1.2008,1.2179,1.2344,1.2511,1.2677,1.2849,1.301,1.318,1.3353,1.3515,1.3675,1.3845,1.4015,1.4177,1.4348,1.4517,1.4679,1.4849,1.5017,1.5177,1.5347,1.5517,1.5677,1.5846,1.6014,1.6183,1.6345,1.6517,1.6679,1.6849,1.7019,1.7182,1.7353,1.7516,1.7686,1.7845,1.8017,1.8187,1.8348,1.8519,1.868]","[1,1,1,1,1,1,1,1,1,1,1,1,1,1,1,1,1,1,1,1,1,1,1,1,1,1,1,1,1,1,1,1,1,1,1,1,1,1,1,1,1,2,2,2,2,2,2,2,2,2,2,2,2,2,2,2,2,2,2,2,2,2,2,2,2,2,2,2,2,2,2,2,2,2,2,2,2,2,2,2,2,2,2,2,2,2,2,2,2,2,2,2,2,2,2,2,2,2,2,2,2,2,2,2,2,2,2,2,2,2,2,2,2]",20,387.2894,4,131,0,131,0,1,229579,4,SV_73ADPjbMtd0KUBg,304,2022-03-02_15h06.07.165,implicit_time,2021.1.4,Linux x86_64,59.95563283
cursorjump,135,45,0.5,10,NA,0,NA,0,1,0.5,FALSE,rotation,1,"[0.027083,0.027083,0.027083,0.027083,0.027083,0.027083,0.027083,0.027083,0.027083,0.027083,0.027083,0.027083,0.027083,0.027083,0.027083,0.027083,0.027083,0.027083,0.027083,0.027083,0.027083,0.027083,0.027083,0.027083,0.027083,0.027083,0.027083,0.027083,0.022917,0.0125,-0.002083,-0.008333,-0.025,-0.035417,-0.05625,-0.08125,-0.09375,-0.120833,-0.15,-0.166667,-0.204167,-0.245833,-0.285417,-0.304167,-0.341667,-0.360417,-0.4,-0.441667,-0.48125,-0.5,-0.527083,-0.5375,-0.55625,-0.572917,-0.585417,-0.589583,-0.595833,-0.597917,-0.595833,-0.59375,-0.5875,-0.583333,-0.579167,-0.579167,-0.577083,-0.577083,-0.577083,-0.577083,-0.577083,-0.577083,-0.579167,-0.577083,-0.564583,-0.554167,-0.525,-0.508333,-0.464583,-0.410417,-0.35,-0.31875,-0.254167,-0.222917,-0.158333,-0.097917,-0.070833,-0.027083,0.00625,0.01875,0.04375,0.064583,0.072917,0.089583,0.097917,0.102083,0.110417,0.11875,0.122917,0.127083,0.120833,0.1125,0.09375,0.077083,0.070833,0.058333,0.04375,0.0375,0.025,0.016667,0.016667,0.0125,0.00625]","[0.001333,0.001333,0.001333,0.001333,0.001333,0.001333,0.001333,0.001333,0.001333,0.001333,0.001333,0.001333,0.001333,0.001333,0.001333,0.001333,0.001333,0.001333,0.001333,0.001333,0.001333,0.001333,0.001333,0.001333,0.001333,0.001333,0.001333,0.001333,0.001333,0.001333,0.010667,0.016889,0.035556,0.048,0.076,0.110222,0.128889,0.169333,0.206667,0.225333,0.259556,0.290667,0.328,0.349778,0.390222,0.412,0.455556,0.489778,0.520889,0.539556,0.573778,0.592444,0.629778,0.670222,0.707556,0.726222,0.760444,0.779111,0.810222,0.838222,0.866222,0.878667,0.897333,0.900444,0.900444,0.900444,0.900444,0.900444,0.900444,0.900444,0.900444,0.900444,0.891111,0.878667,0.847556,0.822667,0.766667,0.695111,0.620444,0.583111,0.508444,0.477333,0.424444,0.384,0.365333,0.334222,0.306222,0.293778,0.268889,0.240889,0.228444,0.203556,0.181778,0.172444,0.150667,0.132,0.119556,0.097778,0.079111,0.072889,0.063556,0.060444,0.060444,0.060444,0.057333,0.057333,0.054222,0.051111,0.051111,0.044889,0.038667]","[0.0002,0.0168,0.0331,0.0502,0.0672,0.0832,0.0998,0.1171,0.1332,0.1504,0.1665,0.1834,0.2003,0.2164,0.2336,0.2498,0.2669,0.2839,0.3,0.3172,0.3334,0.3503,0.3664,0.3833,0.4003,0.4166,0.4338,0.4509,0.467,0.4837,0.5008,0.517,0.5342,0.5503,0.5671,0.584,0.6002,0.6174,0.6334,0.6503,0.6673,0.6835,0.7006,0.7178,0.7338,0.7509,0.7671,0.7841,0.801,0.8171,0.8342,0.8503,0.8675,0.8836,0.9007,0.9179,0.9338,0.9507,0.9671,0.9843,1.0005,1.0177,1.0339,1.051,1.0672,1.0842,1.1011,1.1181,1.1342,1.1512,1.1673,1.1843,1.2016,1.2176,1.2347,1.2506,1.2674,1.2844,1.3016,1.3177,1.3345,1.3514,1.3676,1.3846,1.4016,1.4178,1.4351,1.4513,1.4673,1.4845,1.5007,1.5179,1.534,1.5512,1.5674,1.5845,1.6016,1.6176,1.6344,1.6514,1.6676,1.6848,1.7008,1.7178,1.735,1.7511,1.7681,1.7849,1.8009,1.8178,1.8347]","[1,1,1,1,1,1,1,1,1,1,1,1,1,1,1,1,1,1,1,1,1,1,1,1,1,1,1,1,1,1,1,1,1,1,1,1,1,1,1,1,1,1,1,1,1,1,1,1,1,1,1,1,1,1,1,1,2,2,2,2,2,2,2,2,2,2,2,2,2,2,2,2,2,2,2,2,2,2,2,2,2,2,2,2,2,2,2,2,2,2,2,2,2,2,2,2,2,2,2,2,2,2,2,2,2,2,2,2,2,2,2]",20,389.6415,4,132,0,132,0,1,229579,4,SV_73ADPjbMtd0KUBg,304,2022-03-02_15h06.07.165,implicit_time,2021.1.4,Linux x86_64,59.95563283
cursorjump,145,0,0,10,NA,0,NA,0,0,0.5,FALSE,rotation,0,"[0.022917,0.022917,0.022917,0.022917,0.022917,0.022917,0.022917,0.022917,0.022917,0.022917,0.022917,0.022917,0.022917,0.022917,0.022917,0.022917,0.022917,0.022917,0.022917,0.022917,0.022917,0.020833,0.010417,0.004167,-0.0125,-0.033333,-0.0625,-0.079167,-0.1125,-0.13125,-0.170833,-0.2125,-0.25625,-0.279167,-0.327083,-0.352083,-0.40625,-0.460417,-0.514583,-0.539583,-0.591667,-0.616667,-0.664583,-0.70625,-0.74375,-0.760417,-0.791667,-0.80625,-0.83125,-0.847917,-0.852083,-0.85,-0.85,-0.847917,-0.847917,-0.847917,-0.847917,-0.847917,-0.847917,-0.847917,-0.8375,-0.816667,-0.78125,-0.758333,-0.708333,-0.679167,-0.61875,-0.554167,-0.489583,-0.458333,-0.4,-0.375,-0.329167,-0.29375,-0.264583,-0.254167,-0.2375,-0.233333,-0.225,-0.21875,-0.216667,-0.214583,-0.216667,-0.21875,-0.220833,-0.220833,-0.216667,-0.20625,-0.191667,-0.183333,-0.166667,-0.145833,-0.135417,-0.114583,-0.097917,-0.089583,-0.072917,-0.058333,-0.05,-0.039583,-0.035417,-0.033333,-0.033333,-0.033333,-0.033333,-0.033333,-0.033333,-0.033333,-0.027083,-0.022917,-0.01875,-0.016667,-0.016667,-0.016667,-0.016667,-0.016667,-0.01875,-0.020833]","[0.023111,0.023111,0.023111,0.023111,0.023111,0.023111,0.023111,0.023111,0.023111,0.023111,0.023111,0.023111,0.023111,0.023111,0.023111,0.023111,0.023111,0.023111,0.023111,0.023111,0.023111,0.026222,0.032444,0.035556,0.048,0.063556,0.088444,0.104,0.144444,0.166222,0.212889,0.256444,0.293778,0.312444,0.346667,0.359111,0.387111,0.415111,0.443111,0.458667,0.486667,0.499111,0.527111,0.558222,0.586222,0.604889,0.636,0.651556,0.679556,0.698222,0.698222,0.698222,0.698222,0.698222,0.698222,0.695111,0.695111,0.698222,0.698222,0.698222,0.701333,0.701333,0.685778,0.673333,0.639111,0.620444,0.570667,0.514667,0.452444,0.421333,0.362222,0.337333,0.293778,0.262667,0.237778,0.228444,0.206667,0.197333,0.178667,0.16,0.150667,0.128889,0.107111,0.094667,0.082222,0.069778,0.063556,0.048,0.035556,0.029333,0.02,0.010667,0.004444,-0.001778,-0.008,-0.011111,-0.020444,-0.029778,-0.036,-0.045333,-0.048444,-0.048444,-0.048444,-0.048444,-0.048444,-0.048444,-0.048444,-0.048444,-0.048444,-0.045333,-0.045333,-0.045333,-0.045333,-0.045333,-0.045333,-0.045333,-0.042222,-0.036]","[0.0002,0.0161,0.0327,0.0496,0.0661,0.0833,0.0996,0.1167,0.1329,0.1495,0.1665,0.1828,0.1998,0.2165,0.2328,0.2498,0.2663,0.2834,0.2997,0.3168,0.3331,0.3499,0.367,0.3832,0.3997,0.417,0.4332,0.4505,0.4667,0.4832,0.5,0.517,0.5337,0.5501,0.5668,0.5834,0.6001,0.617,0.6334,0.6502,0.6668,0.6835,0.7001,0.717,0.7335,0.7502,0.7669,0.7835,0.8002,0.8169,0.8335,0.8504,0.8672,0.8837,0.9003,0.9171,0.9337,0.9505,0.967,0.9837,1.0005,1.0172,1.034,1.0502,1.0672,1.0837,1.1005,1.1172,1.134,1.1504,1.1675,1.184,1.2007,1.2175,1.2341,1.2507,1.2675,1.2841,1.3007,1.3176,1.3342,1.3509,1.3672,1.384,1.4008,1.4179,1.4343,1.4509,1.4676,1.4842,1.5008,1.5175,1.5347,1.5512,1.5677,1.5844,1.6008,1.6175,1.6342,1.651,1.668,1.6845,1.7007,1.7181,1.7345,1.7512,1.7678,1.7843,1.801,1.8177,1.8345,1.8513,1.8679,1.8847,1.901,1.9182,1.9348,1.9513]","[1,1,1,1,1,1,1,1,1,1,1,1,1,1,1,1,1,1,1,1,1,1,1,1,1,1,1,1,1,1,1,1,1,1,1,1,1,1,1,1,1,1,1,1,1,2,2,2,2,2,2,2,2,2,2,2,2,2,2,2,2,2,2,2,2,2,2,2,2,2,2,2,2,2,2,2,2,2,2,2,2,2,2,2,2,2,2,2,2,2,2,2,2,2,2,2,2,2,2,2,2,2,2,2,2,2,2,2,2,2,2,2,2,2,2,2,2,2]",20,392.1104,4,133,0,133,0,1,229579,4,SV_73ADPjbMtd0KUBg,304,2022-03-02_15h06.07.165,implicit_time,2021.1.4,Linux x86_64,59.95563283
cursorjump,315,45,0.5,10,NA,0,NA,0,1,0.5,FALSE,rotation,1,"[-0.014583,-0.014583,-0.014583,-0.014583,-0.014583,-0.014583,-0.014583,-0.014583,-0.014583,-0.014583,-0.014583,-0.014583,-0.014583,-0.014583,-0.014583,-0.014583,-0.014583,-0.014583,-0.014583,-0.014583,-0.0125,-0.010417,-0.008333,0,0.010417,0.01875,0.0375,0.0625,0.075,0.102083,0.127083,0.139583,0.164583,0.183333,0.191667,0.208333,0.229167,0.241667,0.26875,0.295833,0.310417,0.341667,0.372917,0.391667,0.429167,0.470833,0.49375,0.5375,0.585417,0.610417,0.65625,0.69375,0.710417,0.733333,0.74375,0.74375,0.741667,0.741667,0.741667,0.741667,0.741667,0.741667,0.741667,0.7375,0.73125,0.704167,0.65625,0.625,0.5625,0.504167,0.479167,0.425,0.364583,0.329167,0.2625,0.233333,0.179167,0.13125,0.085417,0.060417,0.0125,-0.008333,-0.045833,-0.072917,-0.097917,-0.110417,-0.135417,-0.145833,-0.1625,-0.179167,-0.189583,-0.195833,-0.204167,-0.208333,-0.2125,-0.216667,-0.216667,-0.216667,-0.210417,-0.204167,-0.189583,-0.166667,-0.145833,-0.1375,-0.125,-0.11875,-0.104167,-0.085417,-0.06875,-0.064583,-0.05625,-0.052083,-0.045833,-0.035417]","[-0.014222,-0.014222,-0.014222,-0.014222,-0.014222,-0.014222,-0.014222,-0.014222,-0.014222,-0.014222,-0.014222,-0.014222,-0.014222,-0.014222,-0.014222,-0.014222,-0.014222,-0.014222,-0.014222,-0.014222,-0.014222,-0.014222,-0.014222,-0.014222,-0.020444,-0.026667,-0.045333,-0.070222,-0.085778,-0.113778,-0.138667,-0.151111,-0.179111,-0.210222,-0.225778,-0.263111,-0.294222,-0.309778,-0.344,-0.375111,-0.393778,-0.431111,-0.471556,-0.490222,-0.527556,-0.568,-0.589778,-0.633333,-0.673778,-0.695556,-0.736,-0.770222,-0.788889,-0.816889,-0.829333,-0.829333,-0.826222,-0.826222,-0.826222,-0.829333,-0.829333,-0.829333,-0.829333,-0.829333,-0.826222,-0.807556,-0.773333,-0.751556,-0.698667,-0.639556,-0.611556,-0.546222,-0.471556,-0.431111,-0.353333,-0.322222,-0.272444,-0.238222,-0.207111,-0.188444,-0.151111,-0.129333,-0.088889,-0.057778,-0.032889,-0.020444,0.001333,0.016889,0.044889,0.069778,0.094667,0.104,0.122667,0.128889,0.138222,0.147556,0.147556,0.147556,0.144444,0.141333,0.132,0.113333,0.094667,0.082222,0.060444,0.054222,0.041778,0.029333,0.02,0.016889,0.007556,0.007556,0.001333,-0.001778]","[0.0005,0.0167,0.0335,0.0502,0.0667,0.0829,0.0995,0.1165,0.1332,0.1504,0.1665,0.1836,0.2001,0.2167,0.2329,0.2502,0.2668,0.2836,0.2997,0.3165,0.3336,0.3506,0.367,0.3839,0.4005,0.417,0.4339,0.4505,0.4674,0.4838,0.5002,0.5168,0.5336,0.5504,0.5672,0.5838,0.6004,0.6167,0.6336,0.6507,0.6676,0.684,0.7006,0.7174,0.7343,0.7511,0.7677,0.7841,0.8006,0.8175,0.8343,0.8504,0.8671,0.884,0.9004,0.9169,0.9338,0.9509,0.9679,0.9843,1.001,1.0178,1.0346,1.0503,1.0675,1.0844,1.1011,1.1176,1.1342,1.1514,1.167,1.1838,1.2005,1.2173,1.2341,1.251,1.2679,1.2846,1.3013,1.3182,1.334,1.3511,1.3674,1.3839,1.4006,1.4176,1.4341,1.4508,1.4678,1.4846,1.5015,1.5174,1.5347,1.5509,1.5678,1.5846,1.6014,1.6184,1.6342,1.6511,1.6682,1.6841,1.7009,1.7177,1.7347,1.751,1.7675,1.7841,1.8008,1.8175,1.8344,1.8512,1.8677,1.8842]","[1,1,1,1,1,1,1,1,1,1,1,1,1,1,1,1,1,1,1,1,1,1,1,1,1,1,1,1,1,1,1,1,1,1,1,1,1,1,1,1,1,1,1,1,1,1,1,1,1,1,2,2,2,2,2,2,2,2,2,2,2,2,2,2,2,2,2,2,2,2,2,2,2,2,2,2,2,2,2,2,2,2,2,2,2,2,2,2,2,2,2,2,2,2,2,2,2,2,2,2,2,2,2,2,2,2,2,2,2,2,2,2,2,2]",20,394.5121,4,134,0,134,0,1,229579,4,SV_73ADPjbMtd0KUBg,304,2022-03-02_15h06.07.165,implicit_time,2021.1.4,Linux x86_64,59.95563283
cursorjump,305,0,0,10,NA,0,NA,0,0,0.5,FALSE,rotation,0,"[0.002083,0.002083,0.004167,0.004167,0.004167,0.004167,0.004167,0.004167,0.004167,0.004167,0.004167,0.004167,0.004167,0.004167,0.004167,0.004167,0.004167,0.004167,0.004167,0.004167,0.004167,0.004167,0.00625,0.008333,0.016667,0.027083,0.041667,0.047917,0.0625,0.070833,0.091667,0.11875,0.154167,0.175,0.214583,0.2375,0.275,0.308333,0.339583,0.35625,0.395833,0.416667,0.45625,0.491667,0.520833,0.535417,0.564583,0.579167,0.604167,0.614583,0.616667,0.616667,0.616667,0.616667,0.616667,0.616667,0.616667,0.616667,0.616667,0.616667,0.614583,0.602083,0.566667,0.539583,0.48125,0.422917,0.397917,0.35,0.308333,0.289583,0.25,0.2125,0.19375,0.164583,0.135417,0.122917,0.1,0.083333,0.075,0.058333,0.04375,0.039583,0.03125,0.022917,0.01875,0.0125,0.00625,0.004167,-0.002083,-0.008333,-0.0125,-0.016667,-0.020833,-0.022917,-0.025,-0.025,-0.025,-0.022917,-0.022917,-0.020833,-0.020833,-0.020833,-0.020833,-0.016667]","[0.010667,0.010667,0.010667,0.010667,0.010667,0.010667,0.010667,0.010667,0.010667,0.010667,0.010667,0.010667,0.007556,0.007556,0.007556,0.007556,0.007556,0.007556,0.007556,0.007556,0.007556,0.007556,0.007556,0.004444,-0.008,-0.032889,-0.070222,-0.095111,-0.144889,-0.172889,-0.222667,-0.278667,-0.340889,-0.375111,-0.446667,-0.480889,-0.546222,-0.602222,-0.655111,-0.68,-0.729778,-0.751556,-0.788889,-0.82,-0.844889,-0.854222,-0.882222,-0.894667,-0.916444,-0.928889,-0.928889,-0.928889,-0.928889,-0.925778,-0.925778,-0.925778,-0.925778,-0.925778,-0.925778,-0.928889,-0.925778,-0.919556,-0.894667,-0.872889,-0.82,-0.757778,-0.723556,-0.658222,-0.592889,-0.561778,-0.508889,-0.465333,-0.446667,-0.415556,-0.384444,-0.372,-0.350222,-0.334667,-0.328444,-0.309778,-0.291111,-0.281778,-0.269333,-0.26,-0.253778,-0.241333,-0.228889,-0.222667,-0.207111,-0.191556,-0.182222,-0.160444,-0.154222,-0.141778,-0.129333,-0.12,-0.113778,-0.098222,-0.088889,-0.073333,-0.060889,-0.048444,-0.039111,-0.023556]","[0.0008,0.0166,0.0327,0.0497,0.0659,0.0826,0.0993,0.1162,0.1327,0.1489,0.1659,0.1826,0.1994,0.2161,0.2332,0.2491,0.266,0.2827,0.2996,0.3165,0.3327,0.3497,0.3657,0.3825,0.3992,0.416,0.4331,0.4495,0.4661,0.4831,0.4995,0.5162,0.5329,0.5495,0.5662,0.583,0.5994,0.6161,0.6331,0.6499,0.6665,0.6831,0.7001,0.7159,0.7332,0.75,0.7665,0.7838,0.8002,0.8168,0.8335,0.8494,0.8666,0.8831,0.9002,0.9162,0.9332,0.9497,0.9663,0.9832,1.0001,1.0169,1.0329,1.0497,1.0667,1.0837,1.0996,1.1165,1.1336,1.1504,1.167,1.1838,1.1996,1.2168,1.2339,1.2497,1.2667,1.2836,1.3002,1.3174,1.3334,1.3501,1.3667,1.3835,1.4,1.4171,1.434,1.4498,1.4669,1.4838,1.5003,1.5168,1.5335,1.5504,1.5666,1.5836,1.6002,1.6171,1.6338,1.6504,1.6671,1.6842,1.7,1.7168]","[1,1,1,1,1,1,1,1,1,1,1,1,1,1,1,1,1,1,1,1,1,1,1,1,1,1,1,1,1,1,1,1,1,1,1,1,1,1,1,1,1,1,1,1,2,2,2,2,2,2,2,2,2,2,2,2,2,2,2,2,2,2,2,2,2,2,2,2,2,2,2,2,2,2,2,2,2,2,2,2,2,2,2,2,2,2,2,2,2,2,2,2,2,2,2,2,2,2,2,2,2,2,2,2]",20,397.4977,4,135,0,135,0,1,229579,4,SV_73ADPjbMtd0KUBg,304,2022-03-02_15h06.07.165,implicit_time,2021.1.4,Linux x86_64,59.95563283
cursorjump,135,45,0.5,10,NA,0,NA,0,1,0.5,FALSE,rotation,1,"[-0.010417,-0.010417,-0.010417,-0.010417,-0.008333,-0.008333,-0.008333,-0.008333,-0.00625,-0.00625,-0.00625,-0.00625,-0.00625,-0.00625,-0.00625,-0.00625,-0.00625,-0.00625,-0.00625,-0.00625,-0.00625,-0.00625,-0.004167,-0.002083,0,0.002083,0.002083,0.002083,0.004167,0.004167,0.002083,0,-0.00625,-0.010417,-0.01875,-0.027083,-0.03125,-0.039583,-0.05,-0.054167,-0.0625,-0.06875,-0.072917,-0.085417,-0.097917,-0.104167,-0.11875,-0.133333,-0.15,-0.158333,-0.179167,-0.189583,-0.2125,-0.2375,-0.252083,-0.283333,-0.316667,-0.333333,-0.370833,-0.410417,-0.429167,-0.46875,-0.504167,-0.520833,-0.55625,-0.597917,-0.620833,-0.664583,-0.7,-0.714583,-0.739583,-0.760417,-0.76875,-0.785417,-0.797917,-0.804167,-0.814583,-0.822917,-0.827083,-0.835417,-0.839583,-0.841667,-0.847917,-0.854167,-0.860417,-0.864583,-0.86875,-0.872917,-0.879167,-0.8875,-0.895833,-0.897917,-0.902083,-0.904167,-0.90625,-0.90625,-0.90625,-0.90625,-0.90625,-0.90625,-0.90625,-0.904167,-0.897917,-0.8875,-0.877083,-0.870833,-0.85625,-0.847917,-0.827083,-0.802083,-0.775,-0.760417,-0.729167,-0.689583,-0.666667,-0.616667,-0.5625,-0.535417,-0.479167,-0.452083,-0.395833,-0.339583,-0.283333,-0.25625,-0.20625,-0.183333,-0.139583,-0.102083,-0.070833,-0.05625,-0.033333,-0.022917,-0.004167,0.014583,0.03125,0.039583,0.054167,0.0625,0.066667,0.070833,0.072917,0.072917,0.070833,0.066667,0.064583,0.0625,0.058333,0.05625,0.047917,0.039583,0.0375,0.029167]","[0.02,0.02,0.02,0.02,0.02,0.02,0.02,0.016889,0.016889,0.013778,0.013778,0.013778,0.013778,0.013778,0.016889,0.016889,0.016889,0.016889,0.016889,0.016889,0.016889,0.016889,0.016889,0.016889,0.016889,0.016889,0.016889,0.016889,0.016889,0.016889,0.016889,0.02,0.023111,0.026222,0.035556,0.051111,0.057333,0.076,0.091556,0.097778,0.110222,0.116444,0.122667,0.132,0.141333,0.144444,0.153778,0.169333,0.184889,0.191111,0.209778,0.219111,0.240889,0.262667,0.272,0.293778,0.315556,0.328,0.346667,0.365333,0.374667,0.393333,0.418222,0.427556,0.449333,0.461778,0.468,0.474222,0.483556,0.486667,0.496,0.505333,0.511556,0.520889,0.530222,0.533333,0.539556,0.542667,0.545778,0.548889,0.552,0.555111,0.558222,0.564444,0.570667,0.570667,0.576889,0.576889,0.58,0.586222,0.589333,0.592444,0.592444,0.595556,0.595556,0.595556,0.595556,0.595556,0.595556,0.595556,0.595556,0.595556,0.598667,0.598667,0.595556,0.595556,0.589333,0.589333,0.58,0.573778,0.561333,0.555111,0.539556,0.520889,0.511556,0.489778,0.461778,0.449333,0.418222,0.402667,0.371556,0.343556,0.315556,0.3,0.275111,0.259556,0.231556,0.203556,0.178667,0.169333,0.150667,0.144444,0.125778,0.110222,0.097778,0.088444,0.076,0.063556,0.057333,0.044889,0.035556,0.029333,0.013778,-0.004889,-0.014222,-0.023556,-0.029778,-0.029778,-0.029778,-0.029778,-0.029778,-0.023556]","[0.0005,0.0164,0.0338,0.0495,0.0668,0.0835,0.1004,0.1163,0.1337,0.1505,0.1661,0.1838,0.2001,0.2173,0.2333,0.2503,0.2663,0.2836,0.3002,0.3166,0.3335,0.3506,0.3665,0.3832,0.3999,0.417,0.434,0.4497,0.4675,0.4832,0.4999,0.5168,0.5338,0.551,0.5667,0.5836,0.6005,0.6178,0.6337,0.6506,0.6673,0.6841,0.7004,0.7176,0.7335,0.7505,0.7672,0.7841,0.8011,0.817,0.8337,0.8506,0.8673,0.8836,0.9003,0.9171,0.934,0.9502,0.967,0.9837,1.0003,1.0171,1.034,1.0504,1.067,1.0837,1.1005,1.1176,1.1338,1.1504,1.1672,1.184,1.2006,1.2174,1.234,1.2505,1.2682,1.2842,1.3008,1.3175,1.334,1.3506,1.3674,1.3841,1.4009,1.4178,1.4342,1.4507,1.4674,1.4841,1.5012,1.5179,1.5343,1.5509,1.5677,1.5844,1.6013,1.6177,1.6344,1.6509,1.6677,1.6845,1.7014,1.7181,1.7344,1.7511,1.7677,1.7843,1.8012,1.8181,1.8348,1.8517,1.8675,1.8851,1.901,1.9178,1.9343,1.9512,1.9681,1.9846,2.0014,2.0181,2.0348,2.0514,2.0683,2.0851,2.1011,2.1181,2.1346,2.1513,2.168,2.1847,2.2014,2.2183,2.2351,2.2519,2.268,2.2849,2.3016,2.3183,2.3351,2.3524,2.3681,2.3851,2.4018,2.4184,2.4352,2.4521,2.468,2.4848,2.5015,2.5181]","[1,1,1,1,1,1,1,1,1,1,1,1,1,1,1,1,1,1,1,1,1,1,1,1,1,1,1,1,1,1,1,1,1,1,1,1,1,1,1,1,1,1,1,1,1,1,1,1,1,1,1,1,1,1,1,1,1,1,1,1,1,1,1,1,1,1,1,1,1,1,1,1,1,1,1,2,2,2,2,2,2,2,2,2,2,2,2,2,2,2,2,2,2,2,2,2,2,2,2,2,2,2,2,2,2,2,2,2,2,2,2,2,2,2,2,2,2,2,2,2,2,2,2,2,2,2,2,2,2,2,2,2,2,2,2,2,2,2,2,2,2,2,2,2,2,2,2,2,2,2,2,2]",20,400.5334,4,136,0,136,0,1,229579,4,SV_73ADPjbMtd0KUBg,304,2022-03-02_15h06.07.165,implicit_time,2021.1.4,Linux x86_64,59.95563283
cursorjump,125,0,0,10,NA,0,NA,0,0,0.5,FALSE,rotation,0,"[0.016667,0.016667,0.016667,0.016667,0.016667,0.016667,0.016667,0.016667,0.016667,0.016667,0.016667,0.016667,0.016667,0.016667,0.016667,0.016667,0.016667,0.016667,0.016667,0.014583,0.014583,0.014583,0.014583,0.014583,0.014583,0.014583,0.014583,0.014583,0.014583,0.014583,0.014583,0.014583,0.014583,0.014583,0.014583,0.014583,0.014583,0.014583,0.014583,0.014583,0.014583,0.014583,0.014583,0.014583,0.0125,0.0125,0.0125,0.0125,0.0125,0.0125,0.014583,0.014583,0.014583,0.014583,0.014583,0.014583,0.014583,0.014583,0.014583,0.014583,0.014583,0.014583,0.014583,0.014583,0.014583,0.014583,0.014583,0.014583,0.014583,0.014583,0.0125,0.0125,0.0125,0.010417,0.00625,0.002083,-0.00625,-0.014583,-0.016667,-0.022917,-0.027083,-0.029167,-0.039583,-0.052083,-0.066667,-0.072917,-0.085417,-0.09375,-0.114583,-0.1375,-0.15,-0.172917,-0.195833,-0.20625,-0.227083,-0.245833,-0.258333,-0.264583,-0.275,-0.28125,-0.29375,-0.30625,-0.310417,-0.316667,-0.31875,-0.31875,-0.316667,-0.314583,-0.314583,-0.3125,-0.3125,-0.3125,-0.3125,-0.3125,-0.3125,-0.3125,-0.3125,-0.3125,-0.310417,-0.302083,-0.297917,-0.285417,-0.272917,-0.266667,-0.254167,-0.245833,-0.23125,-0.214583,-0.2,-0.189583,-0.172917,-0.164583,-0.15,-0.135417,-0.11875,-0.1125,-0.095833,-0.0875,-0.070833,-0.054167,-0.039583,-0.033333,-0.01875,-0.010417,0.008333,0.020833,0.03125,0.0375,0.045833,0.05,0.058333,0.0625,0.06875,0.070833,0.075,0.077083,0.08125,0.08125,0.08125,0.08125,0.083333,0.083333,0.083333,0.08125,0.08125,0.079167,0.072917,0.070833,0.066667,0.060417,0.05625,0.052083,0.047917,0.045833,0.04375,0.039583,0.039583,0.0375,0.035417]","[-0.011111,-0.011111,-0.011111,-0.011111,-0.011111,-0.011111,-0.011111,-0.011111,-0.011111,-0.011111,-0.011111,-0.011111,-0.011111,-0.011111,-0.011111,-0.011111,-0.011111,-0.011111,-0.011111,-0.011111,-0.011111,-0.011111,-0.008,-0.008,-0.008,-0.008,-0.008,-0.008,-0.008,-0.008,-0.008,-0.008,-0.008,-0.008,-0.008,-0.008,-0.008,-0.008,-0.008,-0.008,-0.008,-0.008,-0.008,-0.008,-0.008,-0.008,-0.008,-0.008,-0.008,-0.008,-0.008,-0.008,-0.008,-0.008,-0.008,-0.008,-0.008,-0.008,-0.008,-0.008,-0.008,-0.008,-0.008,-0.008,-0.008,-0.008,-0.008,-0.008,-0.008,-0.008,-0.004889,-0.001778,-0.001778,0.004444,0.010667,0.016889,0.029333,0.044889,0.054222,0.076,0.100889,0.113333,0.141333,0.175556,0.212889,0.234667,0.275111,0.296889,0.340444,0.387111,0.408889,0.455556,0.505333,0.527111,0.576889,0.626667,0.676444,0.698222,0.744889,0.766667,0.810222,0.847556,0.863111,0.897333,0.928444,0.944,0.972,0.993778,1,1,1,1,1,1,1,1,1,1,1,1,0.996889,0.990667,0.981333,0.975111,0.959556,0.953333,0.934667,0.909778,0.884889,0.869333,0.838222,0.822667,0.791556,0.757333,0.723111,0.704444,0.670222,0.651556,0.611111,0.570667,0.527111,0.508444,0.468,0.446222,0.402667,0.362222,0.321778,0.3,0.265778,0.247111,0.212889,0.178667,0.150667,0.138222,0.110222,0.097778,0.072889,0.060444,0.051111,0.048,0.041778,0.038667,0.032444,0.029333,0.026222,0.023111,0.016889,0.013778,0.010667,0.004444,-0.004889,-0.008,-0.014222,-0.017333,-0.020444,-0.020444,-0.020444,-0.023556,-0.020444]","[0.0007,0.0164,0.0334,0.0496,0.066,0.0827,0.0998,0.1163,0.1341,0.15,0.1664,0.183,0.2004,0.2167,0.233,0.2501,0.2667,0.2832,0.3003,0.3168,0.3332,0.35,0.3671,0.3837,0.4001,0.4168,0.4332,0.4502,0.4666,0.4835,0.5,0.5168,0.5333,0.5504,0.5667,0.583,0.5999,0.6167,0.6338,0.65,0.667,0.6832,0.7004,0.7168,0.7343,0.7505,0.7669,0.7842,0.8002,0.8166,0.8338,0.8498,0.8674,0.8839,0.8998,0.9171,0.9333,0.9505,0.967,0.9833,1.0008,1.0174,1.0339,1.0504,1.0672,1.0839,1.1002,1.1173,1.1339,1.1512,1.1677,1.1842,1.2007,1.2174,1.2341,1.2514,1.2678,1.2843,1.3013,1.3181,1.3348,1.3514,1.3683,1.3849,1.4019,1.4173,1.4344,1.4508,1.4675,1.4841,1.5009,1.5177,1.5345,1.5511,1.5681,1.5849,1.6017,1.6181,1.6349,1.6513,1.668,1.6846,1.7011,1.7179,1.7346,1.751,1.7678,1.7846,1.8012,1.818,1.8346,1.8513,1.8679,1.8845,1.9012,1.9179,1.9346,1.9512,1.9676,1.9847,2.0013,2.0181,2.0348,2.0514,2.0683,2.085,2.1014,2.1182,2.1347,2.1513,2.1682,2.1849,2.2015,2.2183,2.235,2.2518,2.2685,2.2851,2.3017,2.3182,2.3349,2.3517,2.3685,2.3853,2.4019,2.4186,2.4352,2.4517,2.4684,2.4849,2.5014,2.519,2.535,2.5516,2.5683,2.5849,2.6017,2.6183,2.6351,2.6517,2.6682,2.6851,2.7016,2.7189,2.7352,2.7517,2.7685,2.7853,2.8017,2.8184,2.8351,2.8518,2.8687,2.8851,2.9018,2.929,2.9361,2.9524,2.9694]","[1,1,1,1,1,1,1,1,1,1,1,1,1,1,1,1,1,1,1,1,1,1,1,1,1,1,1,1,1,1,1,1,1,1,1,1,1,1,1,1,1,1,1,1,1,1,1,1,1,1,1,1,1,1,1,1,1,1,1,1,1,1,1,1,1,1,1,1,1,1,1,1,1,1,1,1,1,1,1,1,1,1,1,1,1,1,1,1,1,1,1,1,1,1,1,1,1,1,1,1,1,1,1,1,2,2,2,2,2,2,2,2,2,2,2,2,2,2,2,2,2,2,2,2,2,2,2,2,2,2,2,2,2,2,2,2,2,2,2,2,2,2,2,2,2,2,2,2,2,2,2,2,2,2,2,2,2,2,2,2,2,2,2,2,2,2,2,2,2,2,2,2,2,2,2,2,2,2,2]",20,404.0202,4,137,0,137,0,1,229579,4,SV_73ADPjbMtd0KUBg,304,2022-03-02_15h06.07.165,implicit_time,2021.1.4,Linux x86_64,59.95563283
cursorjump,45,45,0.5,10,NA,0,NA,0,1,0.5,FALSE,rotation,1,"[-0.0125,-0.0125,-0.014583,-0.014583,-0.014583,-0.014583,-0.014583,-0.014583,-0.014583,-0.014583,-0.014583,-0.014583,-0.014583,-0.014583,-0.014583,-0.014583,-0.014583,-0.0125,-0.0125,-0.0125,-0.0125,-0.0125,-0.0125,-0.0125,-0.0125,-0.0125,-0.0125,-0.0125,-0.0125,-0.0125,-0.0125,-0.0125,-0.0125,-0.0125,-0.0125,-0.0125,-0.0125,-0.0125,-0.0125,-0.0125,-0.0125,-0.0125,-0.0125,-0.0125,-0.0125,-0.0125,-0.0125,-0.0125,-0.0125,-0.0125,-0.0125,-0.0125,-0.0125,-0.0125,-0.010417,-0.010417,-0.010417,-0.010417,-0.010417,-0.010417,-0.010417,-0.010417,-0.010417,-0.010417,-0.010417,-0.010417,-0.010417,-0.010417,-0.010417,-0.008333,-0.00625,-0.004167,-0.002083,0.004167,0.0125,0.016667,0.027083,0.039583,0.045833,0.058333,0.070833,0.077083,0.085417,0.09375,0.1,0.1125,0.122917,0.127083,0.135417,0.14375,0.145833,0.152083,0.154167,0.154167,0.147917,0.14375,0.13125,0.116667,0.10625,0.1,0.089583,0.085417,0.075,0.0625,0.05,0.04375,0.033333,0.027083,0.01875,0.010417,0.00625,0.004167,0.002083,0.002083,0.002083,0.002083,0.002083,0.002083,0.004167,0.00625,0.0125,0.01875,0.029167,0.033333,0.047917,0.05625,0.070833,0.083333,0.091667,0.095833,0.102083,0.10625,0.116667,0.127083,0.1375,0.141667,0.152083,0.15625,0.164583,0.170833,0.177083,0.179167,0.179167,0.175,0.170833,0.164583,0.15625,0.152083,0.141667,0.127083,0.120833,0.104167,0.089583,0.083333,0.06875,0.05625,0.052083,0.041667,0.033333,0.029167,0.027083,0.027083,0.025,0.025,0.025,0.022917,0.020833,0.020833,0.01875,0.016667,0.014583,0.008333,0,-0.002083,-0.008333,-0.010417,-0.010417,-0.010417,-0.010417,-0.010417,-0.008333,-0.008333,-0.008333,-0.008333,-0.010417,-0.0125,-0.0125,-0.014583,-0.014583,-0.0125,-0.00625,0.008333,0.01875,0.05,0.066667,0.110417,0.1625,0.227083,0.260417,0.33125,0.36875,0.44375,0.51875,0.5875,0.616667,0.66875,0.689583,0.727083,0.758333,0.785417,0.795833,0.810417,0.814583,0.820833,0.822917,0.827083,0.829167,0.83125,0.833333,0.833333,0.833333,0.833333,0.833333,0.833333,0.835417,0.8375,0.841667,0.845833,0.847917,0.852083,0.854167,0.85625,0.85625,0.85625,0.85625,0.85625,0.85625,0.852083,0.847917,0.84375,0.8375,0.827083,0.820833,0.802083,0.777083,0.760417,0.725,0.6875,0.66875,0.629167,0.589583,0.56875,0.527083,0.485417,0.466667,0.429167,0.395833,0.38125,0.35,0.322917,0.310417,0.2875,0.26875,0.260417,0.247917,0.2375,0.233333,0.227083,0.222917,0.220833,0.214583,0.208333,0.202083,0.185417,0.166667,0.15625,0.135417,0.1125,0.102083,0.085417,0.070833,0.066667,0.0625,0.060417,0.060417,0.060417,0.0625,0.0625,0.0625,0.0625,0.0625,0.05625,0.05,0.045833,0.0375]","[0.004444,0.004444,0.004444,0.004444,0.004444,0.004444,0.004444,0.004444,0.004444,0.004444,0.004444,0.004444,0.004444,0.004444,0.004444,0.004444,0.001333,0.001333,0.001333,0.001333,0.001333,0.001333,0.001333,0.001333,0.001333,0.001333,-0.001778,-0.001778,-0.001778,-0.001778,-0.001778,-0.001778,-0.001778,-0.001778,-0.001778,-0.001778,-0.001778,-0.001778,-0.001778,-0.001778,-0.001778,-0.001778,-0.001778,-0.001778,-0.001778,-0.001778,-0.001778,-0.001778,-0.001778,-0.001778,-0.001778,-0.001778,-0.001778,-0.001778,-0.001778,-0.001778,-0.001778,-0.001778,-0.001778,-0.001778,-0.001778,-0.001778,-0.001778,-0.001778,-0.001778,-0.001778,-0.001778,0.001333,0.004444,0.004444,0.007556,0.010667,0.013778,0.023111,0.029333,0.032444,0.041778,0.057333,0.063556,0.085333,0.110222,0.125778,0.16,0.203556,0.225333,0.275111,0.324889,0.346667,0.387111,0.427556,0.449333,0.492889,0.533333,0.555111,0.592444,0.611111,0.642222,0.670222,0.701333,0.713778,0.738667,0.751111,0.772889,0.794667,0.810222,0.819556,0.832,0.835111,0.847556,0.856889,0.863111,0.866222,0.869333,0.869333,0.869333,0.869333,0.869333,0.869333,0.869333,0.869333,0.869333,0.866222,0.866222,0.863111,0.86,0.86,0.853778,0.844444,0.835111,0.828889,0.813333,0.800889,0.776,0.741778,0.704444,0.682667,0.642222,0.620444,0.573778,0.527111,0.474222,0.449333,0.393333,0.337333,0.312444,0.259556,0.212889,0.191111,0.147556,0.104,0.085333,0.051111,0.026222,0.016889,-0.004889,-0.023556,-0.029778,-0.039111,-0.039111,-0.039111,-0.039111,-0.039111,-0.039111,-0.039111,-0.039111,-0.039111,-0.036,-0.036,-0.036,-0.036,-0.036,-0.039111,-0.042222,-0.042222,-0.042222,-0.042222,-0.042222,-0.042222,-0.042222,-0.039111,-0.039111,-0.036,-0.036,-0.036,-0.036,-0.039111,-0.039111,-0.039111,-0.039111,-0.039111,-0.032889,-0.023556,-0.014222,0.013778,0.029333,0.066667,0.113333,0.16,0.184889,0.234667,0.259556,0.306222,0.356,0.396444,0.415111,0.449333,0.461778,0.489778,0.514667,0.536444,0.545778,0.555111,0.558222,0.564444,0.567556,0.570667,0.570667,0.570667,0.570667,0.570667,0.570667,0.570667,0.570667,0.570667,0.570667,0.573778,0.573778,0.573778,0.576889,0.576889,0.576889,0.58,0.58,0.58,0.58,0.58,0.58,0.576889,0.573778,0.570667,0.564444,0.558222,0.552,0.536444,0.511556,0.496,0.461778,0.421333,0.402667,0.362222,0.318667,0.296889,0.253333,0.209778,0.188,0.150667,0.116444,0.100889,0.069778,0.041778,0.032444,0.010667,-0.008,-0.014222,-0.023556,-0.029778,-0.032889,-0.032889,-0.036,-0.036,-0.036,-0.039111,-0.039111,-0.039111,-0.042222,-0.042222,-0.039111,-0.036,-0.032889,-0.026667,-0.020444,-0.020444,-0.017333,-0.017333,-0.017333,-0.017333,-0.014222,-0.014222,-0.011111,-0.008,-0.008,-0.004889,-0.004889,-0.001778,-0.004889]","[0.0006,0.0161,0.033,0.0497,0.0666,0.0822,0.0998,0.1164,0.1331,0.1499,0.1664,0.1818,0.1997,0.2158,0.2326,0.2493,0.2662,0.2829,0.2991,0.3158,0.3322,0.3493,0.3657,0.3824,0.4001,0.4166,0.4331,0.4493,0.4658,0.4834,0.5002,0.5166,0.5332,0.5495,0.5664,0.5831,0.5997,0.6163,0.6329,0.6495,0.6657,0.6833,0.6999,0.7162,0.7325,0.7495,0.7658,0.7825,0.7999,0.8162,0.833,0.8493,0.8661,0.883,0.8997,0.9162,0.9327,0.9494,0.9658,0.983,0.9995,1.0162,1.0332,1.0498,1.0664,1.0828,1.0998,1.1163,1.1335,1.1498,1.1662,1.1835,1.2001,1.2166,1.233,1.2502,1.2666,1.283,1.3002,1.3166,1.3334,1.3503,1.3668,1.3832,1.4,1.4168,1.4336,1.45,1.4664,1.4835,1.5002,1.5169,1.5335,1.5503,1.5667,1.5834,1.6,1.6167,1.634,1.6505,1.667,1.6836,1.7002,1.7169,1.7337,1.7501,1.7668,1.7842,1.8006,1.8172,1.8336,1.8503,1.8666,1.8842,1.9007,1.917,1.9338,1.9505,1.967,1.9837,2.0003,2.0169,2.0334,2.051,2.0675,2.0841,2.1007,2.1175,2.1342,2.1508,2.1676,2.1843,2.201,2.2176,2.2341,2.2508,2.2675,2.2839,2.3009,2.3179,2.3346,2.3513,2.3679,2.3845,2.4011,2.4178,2.4345,2.4512,2.468,2.4846,2.5012,2.5179,2.5347,2.5515,2.5672,2.585,2.6008,2.6174,2.6339,2.6507,2.6672,2.6842,2.7007,2.7174,2.7338,2.7515,2.7682,2.7849,2.8015,2.8176,2.8339,2.8511,2.8676,2.8841,2.901,2.9176,2.9341,2.9511,2.9676,2.9844,3.0012,3.0174,3.0349,3.0517,3.0685,3.0843,3.1017,3.1177,3.1343,3.1512,3.1679,3.1843,3.2019,3.2178,3.234,3.2516,3.2677,3.2842,3.3018,3.318,3.3343,3.3515,3.3676,3.3847,3.401,3.4177,3.4347,3.4508,3.4678,3.4843,3.501,3.5182,3.5344,3.5516,3.5677,3.5844,3.6018,3.6183,3.6348,3.6509,3.6683,3.6845,3.7011,3.7179,3.7345,3.7516,3.7678,3.7846,3.8013,3.8181,3.8346,3.8516,3.868,3.8845,3.9013,3.9181,3.9349,3.9512,3.9682,3.9847,4.0019,4.0183,4.0351,4.0513,4.0683,4.0848,4.1015,4.1186,4.1348,4.1516,4.1684,4.1847,4.2016,4.2183,4.235,4.2519,4.2687,4.2849,4.3017,4.3184,4.3352,4.3519,4.3688,4.3851,4.4018,4.4187,4.4349,4.4518,4.4685,4.4851,4.5018,4.5186,4.5354,4.5519,4.5688,4.5854,4.6026,4.6187,4.6354,4.6521,4.669,4.6852,4.702,4.7187,4.7354,4.752,4.7689,4.7857,4.803,4.819,4.8357,4.8523,4.8692,4.8854,4.9022]","[1,1,1,1,1,1,1,1,1,1,1,1,1,1,1,1,1,1,1,1,1,1,1,1,1,1,1,1,1,1,1,1,1,1,1,1,1,1,1,1,1,1,1,1,1,1,1,1,1,1,1,1,1,1,1,1,1,1,1,1,1,1,1,1,1,1,1,1,1,1,1,1,1,1,1,1,1,1,1,1,1,1,1,1,1,1,1,1,1,1,1,1,1,1,1,1,1,1,1,1,1,1,1,1,1,1,1,1,1,1,1,1,1,1,1,1,1,1,1,1,1,1,1,1,1,1,1,1,1,1,1,1,1,1,1,1,1,1,1,1,1,1,1,1,1,1,1,1,1,1,1,1,1,1,1,1,1,1,1,1,1,1,1,1,1,1,1,1,1,1,1,1,1,1,1,1,1,1,1,1,1,1,1,1,1,1,1,1,1,1,1,1,1,1,1,1,1,1,1,1,1,1,1,1,1,1,1,1,1,1,2,2,2,2,2,2,2,2,2,2,2,2,2,2,2,2,2,2,2,2,2,2,2,2,2,2,2,2,2,2,2,2,2,2,2,2,2,2,2,2,2,2,2,2,2,2,2,2,2,2,2,2,2,2,2,2,2,2,2,2,2,2,2,2,2,2,2,2,2,2,2,2,2,2,2,2,2,2,2,2,2,2,2,2,2]",20,409.8901,4,138,0,138,0,1,229579,4,SV_73ADPjbMtd0KUBg,304,2022-03-02_15h06.07.165,implicit_time,2021.1.4,Linux x86_64,59.95563283
cursorjump,35,0,0,10,NA,0,NA,0,0,0.5,FALSE,rotation,0,"[-0.008333,-0.008333,-0.008333,-0.008333,-0.008333,-0.008333,-0.008333,-0.008333,-0.008333,-0.008333,-0.008333,-0.008333,-0.008333,-0.008333,-0.008333,-0.008333,-0.008333,-0.008333,-0.008333,-0.008333,-0.010417,-0.010417,-0.010417,-0.010417,-0.010417,-0.010417,-0.010417,-0.010417,-0.010417,-0.010417,-0.010417,-0.010417,-0.010417,-0.010417,-0.010417,-0.010417,-0.010417,-0.010417,-0.010417,-0.010417,-0.010417,-0.010417,-0.010417,-0.010417,-0.010417,-0.010417,-0.010417,-0.010417,-0.010417,-0.010417,-0.010417,-0.010417,-0.010417,-0.010417,-0.010417,-0.010417,-0.010417,-0.010417,-0.010417,-0.010417,-0.010417,-0.010417,-0.010417,-0.010417,-0.010417,-0.010417,-0.010417,-0.010417,-0.010417,-0.010417,-0.010417,-0.010417,-0.010417,-0.010417,-0.010417,-0.010417,-0.010417,-0.010417,-0.010417,-0.010417,-0.008333,-0.00625,0.002083,0.025,0.058333,0.077083,0.120833,0.14375,0.19375,0.25,0.310417,0.339583,0.395833,0.422917,0.472917,0.520833,0.564583,0.583333,0.616667,0.633333,0.660417,0.685417,0.702083,0.708333,0.71875,0.722917,0.735417,0.754167,0.78125,0.797917,0.83125,0.852083,0.9,0.954167,0.9875,0.991667,0.991667,0.991667,0.989583,0.991667,0.991667,0.99375,0.99375,0.9875,0.952083,0.8875,0.85,0.770833,0.683333,0.6375,0.547917,0.458333,0.416667,0.339583,0.270833,0.239583,0.185417,0.139583,0.120833,0.089583,0.066667,0.058333,0.045833,0.041667,0.039583,0.039583,0.039583,0.041667,0.04375,0.04375,0.04375,0.04375,0.04375,0.04375,0.041667,0.033333,0.029167,0.020833,0.014583,0.010417]","[-0.011111,-0.011111,-0.011111,-0.011111,-0.011111,-0.011111,-0.011111,-0.011111,-0.011111,-0.011111,-0.011111,-0.011111,-0.011111,-0.011111,-0.011111,-0.011111,-0.011111,-0.011111,-0.011111,-0.011111,-0.008,-0.008,-0.008,-0.008,-0.008,-0.008,-0.008,-0.008,-0.008,-0.008,-0.008,-0.008,-0.008,-0.008,-0.008,-0.008,-0.008,-0.008,-0.008,-0.008,-0.008,-0.008,-0.008,-0.008,-0.008,-0.008,-0.008,-0.008,-0.008,-0.008,-0.008,-0.008,-0.008,-0.008,-0.008,-0.008,-0.008,-0.008,-0.008,-0.008,-0.008,-0.008,-0.008,-0.008,-0.008,-0.008,-0.008,-0.008,-0.008,-0.008,-0.008,-0.008,-0.008,-0.008,-0.008,-0.008,-0.008,-0.008,-0.008,-0.008,-0.004889,-0.004889,0.004444,0.016889,0.032444,0.041778,0.063556,0.076,0.107111,0.144444,0.181778,0.197333,0.228444,0.240889,0.259556,0.278222,0.293778,0.3,0.309333,0.312444,0.321778,0.328,0.334222,0.337333,0.340444,0.343556,0.352889,0.362222,0.374667,0.377778,0.390222,0.396444,0.412,0.430667,0.443111,0.446222,0.443111,0.44,0.44,0.44,0.44,0.436889,0.433778,0.430667,0.418222,0.393333,0.377778,0.340444,0.3,0.281333,0.247111,0.216,0.200444,0.172444,0.150667,0.141333,0.119556,0.104,0.094667,0.082222,0.072889,0.066667,0.063556,0.060444,0.060444,0.060444,0.060444,0.060444,0.060444,0.060444,0.060444,0.060444,0.060444,0.060444,0.057333,0.054222,0.051111,0.044889,0.041778,0.038667]","[0.0002,0.0164,0.0333,0.0502,0.066,0.083,0.0999,0.1162,0.1331,0.1502,0.1663,0.1836,0.1999,0.217,0.2329,0.2501,0.2671,0.2837,0.2998,0.3169,0.333,0.3498,0.3667,0.3838,0.3999,0.417,0.4339,0.4498,0.4668,0.4831,0.4998,0.5166,0.5335,0.5499,0.5668,0.5837,0.6006,0.6175,0.6332,0.6502,0.6666,0.6837,0.7,0.7172,0.7336,0.7506,0.7668,0.7834,0.8005,0.8168,0.8338,0.8502,0.8671,0.8836,0.9003,0.9173,0.9345,0.9505,0.9675,0.9836,1.0005,1.0173,1.034,1.0508,1.0669,1.0835,1.1004,1.117,1.1343,1.1502,1.1675,1.1847,1.2004,1.2172,1.2341,1.2507,1.2675,1.2844,1.3005,1.3174,1.3344,1.3512,1.3673,1.3845,1.4005,1.4175,1.4343,1.4506,1.4675,1.4844,1.5007,1.5175,1.5344,1.5509,1.568,1.584,1.6009,1.6175,1.6344,1.6509,1.6679,1.6848,1.7008,1.7178,1.7345,1.7512,1.7677,1.7844,1.8011,1.8176,1.8346,1.8513,1.8675,1.8848,1.9011,1.9181,1.9347,1.951,1.9681,1.9847,2.0016,2.0177,2.0349,2.0512,2.0677,2.0846,2.1016,2.1178,2.135,2.1511,2.1684,2.1847,2.2014,2.2184,2.2347,2.252,2.2697,2.2844,2.3016,2.3184,2.3355,2.3516,2.3686,2.3846,2.4014,2.4183,2.4352,2.4514,2.4686,2.4856,2.5016,2.5185,2.5346,2.5517,2.5687,2.5847,2.6017,2.6188,2.6357,2.6518]","[1,1,1,1,1,1,1,1,1,1,1,1,1,1,1,1,1,1,1,1,1,1,1,1,1,1,1,1,1,1,1,1,1,1,1,1,1,1,1,1,1,1,1,1,1,1,1,1,1,1,1,1,1,1,1,1,1,1,1,1,1,1,1,1,1,1,1,1,1,1,1,1,1,1,1,1,1,1,1,1,1,1,1,1,1,1,1,1,1,1,1,1,1,1,1,1,1,1,1,1,1,1,1,1,1,1,1,1,1,1,1,1,2,2,2,2,2,2,2,2,2,2,2,2,2,2,2,2,2,2,2,2,2,2,2,2,2,2,2,2,2,2,2,2,2,2,2,2,2,2,2,2,2,2,2,2,2,2,2,2]",20,413.0593,4,139,0,139,0,1,229579,4,SV_73ADPjbMtd0KUBg,304,2022-03-02_15h06.07.165,implicit_time,2021.1.4,Linux x86_64,59.95563283
cursorjump,315,45,0.5,10,NA,0,NA,0,1,0.5,FALSE,rotation,1,"[0.002083,0.002083,0.002083,0.002083,0.002083,0.002083,0.002083,0.002083,0.002083,0.002083,0.002083,0.002083,0.002083,0.002083,0.002083,0.002083,0.002083,0.002083,0.002083,0.002083,0.002083,0.002083,0.002083,0.002083,0.002083,0.002083,0.002083,0.002083,0.002083,0.002083,0.002083,0.002083,0.002083,0.002083,0.002083,0.002083,0.002083,0.002083,0.002083,0.010417,0.01875,0.05,0.091667,0.139583,0.164583,0.220833,0.254167,0.325,0.4,0.46875,0.5,0.55625,0.583333,0.635417,0.6875,0.73125,0.747917,0.76875,0.785417,0.79375,0.8125,0.83125,0.839583,0.854167,0.8625,0.875,0.889583,0.895833,0.902083,0.90625,0.90625,0.90625,0.90625,0.90625,0.90625,0.90625,0.90625,0.90625,0.90625,0.90625,0.90625,0.9,0.8875,0.875,0.845833,0.829167,0.79375,0.754167,0.710417,0.683333,0.61875,0.585417,0.514583,0.445833,0.4125,0.347917,0.2875,0.260417,0.208333,0.166667,0.1375,0.127083,0.114583,0.110417,0.10625,0.10625,0.10625,0.108333,0.114583,0.11875,0.122917,0.125,0.120833,0.116667,0.102083,0.09375,0.079167,0.058333,0.03125,0.016667,-0.014583,-0.027083,-0.045833,-0.060417,-0.070833,-0.077083,-0.0875,-0.091667,-0.09375,-0.091667,-0.0875,-0.083333,-0.075,-0.072917,-0.070833,-0.070833,-0.070833,-0.070833,-0.070833,-0.070833,-0.070833,-0.070833,-0.070833,-0.06875,-0.06875,-0.06875,-0.066667,-0.066667,-0.064583,-0.060417,-0.05625,-0.05625,-0.060417,-0.064583,-0.066667,-0.072917,-0.075,-0.077083,-0.077083,-0.077083,-0.077083,-0.077083,-0.077083,-0.077083,-0.077083,-0.077083,-0.077083,-0.077083,-0.079167,-0.083333,-0.09375,-0.10625,-0.114583,-0.129167,-0.145833,-0.15625,-0.18125,-0.210417,-0.225,-0.252083,-0.272917,-0.28125,-0.297917,-0.316667,-0.327083,-0.347917,-0.366667,-0.375,-0.391667,-0.402083,-0.40625,-0.410417,-0.40625,-0.402083,-0.391667,-0.383333,-0.377083,-0.3625,-0.34375,-0.335417,-0.31875,-0.302083,-0.29375,-0.277083,-0.26875,-0.25,-0.233333,-0.216667,-0.208333,-0.191667,-0.18125,-0.164583,-0.15,-0.139583,-0.133333,-0.122917,-0.116667,-0.102083,-0.0875,-0.072917,-0.06875,-0.060417,-0.060417,-0.058333,-0.060417,-0.064583,-0.064583,-0.066667,-0.066667,-0.066667,-0.060417,-0.054167,-0.05,-0.04375,-0.041667,-0.0375,-0.03125,-0.025]","[0.02,0.02,0.02,0.02,0.02,0.02,0.02,0.02,0.02,0.02,0.02,0.02,0.02,0.02,0.02,0.02,0.02,0.02,0.02,0.02,0.02,0.02,0.02,0.02,0.02,0.02,0.02,0.02,0.02,0.02,0.02,0.02,0.02,0.02,0.02,0.02,0.02,0.02,0.02,0.023111,0.023111,0.029333,0.035556,0.035556,0.035556,0.026222,0.02,0.001333,-0.014222,-0.032889,-0.045333,-0.064,-0.073333,-0.092,-0.107556,-0.12,-0.123111,-0.129333,-0.135556,-0.138667,-0.144889,-0.151111,-0.154222,-0.160444,-0.163556,-0.172889,-0.188444,-0.194667,-0.210222,-0.219556,-0.219556,-0.222667,-0.222667,-0.222667,-0.222667,-0.222667,-0.222667,-0.222667,-0.222667,-0.222667,-0.222667,-0.222667,-0.216444,-0.210222,-0.194667,-0.185333,-0.172889,-0.163556,-0.160444,-0.157333,-0.154222,-0.154222,-0.160444,-0.172889,-0.179111,-0.197778,-0.213333,-0.219556,-0.235111,-0.256889,-0.275556,-0.281778,-0.281778,-0.281778,-0.278667,-0.272444,-0.269333,-0.263111,-0.256889,-0.253778,-0.250667,-0.250667,-0.26,-0.272444,-0.309778,-0.340889,-0.409333,-0.490222,-0.580444,-0.627111,-0.717333,-0.754667,-0.804444,-0.835556,-0.863556,-0.876,-0.900889,-0.907111,-0.913333,-0.913333,-0.913333,-0.913333,-0.916444,-0.919556,-0.922667,-0.925778,-0.925778,-0.925778,-0.925778,-0.925778,-0.925778,-0.925778,-0.932,-0.941333,-0.950667,-0.953778,-0.956889,-0.963111,-0.969333,-0.984889,-1.006667,-1.016,-1.034667,-1.053333,-1.062667,-1.081333,-1.087556,-1.087556,-1.087556,-1.087556,-1.087556,-1.087556,-1.087556,-1.087556,-1.087556,-1.087556,-1.087556,-1.087556,-1.084444,-1.081333,-1.065778,-1.040889,-1.025333,-0.981778,-0.922667,-0.894667,-0.835556,-0.776444,-0.748444,-0.695556,-0.639556,-0.617778,-0.577333,-0.54,-0.521333,-0.480889,-0.440444,-0.421778,-0.393778,-0.375111,-0.362667,-0.334667,-0.294222,-0.275556,-0.238222,-0.207111,-0.194667,-0.163556,-0.132444,-0.113778,-0.085778,-0.067111,-0.060889,-0.039111,-0.029778,-0.004889,0.013778,0.023111,0.026222,0.023111,0.02,0.010667,-0.001778,-0.017333,-0.026667,-0.039111,-0.042222,-0.045333,-0.045333,-0.048444,-0.051556,-0.057778,-0.057778,-0.057778,-0.060889,-0.064,-0.064,-0.064,-0.064,-0.060889,-0.054667,-0.048444,-0.045333,-0.042222,-0.042222,-0.039111,-0.032889,-0.026667]","[0.0002,0.0166,0.0335,0.0495,0.0668,0.0828,0.0996,0.1164,0.133,0.1499,0.1662,0.1832,0.1993,0.2162,0.2328,0.2498,0.2667,0.2835,0.2995,0.3165,0.3335,0.3495,0.3665,0.3836,0.3996,0.4166,0.4336,0.4497,0.4668,0.4829,0.5002,0.5172,0.5331,0.5502,0.567,0.5829,0.6,0.617,0.6339,0.6498,0.667,0.683,0.7,0.7168,0.7337,0.7507,0.7666,0.7837,0.7998,0.8168,0.8338,0.8509,0.8668,0.8837,0.9006,0.9168,0.934,0.9501,0.9674,0.9837,1.0007,1.0166,1.0334,1.0504,1.0668,1.0838,1.1007,1.1169,1.1341,1.1501,1.1672,1.1844,1.2005,1.2174,1.2335,1.2507,1.2669,1.2839,1.3007,1.3177,1.3339,1.3505,1.3677,1.3838,1.4007,1.4177,1.4337,1.4506,1.4677,1.4836,1.5007,1.5176,1.5339,1.5511,1.5673,1.5843,1.6011,1.6171,1.6342,1.6514,1.6676,1.6845,1.7006,1.7174,1.7345,1.7506,1.7678,1.7848,1.8009,1.8181,1.8342,1.8514,1.8677,1.8847,1.9008,1.9177,1.9349,1.951,1.9679,1.9847,2.0016,2.0175,2.0347,2.0509,2.0679,2.0848,2.101,2.118,2.135,2.1512,2.1683,2.1843,2.2011,2.2179,2.235,2.251,2.268,2.2848,2.3018,2.3179,2.3349,2.3511,2.3682,2.3846,2.4017,2.4186,2.4348,2.4516,2.4678,2.4847,2.5016,2.5186,2.5347,2.5516,2.568,2.5849,2.6018,2.6187,2.6346,2.6515,2.6683,2.6852,2.702,2.718,2.735,2.752,2.7681,2.785,2.802,2.8181,2.8352,2.8523,2.8684,2.8851,2.9022,2.9182,2.9353,2.9514,2.9683,2.9853,3.0022,3.0183,3.0353,3.0522,3.0691,3.085,3.1019,3.1189,3.1358,3.1517,3.1685,3.1855,3.2024,3.2184,3.2355,3.2524,3.2684,3.2853,3.3023,3.3183,3.3354,3.3524,3.3685,3.3854,3.4024,3.4192,3.4353,3.4522,3.4693,3.4853,3.502,3.5188,3.5357,3.5528,3.5686,3.5855,3.6025,3.6188,3.6357,3.6526,3.6694,3.6855,3.7026,3.7188,3.7358,3.753,3.769,3.7862,3.8022,3.819,3.8361,3.8531,3.8692,3.886,3.9024,3.9196,3.9357,3.9526]","[1,1,1,1,1,1,1,1,1,1,1,1,1,1,1,1,1,1,1,1,1,1,1,1,1,1,1,1,1,1,1,1,1,1,1,1,1,1,1,1,1,1,1,1,1,1,1,1,1,1,1,1,1,1,1,1,1,1,1,1,1,1,1,1,1,1,1,1,1,1,1,1,1,1,1,1,1,1,1,1,1,1,1,1,1,1,1,1,1,1,1,1,1,1,1,1,1,1,1,1,1,1,1,1,1,1,1,1,1,1,1,1,1,1,1,1,1,1,1,1,1,1,1,1,1,1,1,1,1,1,1,1,1,1,1,1,1,1,1,1,1,1,1,1,1,1,2,2,2,2,2,2,2,2,2,2,2,2,2,2,2,2,2,2,2,2,2,2,2,2,2,2,2,2,2,2,2,2,2,2,2,2,2,2,2,2,2,2,2,2,2,2,2,2,2,2,2,2,2,2,2,2,2,2,2,2,2,2,2,2,2,2,2,2,2,2,2,2,2,2,2,2,2,2,2,2,2,2,2,2,2,2,2,2,2,2,2,2]",20,417.529,4,140,0,140,0,1,229579,4,SV_73ADPjbMtd0KUBg,304,2022-03-02_15h06.07.165,implicit_time,2021.1.4,Linux x86_64,59.95563283
cursorjump,325,0,0,10,NA,0,NA,0,0,0.5,FALSE,rotation,0,"[0.00625,0.008333,0.010417,0.0125,0.014583,0.014583,0.014583,0.016667,0.016667,0.01875,0.01875,0.01875,0.020833,0.020833,0.020833,0.020833,0.020833,0.020833,0.020833,0.020833,0.020833,0.020833,0.020833,0.020833,0.020833,0.020833,0.020833,0.020833,0.020833,0.020833,0.022917,0.022917,0.025,0.025,0.029167,0.03125,0.0375,0.054167,0.064583,0.095833,0.1375,0.164583,0.227083,0.295833,0.360417,0.389583,0.4375,0.45625,0.485417,0.508333,0.516667,0.5375,0.560417,0.572917,0.59375,0.608333,0.6125,0.620833,0.629167,0.635417,0.652083,0.66875,0.691667,0.704167,0.739583,0.758333,0.79375,0.816667,0.825,0.825,0.825,0.825,0.822917,0.81875,0.810417,0.777083,0.716667,0.679167,0.602083,0.56875,0.502083,0.427083,0.352083,0.320833,0.275,0.258333,0.229167,0.204167,0.175,0.1625,0.139583,0.13125,0.120833,0.1125,0.10625,0.102083,0.09375,0.091667,0.089583,0.0875,0.085417,0.085417,0.08125,0.075,0.070833,0.0625,0.054167,0.05,0.04375,0.041667,0.033333]","[0.010667,0.013778,0.013778,0.016889,0.016889,0.016889,0.02,0.02,0.02,0.02,0.023111,0.023111,0.023111,0.023111,0.023111,0.023111,0.023111,0.023111,0.023111,0.023111,0.023111,0.023111,0.023111,0.023111,0.023111,0.023111,0.023111,0.023111,0.023111,0.023111,0.023111,0.023111,0.023111,0.023111,0.023111,0.023111,0.02,0.013778,0.004444,-0.023556,-0.057778,-0.079556,-0.123111,-0.172889,-0.232,-0.26,-0.316,-0.337778,-0.381333,-0.415556,-0.431111,-0.459111,-0.487111,-0.499556,-0.524444,-0.54,-0.546222,-0.558667,-0.571111,-0.580444,-0.602222,-0.617778,-0.636444,-0.648889,-0.676889,-0.692444,-0.720444,-0.736,-0.742222,-0.742222,-0.739111,-0.739111,-0.739111,-0.739111,-0.732889,-0.701778,-0.642667,-0.605333,-0.527556,-0.490222,-0.418667,-0.340889,-0.272444,-0.244444,-0.210222,-0.200889,-0.182222,-0.157333,-0.123111,-0.104444,-0.073333,-0.064,-0.051556,-0.039111,-0.023556,-0.011111,0.010667,0.02,0.029333,0.035556,0.038667,0.038667,0.041778,0.038667,0.038667,0.035556,0.032444,0.029333,0.026222,0.026222,0.023111]","[0.0001,0.0168,0.0338,0.0498,0.0667,0.0838,0.1007,0.1166,0.1335,0.1506,0.1664,0.1835,0.2006,0.2166,0.2336,0.2506,0.2665,0.2833,0.3002,0.3171,0.3333,0.3503,0.3674,0.3835,0.4006,0.4167,0.4341,0.4502,0.4673,0.4842,0.5001,0.5174,0.5334,0.5502,0.5672,0.5841,0.6003,0.6176,0.6336,0.6506,0.6671,0.6838,0.7009,0.717,0.734,0.7508,0.7671,0.7841,0.8006,0.8172,0.8337,0.8505,0.8677,0.8841,0.9006,0.9173,0.9337,0.9507,0.9676,0.9841,1.0006,1.0177,1.0341,1.0508,1.0673,1.0843,1.1007,1.118,1.1342,1.1507,1.1678,1.1841,1.2014,1.2175,1.2345,1.2509,1.2682,1.2844,1.3011,1.3175,1.3345,1.3507,1.368,1.3841,1.4015,1.4177,1.4347,1.4515,1.4685,1.4847,1.5018,1.5179,1.5347,1.5517,1.5676,1.5848,1.6019,1.6178,1.6347,1.6518,1.6679,1.6849,1.701,1.7181,1.7343,1.7514,1.7684,1.7846,1.8018,1.8178,1.8346]","[1,1,1,1,1,1,1,1,1,1,1,1,1,1,1,1,1,1,1,1,1,1,1,1,1,1,1,1,1,1,1,1,1,1,1,1,1,1,1,1,1,1,1,1,1,1,1,1,1,1,1,1,1,1,1,1,1,1,1,1,1,1,1,1,2,2,2,2,2,2,2,2,2,2,2,2,2,2,2,2,2,2,2,2,2,2,2,2,2,2,2,2,2,2,2,2,2,2,2,2,2,2,2,2,2,2,2,2,2,2,2]",20,419.8803,4,141,0,141,0,1,229579,4,SV_73ADPjbMtd0KUBg,304,2022-03-02_15h06.07.165,implicit_time,2021.1.4,Linux x86_64,59.95563283
cursorjump,225,45,0.5,10,NA,0,NA,0,1,0.5,FALSE,rotation,1,"[-0.004167,-0.004167,-0.004167,-0.004167,-0.004167,-0.004167,-0.004167,-0.004167,-0.004167,-0.004167,-0.002083,-0.002083,-0.002083,-0.002083,-0.002083,-0.002083,-0.002083,-0.002083,-0.002083,-0.002083,-0.002083,-0.002083,-0.002083,-0.002083,-0.002083,-0.002083,-0.002083,-0.002083,-0.002083,-0.002083,-0.002083,-0.002083,-0.002083,-0.002083,-0.002083,-0.002083,-0.002083,-0.002083,-0.002083,-0.002083,-0.002083,-0.002083,-0.004167,-0.00625,-0.014583,-0.022917,-0.025,-0.022917,-0.008333,0,0.01875,0.0375,0.052083,0.060417,0.08125,0.09375,0.116667,0.139583,0.158333,0.164583,0.175,0.179167,0.189583,0.2,0.210417,0.2125,0.216667,0.216667,0.21875,0.21875,0.21875,0.216667,0.210417,0.204167,0.185417,0.1625,0.15,0.116667,0.077083,0.052083,0.002083,-0.05,-0.072917,-0.116667,-0.152083,-0.16875,-0.191667,-0.204167,-0.210417,-0.216667,-0.220833,-0.225,-0.235417,-0.25,-0.2625,-0.291667,-0.329167,-0.352083,-0.402083,-0.460417,-0.491667,-0.552083,-0.608333,-0.635417,-0.69375,-0.75,-0.777083,-0.829167,-0.879167,-0.90625,-0.958333,-1.0125,-1.0375,-1.0875,-1.129167,-1.141667,-1.15,-1.147917,-1.147917,-1.147917,-1.15,-1.15,-1.152083,-1.15,-1.145833,-1.139583,-1.133333,-1.13125,-1.125,-1.11875,-1.114583,-1.108333,-1.10625,-1.104167,-1.1,-1.091667,-1.083333,-1.060417,-1.029167,-0.989583,-0.966667,-0.914583,-0.8875,-0.822917,-0.7875,-0.716667,-0.645833,-0.58125,-0.55,-0.4875,-0.454167,-0.3875,-0.320833,-0.2625,-0.2375,-0.195833,-0.177083,-0.147917,-0.125,-0.110417,-0.10625,-0.102083,-0.1,-0.1,-0.102083,-0.108333,-0.114583,-0.127083,-0.13125,-0.139583,-0.1375,-0.129167,-0.122917,-0.108333,-0.1,-0.083333,-0.064583,-0.045833,-0.039583,-0.029167,-0.022917,-0.020833,-0.020833,-0.020833,-0.025,-0.033333,-0.0375,-0.045833,-0.05,-0.052083,-0.052083,-0.054167,-0.052083,-0.052083,-0.047917,-0.041667,-0.039583]","[0.004444,0.004444,0.004444,0.004444,0.004444,0.004444,0.004444,0.004444,0.004444,0.004444,0.004444,0.004444,0.004444,0.004444,0.004444,0.004444,0.004444,0.004444,0.004444,0.004444,0.004444,0.004444,0.004444,0.004444,0.004444,0.004444,0.004444,0.004444,0.007556,0.007556,0.007556,0.007556,0.007556,0.007556,0.007556,0.007556,0.007556,0.007556,0.007556,0.007556,0.007556,0.004444,-0.004889,-0.014222,-0.039111,-0.073333,-0.116889,-0.141778,-0.197778,-0.232,-0.300444,-0.365778,-0.421778,-0.449778,-0.502667,-0.527556,-0.580444,-0.627111,-0.670667,-0.689333,-0.723556,-0.742222,-0.776444,-0.810667,-0.841778,-0.854222,-0.876,-0.885333,-0.900889,-0.910222,-0.916444,-0.916444,-0.910222,-0.904,-0.882222,-0.851111,-0.832444,-0.782667,-0.714222,-0.670667,-0.577333,-0.493333,-0.456,-0.393778,-0.337778,-0.312889,-0.266222,-0.235111,-0.228889,-0.219556,-0.216444,-0.219556,-0.222667,-0.232,-0.238222,-0.250667,-0.263111,-0.266222,-0.272444,-0.269333,-0.266222,-0.256889,-0.250667,-0.247556,-0.238222,-0.228889,-0.222667,-0.204,-0.188444,-0.182222,-0.172889,-0.169778,-0.166667,-0.163556,-0.154222,-0.151111,-0.141778,-0.132444,-0.126222,-0.116889,-0.107556,-0.098222,-0.092,-0.076444,-0.070222,-0.060889,-0.057778,-0.057778,-0.057778,-0.054667,-0.054667,-0.054667,-0.054667,-0.054667,-0.054667,-0.057778,-0.057778,-0.060889,-0.067111,-0.070222,-0.070222,-0.070222,-0.070222,-0.057778,-0.048444,-0.020444,0.013778,0.048,0.063556,0.094667,0.107111,0.135111,0.153778,0.172444,0.178667,0.194222,0.203556,0.228444,0.250222,0.265778,0.272,0.278222,0.278222,0.278222,0.272,0.262667,0.253333,0.231556,0.222222,0.200444,0.181778,0.166222,0.156889,0.132,0.119556,0.097778,0.082222,0.069778,0.063556,0.054222,0.044889,0.041778,0.038667,0.038667,0.038667,0.035556,0.032444,0.029333,0.026222,0.026222,0.026222,0.023111,0.02,0.013778,0.007556,0.001333,0.001333]","[0.0003,0.0168,0.0339,0.05,0.0667,0.0837,0.1002,0.1171,0.1334,0.1505,0.1673,0.1831,0.2002,0.217,0.2332,0.2503,0.2673,0.2835,0.3008,0.317,0.3341,0.3498,0.3668,0.3836,0.4007,0.4167,0.434,0.4501,0.4671,0.4842,0.5002,0.5174,0.5334,0.5503,0.5672,0.5841,0.6003,0.6175,0.6336,0.6504,0.6674,0.6842,0.7003,0.7172,0.734,0.751,0.7669,0.7842,0.8004,0.8176,0.8337,0.8508,0.867,0.8842,0.9003,0.9175,0.9337,0.9505,0.9674,0.9846,1.001,1.0172,1.0342,1.0511,1.0681,1.0842,1.1012,1.1172,1.1341,1.1512,1.1672,1.1843,1.2007,1.2178,1.234,1.2511,1.2674,1.2846,1.3009,1.3179,1.334,1.3509,1.3682,1.3844,1.4016,1.4177,1.4347,1.4517,1.4678,1.4849,1.501,1.5182,1.5344,1.5516,1.5676,1.5848,1.6009,1.6178,1.6346,1.6517,1.6679,1.685,1.7011,1.7181,1.735,1.7512,1.7683,1.7845,1.8016,1.8177,1.8349,1.8514,1.8686,1.8845,1.9017,1.9179,1.9347,1.9518,1.9678,1.9848,2.0017,2.0187,2.0345,2.0517,2.0688,2.0849,2.102,2.118,2.1351,2.1522,2.1684,2.1855,2.2016,2.2182,2.2356,2.2516,2.2685,2.2856,2.3018,2.3186,2.3348,2.3521,2.3689,2.3851,2.4023,2.4184,2.4354,2.4524,2.4686,2.4858,2.5019,2.519,2.5349,2.5519,2.5688,2.5849,2.6019,2.6189,2.6358,2.6517,2.6684,2.6853,2.7023,2.7192,2.7354,2.7525,2.7687,2.7859,2.802,2.8189,2.8351,2.8524,2.8685,2.8858,2.9018,2.9187,2.9358,2.952,2.9691,2.9854,3.0025,3.0187,3.0359,3.052,3.0693,3.086,3.1021,3.1193,3.1355,3.1527,3.1688,3.1857,3.2028,3.219,3.2362,3.2524,3.2694]","[1,1,1,1,1,1,1,1,1,1,1,1,1,1,1,1,1,1,1,1,1,1,1,1,1,1,1,1,1,1,1,1,1,1,1,1,1,1,1,1,1,1,1,1,1,1,1,1,1,1,1,1,1,1,1,1,1,1,1,1,1,1,1,1,1,1,1,1,1,1,1,1,1,1,1,1,1,1,1,1,1,1,1,1,1,1,1,1,1,1,1,1,1,1,1,1,1,1,1,1,1,1,1,1,1,1,1,1,1,1,2,2,2,2,2,2,2,2,2,2,2,2,2,2,2,2,2,2,2,2,2,2,2,2,2,2,2,2,2,2,2,2,2,2,2,2,2,2,2,2,2,2,2,2,2,2,2,2,2,2,2,2,2,2,2,2,2,2,2,2,2,2,2,2,2,2,2,2,2,2,2,2,2,2,2,2,2,2,2,2,2,2,2,2,2,2,2]",20,423.6671,4,142,0,142,0,1,229579,4,SV_73ADPjbMtd0KUBg,304,2022-03-02_15h06.07.165,implicit_time,2021.1.4,Linux x86_64,59.95563283
cursorjump,235,0,0,10,NA,0,NA,0,0,0.5,FALSE,rotation,0,"[0.008333,0.008333,0.008333,0.008333,0.008333,0.008333,0.008333,0.008333,0.008333,0.008333,0.008333,0.008333,0.008333,0.008333,0.008333,0.008333,0.008333,0.008333,0.008333,0.008333,0.008333,0.008333,0.008333,0.008333,0.008333,0.008333,0.008333,0.00625,0.002083,-0.0125,-0.035417,-0.064583,-0.08125,-0.116667,-0.135417,-0.172917,-0.214583,-0.252083,-0.26875,-0.297917,-0.3125,-0.3375,-0.360417,-0.383333,-0.391667,-0.4125,-0.422917,-0.441667,-0.4625,-0.483333,-0.491667,-0.510417,-0.520833,-0.539583,-0.55625,-0.5625,-0.575,-0.583333,-0.585417,-0.585417,-0.5875,-0.5875,-0.5875,-0.5875,-0.5875,-0.585417,-0.577083,-0.570833,-0.55625,-0.5375,-0.527083,-0.502083,-0.475,-0.458333,-0.422917,-0.385417,-0.364583,-0.325,-0.28125,-0.260417,-0.214583,-0.170833,-0.15,-0.114583,-0.0875,-0.077083,-0.05625,-0.039583,-0.033333,-0.022917,-0.014583,-0.0125,-0.00625,0,0.004167,0.010417,0.014583,0.014583,0.016667,0.01875,0.020833,0.027083,0.033333,0.033333,0.035417,0.035417,0.035417,0.033333,0.033333,0.033333]","[0.001333,0.001333,0.001333,0.001333,0.001333,0.001333,0.001333,0.001333,0.001333,0.001333,0.001333,0.001333,0.001333,0.001333,0.001333,0.001333,0.001333,0.001333,0.001333,0.001333,0.001333,0.001333,0.001333,0.001333,0.001333,0.001333,0.001333,-0.008,-0.017333,-0.048444,-0.085778,-0.126222,-0.148,-0.191556,-0.213333,-0.272444,-0.334667,-0.387556,-0.409333,-0.449778,-0.471556,-0.512,-0.552444,-0.589778,-0.605333,-0.633333,-0.645778,-0.676889,-0.708,-0.739111,-0.754667,-0.785778,-0.801333,-0.832444,-0.863556,-0.879111,-0.913333,-0.935111,-0.938222,-0.935111,-0.935111,-0.935111,-0.935111,-0.938222,-0.938222,-0.935111,-0.922667,-0.913333,-0.882222,-0.841778,-0.823111,-0.776444,-0.726667,-0.698667,-0.645778,-0.592889,-0.564889,-0.518222,-0.471556,-0.446667,-0.396889,-0.347111,-0.325333,-0.284889,-0.253778,-0.238222,-0.207111,-0.182222,-0.169778,-0.148,-0.132444,-0.126222,-0.113778,-0.104444,-0.098222,-0.088889,-0.085778,-0.085778,-0.082667,-0.079556,-0.076444,-0.070222,-0.064,-0.060889,-0.054667,-0.048444,-0.042222,-0.032889,-0.026667,-0.023556]","[0.0005,0.017,0.0331,0.05,0.0672,0.0832,0.1,0.1169,0.1329,0.1499,0.1669,0.1836,0.2005,0.2167,0.2338,0.2499,0.2671,0.2841,0.3002,0.3174,0.3335,0.3506,0.3664,0.3834,0.4006,0.4166,0.4337,0.4499,0.467,0.4839,0.5001,0.5174,0.5335,0.5508,0.5671,0.5837,0.6009,0.6171,0.6336,0.65,0.6669,0.6839,0.7005,0.7171,0.7336,0.7507,0.767,0.7842,0.8005,0.8169,0.8341,0.8502,0.8671,0.8841,0.9003,0.9176,0.9338,0.9504,0.9675,0.9838,1.0008,1.0173,1.0344,1.0504,1.0674,1.0845,1.1006,1.1171,1.1341,1.151,1.1673,1.1845,1.2006,1.2177,1.2337,1.2507,1.2673,1.2844,1.3009,1.3174,1.3345,1.3507,1.3678,1.3839,1.4011,1.4173,1.4344,1.4513,1.4674,1.4847,1.5008,1.518,1.534,1.5508,1.5678,1.5848,1.601,1.618,1.6344,1.6513,1.6676,1.6847,1.7008,1.7178,1.7347,1.7515,1.7674,1.7844,1.8016,1.8177]","[1,1,1,1,1,1,1,1,1,1,1,1,1,1,1,1,1,1,1,1,1,1,1,1,1,1,1,1,1,1,1,1,1,1,1,1,1,1,1,1,1,1,1,1,1,1,1,1,1,1,1,1,1,2,2,2,2,2,2,2,2,2,2,2,2,2,2,2,2,2,2,2,2,2,2,2,2,2,2,2,2,2,2,2,2,2,2,2,2,2,2,2,2,2,2,2,2,2,2,2,2,2,2,2,2,2,2,2,2,2]",20,426.0015,4,143,0,143,0,1,229579,4,SV_73ADPjbMtd0KUBg,304,2022-03-02_15h06.07.165,implicit_time,2021.1.4,Linux x86_64,59.95563283
cursorjump,225,45,0.5,10,NA,0,NA,0,1,0.5,FALSE,rotation,1,"[-0.004167,-0.004167,-0.004167,-0.004167,-0.004167,-0.004167,-0.004167,-0.004167,-0.004167,-0.004167,-0.004167,-0.004167,-0.004167,-0.004167,-0.004167,-0.004167,-0.004167,-0.004167,-0.004167,-0.004167,-0.004167,-0.004167,-0.004167,-0.004167,-0.004167,-0.004167,-0.004167,-0.004167,-0.004167,-0.004167,-0.004167,-0.004167,-0.004167,-0.004167,-0.004167,-0.00625,-0.010417,-0.0125,-0.020833,-0.035417,-0.060417,-0.075,-0.108333,-0.14375,-0.160417,-0.2,-0.24375,-0.266667,-0.310417,-0.333333,-0.38125,-0.43125,-0.458333,-0.50625,-0.554167,-0.602083,-0.625,-0.66875,-0.689583,-0.729167,-0.7625,-0.795833,-0.8125,-0.839583,-0.852083,-0.870833,-0.883333,-0.885417,-0.885417,-0.883333,-0.883333,-0.883333,-0.877083,-0.866667,-0.860417,-0.845833,-0.835417,-0.816667,-0.79375,-0.7625,-0.745833,-0.708333,-0.6875,-0.64375,-0.602083,-0.554167,-0.53125,-0.479167,-0.452083,-0.4,-0.347917,-0.3,-0.277083,-0.229167,-0.20625,-0.164583,-0.13125,-0.108333,-0.1,-0.085417,-0.079167,-0.066667,-0.054167,-0.047917,-0.045833,-0.04375,-0.039583,-0.029167,-0.020833,-0.014583,-0.014583,-0.01875,-0.020833,-0.027083,-0.033333,-0.045833,-0.05,-0.058333,-0.060417,-0.058333,-0.054167,-0.05,-0.04375,-0.039583,-0.039583,-0.0375,-0.0375,-0.0375,-0.0375,-0.0375,-0.0375,-0.0375,-0.033333,-0.03125,-0.022917,-0.014583]","[0.001333,0.001333,0.001333,0.001333,0.001333,0.001333,0.001333,0.001333,0.001333,0.001333,0.001333,0.001333,0.001333,0.001333,0.001333,0.001333,0.001333,0.001333,0.001333,0.001333,0.001333,0.001333,0.001333,0.001333,0.001333,0.001333,0.001333,0.001333,0.001333,0.001333,0.001333,0.001333,0.001333,0.001333,0.001333,0.001333,0.004444,0.007556,0.010667,0.02,0.032444,0.038667,0.060444,0.091556,0.107111,0.144444,0.178667,0.197333,0.237778,0.256444,0.290667,0.321778,0.334222,0.365333,0.393333,0.418222,0.433778,0.461778,0.474222,0.502222,0.533333,0.564444,0.58,0.611111,0.623556,0.651556,0.670222,0.676444,0.676444,0.676444,0.676444,0.679556,0.685778,0.692,0.692,0.692,0.688889,0.682667,0.673333,0.660889,0.654667,0.636,0.623556,0.601778,0.576889,0.548889,0.536444,0.511556,0.502222,0.480444,0.461778,0.443111,0.44,0.433778,0.430667,0.427556,0.424444,0.421333,0.421333,0.421333,0.421333,0.415111,0.405778,0.384,0.374667,0.352889,0.340444,0.318667,0.290667,0.259556,0.244,0.219111,0.209778,0.194222,0.175556,0.156889,0.147556,0.128889,0.119556,0.107111,0.091556,0.085333,0.069778,0.060444,0.057333,0.057333,0.057333,0.057333,0.057333,0.057333,0.057333,0.054222,0.051111,0.048,0.038667,0.023111]","[0.0003,0.017,0.0333,0.0506,0.0666,0.0836,0.1007,0.1169,0.134,0.15,0.1668,0.1836,0.2008,0.2171,0.2342,0.2503,0.2672,0.2841,0.3002,0.3172,0.3332,0.3505,0.3677,0.3837,0.4009,0.417,0.4338,0.4507,0.4677,0.4836,0.5005,0.5175,0.5343,0.5512,0.5673,0.584,0.6009,0.6172,0.6341,0.6509,0.6678,0.6837,0.7006,0.7176,0.7337,0.7506,0.7675,0.7844,0.8013,0.8174,0.8346,0.8506,0.8675,0.8846,0.9008,0.9179,0.934,0.9508,0.9677,0.9849,1.0009,1.0181,1.0342,1.0511,1.068,1.0842,1.1013,1.1175,1.1345,1.1515,1.1675,1.1846,1.2008,1.2179,1.2348,1.2508,1.2681,1.2842,1.3014,1.3175,1.3344,1.3514,1.3683,1.3844,1.4016,1.4178,1.4348,1.4517,1.4687,1.4848,1.502,1.5181,1.5351,1.5511,1.5681,1.5848,1.6019,1.618,1.635,1.6521,1.6682,1.6846,1.7014,1.7183,1.7352,1.7521,1.7679,1.785,1.8021,1.818,1.8349,1.8518,1.869,1.885,1.9019,1.9181,1.9353,1.9516,1.9687,1.985,2.002,2.0182,2.0351,2.052,2.0683,2.0855,2.1016,2.1188,2.1357,2.1518,2.1689,2.1852,2.2021,2.2189,2.2352,2.2523]","[1,1,1,1,1,1,1,1,1,1,1,1,1,1,1,1,1,1,1,1,1,1,1,1,1,1,1,1,1,1,1,1,1,1,1,1,1,1,1,1,1,1,1,1,1,1,1,1,1,1,1,1,1,1,1,1,1,1,1,1,1,2,2,2,2,2,2,2,2,2,2,2,2,2,2,2,2,2,2,2,2,2,2,2,2,2,2,2,2,2,2,2,2,2,2,2,2,2,2,2,2,2,2,2,2,2,2,2,2,2,2,2,2,2,2,2,2,2,2,2,2,2,2,2,2,2,2,2,2,2,2,2,2,2,2,2]",20,428.7728,4,144,0,144,0,1,229579,4,SV_73ADPjbMtd0KUBg,304,2022-03-02_15h06.07.165,implicit_time,2021.1.4,Linux x86_64,59.95563283
cursorjump,235,0,0,10,NA,0,NA,0,0,0.5,FALSE,rotation,0,"[-0.00625,-0.00625,-0.008333,-0.008333,-0.008333,-0.008333,-0.008333,-0.008333,-0.008333,-0.008333,-0.008333,-0.008333,-0.008333,-0.008333,-0.008333,-0.008333,-0.008333,-0.008333,-0.008333,-0.008333,-0.008333,-0.008333,-0.008333,-0.008333,-0.008333,-0.008333,-0.008333,-0.008333,-0.010417,-0.010417,-0.016667,-0.025,-0.039583,-0.05,-0.070833,-0.08125,-0.10625,-0.13125,-0.158333,-0.170833,-0.2,-0.214583,-0.24375,-0.275,-0.304167,-0.320833,-0.352083,-0.366667,-0.395833,-0.422917,-0.447917,-0.458333,-0.479167,-0.491667,-0.510417,-0.527083,-0.541667,-0.55,-0.560417,-0.564583,-0.570833,-0.572917,-0.572917,-0.572917,-0.572917,-0.572917,-0.570833,-0.56875,-0.564583,-0.5625,-0.55625,-0.552083,-0.539583,-0.522917,-0.497917,-0.483333,-0.452083,-0.433333,-0.395833,-0.354167,-0.30625,-0.283333,-0.2375,-0.21875,-0.18125,-0.154167,-0.13125,-0.120833,-0.104167,-0.091667,-0.0875,-0.079167,-0.070833,-0.06875,-0.0625,-0.060417,-0.058333,-0.058333,-0.05625,-0.054167,-0.052083,-0.047917,-0.045833,-0.04375,-0.041667,-0.0375,-0.029167,-0.020833,-0.014583,-0.00625,-0.002083,0.002083,0.00625,0.008333,0.010417]","[-0.001778,0.001333,0.007556,0.010667,0.013778,0.016889,0.016889,0.016889,0.016889,0.016889,0.016889,0.016889,0.016889,0.016889,0.016889,0.016889,0.016889,0.016889,0.016889,0.016889,0.016889,0.016889,0.016889,0.016889,0.016889,0.013778,0.010667,0.007556,0.001333,-0.004889,-0.017333,-0.032889,-0.057778,-0.070222,-0.095111,-0.110667,-0.144889,-0.185333,-0.228889,-0.256889,-0.309778,-0.340889,-0.393778,-0.443556,-0.493333,-0.518222,-0.571111,-0.592889,-0.639556,-0.68,-0.717333,-0.732889,-0.767111,-0.782667,-0.813778,-0.841778,-0.866667,-0.879111,-0.904,-0.916444,-0.938222,-0.944444,-0.944444,-0.944444,-0.944444,-0.944444,-0.944444,-0.938222,-0.932,-0.925778,-0.910222,-0.900889,-0.872889,-0.829333,-0.779556,-0.754667,-0.701778,-0.676889,-0.627111,-0.577333,-0.527556,-0.505778,-0.462222,-0.443556,-0.409333,-0.378222,-0.347111,-0.331556,-0.303556,-0.275556,-0.266222,-0.241333,-0.219556,-0.210222,-0.191556,-0.185333,-0.179111,-0.176,-0.172889,-0.169778,-0.166667,-0.163556,-0.160444,-0.151111,-0.148,-0.138667,-0.126222,-0.107556,-0.098222,-0.079556,-0.073333,-0.060889,-0.054667,-0.045333,-0.039111]","[0.0004,0.0168,0.0331,0.05,0.067,0.0833,0.0999,0.1164,0.1335,0.1496,0.167,0.1834,0.1996,0.2166,0.2331,0.2502,0.2667,0.2832,0.3003,0.3167,0.3338,0.3502,0.3669,0.3833,0.4001,0.4172,0.4336,0.4504,0.467,0.4835,0.5002,0.5174,0.5336,0.5502,0.5668,0.5837,0.6001,0.6172,0.6339,0.6504,0.6674,0.6839,0.7005,0.7171,0.7337,0.7506,0.767,0.784,0.8003,0.817,0.8337,0.8506,0.8673,0.8842,0.9008,0.9175,0.9341,0.9509,0.9675,0.9843,1.0009,1.0173,1.0341,1.0506,1.0677,1.0841,1.101,1.1182,1.1342,1.1511,1.1678,1.1845,1.2009,1.2177,1.2346,1.251,1.2682,1.2848,1.3013,1.3179,1.3345,1.3514,1.3682,1.3845,1.4009,1.4178,1.4347,1.4517,1.4682,1.4848,1.5014,1.5181,1.5349,1.5515,1.5681,1.5843,1.6011,1.618,1.6349,1.6515,1.6682,1.6846,1.7015,1.7184,1.7351,1.7515,1.7683,1.7848,1.8015,1.8181,1.8348,1.8515,1.8681,1.885,1.9018]","[1,1,1,1,1,1,1,1,1,1,1,1,1,1,1,1,1,1,1,1,1,1,1,1,1,1,1,1,1,1,1,1,1,1,1,1,1,1,1,1,1,1,1,1,1,1,1,1,1,1,1,1,1,1,2,2,2,2,2,2,2,2,2,2,2,2,2,2,2,2,2,2,2,2,2,2,2,2,2,2,2,2,2,2,2,2,2,2,2,2,2,2,2,2,2,2,2,2,2,2,2,2,2,2,2,2,2,2,2,2,2,2,2,2,2]",20,431.1898,4,145,0,145,0,1,229579,4,SV_73ADPjbMtd0KUBg,304,2022-03-02_15h06.07.165,implicit_time,2021.1.4,Linux x86_64,59.95563283
cursorjump,315,45,0.5,10,NA,0,NA,0,1,0.5,FALSE,rotation,1,"[0.008333,0.008333,0.008333,0.008333,0.008333,0.008333,0.008333,0.008333,0.008333,0.008333,0.008333,0.008333,0.010417,0.010417,0.010417,0.010417,0.010417,0.010417,0.010417,0.008333,0.008333,0.008333,0.008333,0.010417,0.010417,0.010417,0.010417,0.0125,0.016667,0.020833,0.025,0.027083,0.029167,0.03125,0.03125,0.03125,0.03125,0.03125,0.03125,0.0375,0.04375,0.066667,0.097917,0.1125,0.15,0.191667,0.21875,0.277083,0.341667,0.375,0.435417,0.497917,0.527083,0.589583,0.647917,0.675,0.729167,0.779167,0.802083,0.85,0.895833,0.91875,0.958333,0.997917,1.014583,1.047917,1.072917,1.079167,1.083333,1.083333,1.083333,1.083333,1.085417,1.085417,1.089583,1.089583,1.089583,1.083333,1.077083,1.072917,1.0625,1.045833,1.033333,1.008333,0.98125,0.96875,0.945833,0.914583,0.89375,0.845833,0.816667,0.75625,0.695833,0.641667,0.616667,0.56875,0.545833,0.497917,0.452083,0.414583,0.397917,0.370833,0.358333,0.3375,0.320833,0.310417,0.304167,0.295833,0.291667,0.279167,0.264583,0.24375,0.23125,0.204167,0.189583,0.166667,0.14375,0.127083,0.11875,0.110417,0.110417,0.1125,0.116667,0.11875,0.116667,0.114583,0.1125,0.10625,0.095833,0.08125,0.072917,0.060417,0.054167,0.045833,0.039583,0.033333]","[0.001333,0.001333,0.001333,0.001333,0.001333,0.001333,0.001333,0.001333,0.001333,0.001333,0.001333,0.001333,0.001333,0.001333,0.001333,0.001333,0.001333,0.001333,0.001333,0.001333,0.001333,0.001333,0.001333,0.001333,0.001333,0.001333,0.001333,0.001333,-0.001778,-0.004889,-0.011111,-0.011111,-0.014222,-0.017333,-0.017333,-0.017333,-0.017333,-0.017333,-0.017333,-0.014222,-0.011111,0.001333,0.013778,0.02,0.032444,0.041778,0.048,0.063556,0.085333,0.097778,0.116444,0.135111,0.144444,0.156889,0.166222,0.169333,0.178667,0.184889,0.184889,0.184889,0.188,0.188,0.191111,0.194222,0.200444,0.209778,0.216,0.216,0.219111,0.219111,0.219111,0.219111,0.216,0.212889,0.200444,0.188,0.184889,0.178667,0.172444,0.172444,0.166222,0.163111,0.163111,0.163111,0.16,0.16,0.156889,0.144444,0.138222,0.116444,0.104,0.079111,0.054222,0.032444,0.02,-0.004889,-0.020444,-0.048444,-0.079556,-0.104444,-0.116889,-0.135556,-0.144889,-0.160444,-0.169778,-0.179111,-0.179111,-0.182222,-0.185333,-0.188444,-0.191556,-0.194667,-0.194667,-0.191556,-0.188444,-0.176,-0.166667,-0.154222,-0.148,-0.132444,-0.123111,-0.107556,-0.092,-0.082667,-0.076444,-0.067111,-0.060889,-0.051556,-0.039111,-0.032889,-0.029778,-0.026667,-0.023556,-0.020444,-0.017333,-0.017333]","[0.0009,0.0166,0.0332,0.0498,0.0664,0.0831,0.0999,0.1159,0.1327,0.1491,0.1661,0.1831,0.2002,0.216,0.2328,0.2495,0.2662,0.2827,0.2999,0.3167,0.333,0.3496,0.366,0.3833,0.4002,0.4159,0.4326,0.4496,0.4666,0.4834,0.4996,0.5165,0.5331,0.5498,0.5669,0.5836,0.5994,0.6159,0.6335,0.6503,0.6671,0.6835,0.6994,0.7161,0.733,0.7499,0.7667,0.784,0.7998,0.8165,0.8331,0.8498,0.8667,0.8838,0.8996,0.9165,0.9331,0.9501,0.9672,0.9833,1.0002,1.0169,1.0331,1.0496,1.0667,1.0836,1.1006,1.1171,1.1332,1.1498,1.1662,1.1835,1.2002,1.2171,1.2335,1.2503,1.267,1.2835,1.3001,1.3167,1.3337,1.3501,1.3669,1.3837,1.4003,1.4169,1.4335,1.4503,1.4674,1.4841,1.5,1.5169,1.534,1.5506,1.5673,1.584,1.6008,1.6173,1.634,1.6506,1.6672,1.684,1.7007,1.7174,1.7341,1.7509,1.7675,1.7842,1.801,1.8174,1.8338,1.8504,1.8675,1.8839,1.9004,1.9172,1.9343,1.9504,1.9676,1.9841,2.0008,2.0175,2.0342,2.051,2.0676,2.0842,2.1008,2.1176,2.1346,2.1505,2.1671,2.1838,2.2006,2.2175,2.2341,2.2512]","[1,1,1,1,1,1,1,1,1,1,1,1,1,1,1,1,1,1,1,1,1,1,1,1,1,1,1,1,1,1,1,1,1,1,1,1,1,1,1,1,1,1,1,1,1,1,1,1,1,1,1,1,1,1,1,1,1,1,1,1,1,1,2,2,2,2,2,2,2,2,2,2,2,2,2,2,2,2,2,2,2,2,2,2,2,2,2,2,2,2,2,2,2,2,2,2,2,2,2,2,2,2,2,2,2,2,2,2,2,2,2,2,2,2,2,2,2,2,2,2,2,2,2,2,2,2,2,2,2,2,2,2,2,2,2,2]",20,433.9587,4,146,0,146,0,1,229579,4,SV_73ADPjbMtd0KUBg,304,2022-03-02_15h06.07.165,implicit_time,2021.1.4,Linux x86_64,59.95563283
cursorjump,305,0,0,10,NA,0,NA,0,0,0.5,FALSE,rotation,0,"[-0.002083,-0.002083,-0.002083,-0.002083,-0.002083,-0.004167,-0.004167,-0.004167,-0.004167,-0.004167,-0.004167,-0.004167,-0.004167,-0.004167,-0.004167,-0.004167,-0.004167,-0.004167,-0.004167,-0.004167,-0.002083,-0.002083,0,0,0.002083,0.002083,0.004167,0.004167,0.00625,0.008333,0.010417,0.0125,0.0125,0.014583,0.014583,0.016667,0.01875,0.025,0.03125,0.035417,0.041667,0.045833,0.05,0.05625,0.060417,0.064583,0.072917,0.079167,0.09375,0.114583,0.141667,0.15625,0.189583,0.20625,0.24375,0.2875,0.333333,0.358333,0.404167,0.425,0.45625,0.479167,0.4875,0.497917,0.508333,0.5125,0.522917,0.533333,0.539583,0.552083,0.566667,0.575,0.585417,0.5875,0.589583,0.5875,0.5875,0.5875,0.5875,0.5875,0.5875,0.585417,0.572917,0.558333,0.522917,0.479167,0.45625,0.4125,0.360417,0.33125,0.277083,0.2375,0.222917,0.195833,0.172917,0.160417,0.135417,0.116667,0.108333,0.095833,0.0875,0.083333,0.077083,0.070833,0.06875,0.066667,0.064583,0.064583,0.064583,0.064583,0.064583,0.0625,0.058333,0.058333,0.054167,0.05,0.047917,0.04375,0.041667,0.041667,0.039583]","[-0.011111,-0.011111,-0.011111,-0.011111,-0.008,-0.008,-0.004889,-0.004889,-0.004889,-0.001778,-0.001778,-0.001778,-0.001778,-0.001778,-0.001778,-0.001778,-0.001778,-0.001778,-0.001778,-0.001778,-0.001778,-0.001778,-0.001778,-0.001778,-0.001778,-0.001778,-0.001778,-0.001778,-0.001778,-0.001778,0.001333,0.001333,0.001333,0.001333,0.001333,0.001333,0.004444,0.001333,0.001333,0.001333,-0.001778,-0.001778,-0.001778,-0.004889,-0.008,-0.008,-0.017333,-0.023556,-0.048444,-0.085778,-0.138667,-0.172889,-0.244444,-0.281778,-0.365778,-0.449778,-0.527556,-0.564889,-0.627111,-0.655111,-0.701778,-0.736,-0.751556,-0.779556,-0.807556,-0.82,-0.841778,-0.857333,-0.866667,-0.885333,-0.910222,-0.922667,-0.938222,-0.944444,-0.944444,-0.944444,-0.944444,-0.944444,-0.944444,-0.944444,-0.944444,-0.938222,-0.916444,-0.900889,-0.854222,-0.798222,-0.767111,-0.698667,-0.617778,-0.574222,-0.480889,-0.403111,-0.372,-0.325333,-0.278667,-0.256889,-0.207111,-0.172889,-0.160444,-0.144889,-0.135556,-0.129333,-0.113778,-0.101333,-0.095111,-0.085778,-0.082667,-0.082667,-0.079556,-0.070222,-0.067111,-0.057778,-0.048444,-0.042222,-0.029778,-0.017333,-0.011111,-0.001778,0.001333,0.001333,-0.001778]","[0.0008,0.0157,0.0326,0.0493,0.0666,0.0826,0.0997,0.1157,0.1323,0.1492,0.1661,0.1827,0.1992,0.2158,0.2324,0.249,0.2659,0.2827,0.2992,0.3158,0.3326,0.3496,0.3668,0.3828,0.3994,0.4162,0.433,0.4497,0.4662,0.4828,0.4995,0.5161,0.533,0.55,0.5659,0.5828,0.5995,0.6162,0.6329,0.6498,0.6665,0.6831,0.7001,0.7162,0.7332,0.7501,0.7668,0.7831,0.7998,0.8167,0.8336,0.8496,0.8666,0.8835,0.9004,0.9163,0.9332,0.9499,0.9664,0.9832,1,1.0171,1.033,1.0501,1.0668,1.0837,1.0999,1.117,1.1333,1.1505,1.1664,1.1833,1.2003,1.2173,1.2332,1.2499,1.2668,1.284,1.3002,1.3172,1.3331,1.3507,1.3672,1.3837,1.4003,1.4172,1.4344,1.4505,1.4673,1.4843,1.5004,1.5176,1.5337,1.5505,1.5674,1.5843,1.6002,1.6174,1.6334,1.6505,1.6672,1.6842,1.7006,1.7175,1.7343,1.7507,1.7676,1.7844,1.8003,1.8174,1.8343,1.8509,1.8678,1.8839,1.901,1.9183,1.934,1.9507,1.9675,1.9843,2.0004]","[1,1,1,1,1,1,1,1,1,1,1,1,1,1,1,1,1,1,1,1,1,1,1,1,1,1,1,1,1,1,1,1,1,1,1,1,1,1,1,1,1,1,1,1,1,1,1,1,1,1,1,1,1,1,1,1,1,1,1,1,1,1,1,1,1,2,2,2,2,2,2,2,2,2,2,2,2,2,2,2,2,2,2,2,2,2,2,2,2,2,2,2,2,2,2,2,2,2,2,2,2,2,2,2,2,2,2,2,2,2,2,2,2,2,2,2,2,2,2,2,2]",20,436.4768,4,147,0,147,0,1,229579,4,SV_73ADPjbMtd0KUBg,304,2022-03-02_15h06.07.165,implicit_time,2021.1.4,Linux x86_64,59.95563283
cursorjump,45,45,0.5,10,NA,0,NA,0,1,0.5,FALSE,rotation,1,"[0.01875,0.01875,0.01875,0.01875,0.01875,0.01875,0.01875,0.01875,0.01875,0.01875,0.01875,0.01875,0.020833,0.020833,0.020833,0.020833,0.020833,0.020833,0.020833,0.020833,0.020833,0.020833,0.020833,0.020833,0.020833,0.020833,0.020833,0.020833,0.020833,0.020833,0.020833,0.020833,0.020833,0.020833,0.020833,0.020833,0.020833,0.020833,0.020833,0.022917,0.025,0.03125,0.041667,0.05,0.075,0.09375,0.139583,0.191667,0.247917,0.277083,0.339583,0.372917,0.441667,0.50625,0.535417,0.5875,0.6375,0.660417,0.708333,0.752083,0.772917,0.810417,0.84375,0.877083,0.895833,0.9375,0.958333,0.997917,1.03125,1.04375,1.066667,1.079167,1.08125,1.08125,1.08125,1.08125,1.08125,1.08125,1.08125,1.08125,1.08125,1.08125,1.08125,1.079167,1.079167,1.072917,1.058333,1.029167,1.0125,0.96875,0.94375,0.891667,0.835417,0.80625,0.747917,0.691667,0.664583,0.610417,0.558333,0.535417,0.49375,0.460417,0.447917,0.43125,0.41875,0.410417,0.40625,0.395833,0.389583,0.375,0.35625,0.33125,0.314583,0.28125,0.266667,0.2375,0.210417,0.1875,0.177083,0.160417,0.154167,0.14375,0.141667,0.139583,0.135417,0.129167,0.125,0.1125,0.10625,0.095833,0.085417,0.077083,0.070833,0.0625,0.058333,0.05,0.04375,0.035417]","[-0.004889,-0.004889,-0.004889,-0.004889,-0.004889,-0.004889,-0.004889,-0.004889,-0.004889,-0.004889,-0.004889,-0.001778,-0.001778,0.001333,0.001333,0.001333,0.001333,0.001333,0.001333,0.004444,0.004444,0.004444,0.004444,0.004444,0.004444,0.004444,0.004444,0.004444,0.004444,0.004444,0.004444,0.004444,0.004444,0.004444,0.004444,0.004444,0.004444,0.004444,0.004444,0.004444,0.007556,0.007556,0.010667,0.010667,0.013778,0.016889,0.023111,0.029333,0.041778,0.051111,0.066667,0.072889,0.085333,0.091556,0.091556,0.094667,0.100889,0.100889,0.107111,0.113333,0.116444,0.125778,0.135111,0.147556,0.153778,0.163111,0.169333,0.178667,0.184889,0.188,0.197333,0.203556,0.206667,0.203556,0.203556,0.203556,0.203556,0.203556,0.203556,0.203556,0.203556,0.203556,0.206667,0.206667,0.203556,0.203556,0.203556,0.203556,0.200444,0.194222,0.188,0.169333,0.147556,0.135111,0.113333,0.091556,0.082222,0.063556,0.048,0.041778,0.035556,0.029333,0.029333,0.029333,0.029333,0.029333,0.029333,0.029333,0.029333,0.029333,0.023111,0.010667,0.001333,-0.020444,-0.029778,-0.045333,-0.054667,-0.060889,-0.064,-0.064,-0.064,-0.060889,-0.057778,-0.045333,-0.032889,-0.023556,-0.020444,-0.014222,-0.014222,-0.008,-0.001778,0.001333,0.004444,0.007556,0.007556,0.007556,0.010667,0.007556]","[0.0007,0.0174,0.0334,0.0497,0.0665,0.0835,0.1001,0.1167,0.1332,0.1494,0.1668,0.1833,0.2,0.2166,0.2334,0.2501,0.2669,0.2835,0.3001,0.3167,0.3332,0.35,0.3669,0.3833,0.3995,0.417,0.4339,0.4499,0.4666,0.4833,0.5002,0.5166,0.5334,0.5502,0.5669,0.5835,0.5998,0.6173,0.634,0.6509,0.6675,0.6833,0.7009,0.7174,0.7342,0.7509,0.7669,0.7841,0.8007,0.8175,0.8341,0.851,0.8674,0.8841,0.9008,0.9175,0.9343,0.9512,0.9669,0.9846,1.0011,1.0178,1.0337,1.0513,1.0678,1.0847,1.1012,1.1181,1.1343,1.1509,1.1677,1.1847,1.2017,1.2174,1.2348,1.2507,1.2674,1.2842,1.301,1.3177,1.3342,1.351,1.3676,1.3846,1.4016,1.4179,1.4346,1.4515,1.4679,1.4848,1.5015,1.5181,1.5352,1.5507,1.5685,1.584,1.6008,1.6179,1.635,1.651,1.6677,1.6846,1.7011,1.7177,1.7347,1.7515,1.7681,1.7847,1.8014,1.8181,1.8352,1.8521,1.8688,1.8846,1.9013,1.9184,1.9352,1.952,1.9687,1.9846,2.0014,2.018,2.0348,2.0514,2.0681,2.0847,2.1013,2.1177,2.1346,2.1513,2.168,2.1847,2.2014,2.218,2.2346,2.2512,2.2682,2.2848]","[1,1,1,1,1,1,1,1,1,1,1,1,1,1,1,1,1,1,1,1,1,1,1,1,1,1,1,1,1,1,1,1,1,1,1,1,1,1,1,1,1,1,1,1,1,1,1,1,1,1,1,1,1,1,1,1,1,1,1,1,1,1,1,1,1,1,2,2,2,2,2,2,2,2,2,2,2,2,2,2,2,2,2,2,2,2,2,2,2,2,2,2,2,2,2,2,2,2,2,2,2,2,2,2,2,2,2,2,2,2,2,2,2,2,2,2,2,2,2,2,2,2,2,2,2,2,2,2,2,2,2,2,2,2,2,2,2,2]",30,439.2786,4,148,0,148,0,1,229579,4,SV_73ADPjbMtd0KUBg,304,2022-03-02_15h06.07.165,implicit_time,2021.1.4,Linux x86_64,59.95563283
cursorjump,55,0,0,10,NA,0,NA,0,0,0.5,FALSE,rotation,0,"[-0.004167,-0.004167,-0.004167,-0.004167,-0.004167,-0.004167,-0.004167,-0.004167,-0.004167,-0.004167,-0.004167,-0.004167,-0.004167,-0.004167,-0.004167,-0.004167,-0.004167,-0.004167,-0.004167,-0.004167,-0.004167,-0.004167,-0.004167,-0.004167,-0.004167,-0.004167,-0.002083,0,0.004167,0.008333,0.020833,0.035417,0.052083,0.060417,0.070833,0.077083,0.083333,0.091667,0.1,0.10625,0.122917,0.135417,0.164583,0.202083,0.245833,0.26875,0.314583,0.3375,0.383333,0.43125,0.470833,0.489583,0.522917,0.539583,0.570833,0.6,0.629167,0.64375,0.677083,0.695833,0.739583,0.785417,0.835417,0.854167,0.877083,0.879167,0.879167,0.877083,0.879167,0.879167,0.88125,0.883333,0.885417,0.885417,0.870833,0.858333,0.820833,0.79375,0.729167,0.654167,0.577083,0.5375,0.4625,0.427083,0.3625,0.30625,0.258333,0.239583,0.202083,0.1875,0.160417,0.141667,0.133333,0.116667,0.102083,0.097917,0.089583,0.085417,0.08125,0.075,0.064583,0.060417,0.054167,0.05,0.05,0.045833,0.041667,0.039583,0.033333,0.025]","[-0.001778,-0.001778,-0.001778,0.001333,0.001333,0.001333,0.001333,0.001333,0.001333,0.001333,0.001333,0.001333,0.001333,0.001333,0.001333,0.001333,0.001333,0.001333,0.001333,0.001333,0.001333,0.001333,0.001333,0.001333,0.001333,0.001333,0.001333,0.001333,0.001333,0.001333,0.004444,0.007556,0.013778,0.016889,0.023111,0.026222,0.029333,0.035556,0.044889,0.048,0.060444,0.069778,0.088444,0.116444,0.144444,0.16,0.194222,0.212889,0.253333,0.290667,0.324889,0.340444,0.371556,0.384,0.412,0.44,0.464889,0.477333,0.502222,0.514667,0.542667,0.570667,0.598667,0.611111,0.620444,0.623556,0.620444,0.620444,0.620444,0.620444,0.617333,0.617333,0.614222,0.611111,0.601778,0.592444,0.570667,0.552,0.508444,0.452444,0.393333,0.365333,0.309333,0.284444,0.240889,0.206667,0.178667,0.166222,0.147556,0.138222,0.125778,0.113333,0.110222,0.097778,0.085333,0.082222,0.072889,0.069778,0.066667,0.057333,0.051111,0.048,0.044889,0.041778,0.041778,0.041778,0.038667,0.035556,0.032444,0.026222]","[0.0006,0.0163,0.0331,0.0498,0.0665,0.0828,0.0994,0.1161,0.1328,0.1498,0.1662,0.183,0.1992,0.2168,0.2329,0.2493,0.2666,0.2827,0.3,0.3164,0.333,0.3492,0.3666,0.3827,0.3998,0.4161,0.4333,0.4496,0.4669,0.4834,0.5,0.5167,0.5332,0.5497,0.5673,0.5831,0.6,0.6166,0.6333,0.6498,0.6665,0.6832,0.6999,0.7167,0.7332,0.75,0.7666,0.7835,0.8002,0.817,0.8335,0.8502,0.8669,0.8835,0.9002,0.9169,0.9336,0.9504,0.9669,0.9837,1.0005,1.0171,1.0338,1.0505,1.0672,1.0839,1.1004,1.1172,1.1339,1.1504,1.1669,1.1836,1.2004,1.2173,1.2342,1.2501,1.267,1.2838,1.3006,1.3175,1.3342,1.351,1.3668,1.3837,1.4007,1.4177,1.4342,1.4507,1.4671,1.4839,1.5006,1.5172,1.5339,1.5505,1.567,1.5841,1.6006,1.6171,1.634,1.6506,1.667,1.6837,1.7004,1.7171,1.734,1.7509,1.7673,1.7843,1.8008,1.8174]","[1,1,1,1,1,1,1,1,1,1,1,1,1,1,1,1,1,1,1,1,1,1,1,1,1,1,1,1,1,1,1,1,1,1,1,1,1,1,1,1,1,1,1,1,1,1,1,1,1,1,1,1,1,1,1,1,1,1,1,1,1,2,2,2,2,2,2,2,2,2,2,2,2,2,2,2,2,2,2,2,2,2,2,2,2,2,2,2,2,2,2,2,2,2,2,2,2,2,2,2,2,2,2,2,2,2,2,2,2,2]",30,441.6137,4,149,0,149,0,1,229579,4,SV_73ADPjbMtd0KUBg,304,2022-03-02_15h06.07.165,implicit_time,2021.1.4,Linux x86_64,59.95563283
cursorjump,135,45,0.5,10,NA,0,NA,0,1,0.5,FALSE,rotation,1,"[-0.016667,-0.016667,-0.016667,-0.016667,-0.016667,-0.016667,-0.016667,-0.016667,-0.016667,-0.016667,-0.016667,-0.016667,-0.016667,-0.016667,-0.016667,-0.016667,-0.016667,-0.016667,-0.016667,-0.016667,-0.016667,-0.016667,-0.016667,-0.016667,-0.016667,-0.016667,-0.016667,-0.016667,-0.016667,-0.016667,-0.016667,-0.016667,-0.016667,-0.014583,-0.0125,-0.0125,-0.010417,-0.010417,-0.010417,-0.010417,-0.008333,-0.008333,-0.008333,-0.008333,-0.008333,-0.008333,-0.004167,0,0.002083,0.010417,0.016667,0.029167,0.04375,0.05625,0.060417,0.06875,0.072917,0.077083,0.08125,0.08125,0.08125,0.079167,0.079167,0.085417,0.091667,0.095833,0.095833,0.09375,0.091667,0.089583,0.089583,0.085417,0.08125,0.06875,0.0625,0.05,0.0375,0.022917,0.016667,0.002083,-0.002083,-0.008333,-0.0125,-0.016667,-0.01875,-0.022917,-0.025,-0.027083,-0.029167,-0.029167,-0.029167,-0.03125,-0.03125,-0.03125,-0.03125,-0.03125,-0.03125,-0.029167,-0.027083,-0.025,-0.022917,-0.020833,-0.014583,-0.004167,0.0125,0.020833,0.045833,0.060417,0.09375,0.127083,0.1625,0.18125,0.21875,0.2375,0.266667,0.285417,0.295833,0.297917,0.304167,0.30625,0.308333,0.30625,0.304167,0.302083,0.3,0.297917,0.29375,0.291667,0.289583,0.289583,0.2875,0.285417,0.28125,0.272917,0.26875,0.266667,0.260417,0.258333,0.25,0.24375,0.235417,0.23125,0.220833,0.214583,0.197917,0.177083,0.158333,0.15,0.1375,0.129167,0.116667,0.104167,0.09375,0.089583,0.083333,0.08125,0.075,0.066667,0.064583,0.060417,0.058333,0.05625,0.054167,0.047917,0.045833,0.039583,0.035417]","[-0.001778,-0.001778,-0.001778,-0.001778,-0.001778,-0.001778,-0.001778,-0.001778,-0.001778,-0.001778,-0.001778,-0.001778,-0.001778,-0.001778,-0.001778,-0.001778,-0.001778,-0.001778,-0.001778,-0.001778,-0.001778,-0.001778,-0.001778,-0.001778,-0.001778,-0.001778,-0.001778,-0.001778,-0.001778,-0.001778,-0.001778,-0.001778,-0.001778,-0.001778,0.001333,0.001333,0.004444,0.007556,0.007556,0.007556,0.010667,0.010667,0.010667,0.010667,0.010667,0.010667,0.016889,0.026222,0.032444,0.054222,0.066667,0.100889,0.135111,0.175556,0.194222,0.237778,0.259556,0.306222,0.349778,0.396444,0.418222,0.461778,0.483556,0.533333,0.586222,0.632889,0.654667,0.692,0.713778,0.751111,0.791556,0.828889,0.844444,0.872444,0.884889,0.909778,0.928444,0.947111,0.953333,0.965778,0.972,0.984444,0.993778,1,1,1.006222,1.009333,1.012444,1.015556,1.018667,1.021778,1.024889,1.024889,1.024889,1.024889,1.024889,1.024889,1.024889,1.024889,1.024889,1.021778,1.021778,1.015556,1.003111,0.981333,0.968889,0.934667,0.916,0.875556,0.832,0.788444,0.766667,0.723111,0.701333,0.654667,0.604889,0.558222,0.536444,0.496,0.477333,0.443111,0.408889,0.377778,0.362222,0.328,0.309333,0.278222,0.244,0.212889,0.197333,0.169333,0.16,0.144444,0.135111,0.125778,0.119556,0.104,0.094667,0.079111,0.069778,0.066667,0.066667,0.063556,0.063556,0.060444,0.057333,0.060444,0.060444,0.057333,0.054222,0.044889,0.038667,0.032444,0.032444,0.029333,0.029333,0.032444,0.032444,0.035556,0.035556,0.035556,0.035556,0.029333,0.023111,0.02,0.016889,0.013778]","[0.0006,0.0168,0.0335,0.0501,0.0664,0.0836,0.1001,0.1168,0.1328,0.1504,0.1665,0.1829,0.1999,0.2173,0.2334,0.2498,0.2668,0.2831,0.2998,0.3165,0.3341,0.3505,0.3669,0.3836,0.4,0.4167,0.4339,0.4501,0.4664,0.484,0.4999,0.5175,0.534,0.5508,0.5673,0.5841,0.6006,0.6171,0.6337,0.6503,0.6669,0.6844,0.7011,0.7176,0.7337,0.7504,0.7672,0.7839,0.8004,0.8171,0.8337,0.8503,0.867,0.8837,0.9012,0.9177,0.9344,0.9511,0.9679,0.9846,1.001,1.0178,1.0344,1.051,1.0677,1.0842,1.1008,1.1173,1.1339,1.1508,1.1675,1.1839,1.2008,1.2176,1.2341,1.2508,1.2674,1.284,1.3008,1.3174,1.3343,1.351,1.3678,1.3843,1.4009,1.4174,1.4341,1.4508,1.4676,1.4842,1.5009,1.5177,1.5344,1.5509,1.5675,1.5845,1.601,1.6177,1.6344,1.6509,1.6676,1.6842,1.7009,1.7176,1.7343,1.7508,1.7675,1.7842,1.8008,1.8176,1.8348,1.8513,1.8679,1.8845,1.9012,1.9179,1.9345,1.9512,1.9679,1.9844,2.0011,2.018,2.0348,2.0515,2.0682,2.0847,2.1016,2.1182,2.1349,2.1517,2.1683,2.185,2.2019,2.2183,2.2348,2.2514,2.2681,2.2846,2.3014,2.3182,2.3348,2.3514,2.368,2.3846,2.4014,2.4187,2.4354,2.4521,2.4686,2.4851,2.5019,2.5182,2.5346,2.552,2.5685,2.5851,2.6017,2.6182,2.6359,2.6515,2.6693,2.6847,2.7027,2.7183,2.7349,2.7516,2.7692]","[1,1,1,1,1,1,1,1,1,1,1,1,1,1,1,1,1,1,1,1,1,1,1,1,1,1,1,1,1,1,1,1,1,1,1,1,1,1,1,1,1,1,1,1,1,1,1,1,1,1,1,1,1,1,1,1,1,1,1,1,1,1,1,1,1,1,1,1,1,1,1,1,1,1,1,1,1,1,1,2,2,2,2,2,2,2,2,2,2,2,2,2,2,2,2,2,2,2,2,2,2,2,2,2,2,2,2,2,2,2,2,2,2,2,2,2,2,2,2,2,2,2,2,2,2,2,2,2,2,2,2,2,2,2,2,2,2,2,2,2,2,2,2,2,2,2,2,2,2,2,2,2,2,2,2,2,2,2,2,2,2,2,2,2,2,2,2]",40,444.9005,4,150,0,150,0,1,229579,4,SV_73ADPjbMtd0KUBg,304,2022-03-02_15h06.07.165,implicit_time,2021.1.4,Linux x86_64,59.95563283
cursorjump,125,0,0,10,NA,0,NA,0,0,0.5,FALSE,rotation,0,"[0.029167,0.029167,0.027083,0.027083,0.027083,0.027083,0.027083,0.027083,0.029167,0.029167,0.029167,0.027083,0.027083,0.027083,0.027083,0.027083,0.027083,0.027083,0.027083,0.027083,0.027083,0.027083,0.027083,0.025,0.025,0.022917,0.014583,0.008333,-0.004167,-0.014583,-0.01875,-0.025,-0.03125,-0.035417,-0.041667,-0.04375,-0.052083,-0.0625,-0.075,-0.083333,-0.097917,-0.10625,-0.125,-0.14375,-0.164583,-0.175,-0.2,-0.2125,-0.239583,-0.266667,-0.29375,-0.308333,-0.333333,-0.34375,-0.366667,-0.389583,-0.410417,-0.420833,-0.439583,-0.447917,-0.4625,-0.472917,-0.483333,-0.4875,-0.489583,-0.4875,-0.485417,-0.485417,-0.485417,-0.485417,-0.483333,-0.479167,-0.4625,-0.435417,-0.4,-0.379167,-0.33125,-0.30625,-0.25625,-0.204167,-0.15625,-0.135417,-0.102083,-0.089583,-0.070833,-0.060417,-0.052083,-0.05,-0.045833,-0.04375,-0.039583,-0.035417,-0.033333,-0.033333,-0.03125,-0.03125,-0.029167,-0.029167,-0.029167,-0.029167,-0.029167,-0.029167,-0.027083,-0.022917,-0.016667,-0.00625,0.002083]","[0.010667,0.010667,0.010667,0.010667,0.010667,0.010667,0.010667,0.010667,0.010667,0.010667,0.010667,0.010667,0.010667,0.010667,0.010667,0.010667,0.010667,0.010667,0.010667,0.010667,0.010667,0.010667,0.010667,0.010667,0.010667,0.016889,0.026222,0.029333,0.044889,0.060444,0.066667,0.085333,0.104,0.113333,0.132,0.141333,0.156889,0.172444,0.194222,0.203556,0.228444,0.240889,0.268889,0.296889,0.328,0.343556,0.377778,0.396444,0.433778,0.471111,0.514667,0.533333,0.58,0.601778,0.651556,0.698222,0.741778,0.763556,0.804,0.825778,0.866222,0.903556,0.931556,0.940889,0.947111,0.944,0.944,0.944,0.944,0.944,0.940889,0.934667,0.909778,0.869333,0.813333,0.779111,0.701333,0.660889,0.586222,0.514667,0.452444,0.427556,0.380889,0.362222,0.334222,0.309333,0.284444,0.275111,0.250222,0.234667,0.206667,0.175556,0.150667,0.144444,0.132,0.128889,0.125778,0.125778,0.125778,0.122667,0.116444,0.110222,0.104,0.088444,0.076,0.051111,0.029333]","[0.0007,0.0162,0.0331,0.0497,0.066,0.0823,0.0991,0.1157,0.1327,0.1488,0.1658,0.1835,0.2,0.2159,0.233,0.2494,0.2794,0.283,0.2997,0.3163,0.3331,0.3497,0.3659,0.3831,0.3998,0.4159,0.4329,0.4496,0.4658,0.4832,0.4998,0.5163,0.5327,0.55,0.5667,0.5833,0.5998,0.6162,0.6329,0.6494,0.6668,0.6835,0.7001,0.7164,0.7329,0.7503,0.767,0.7834,0.7996,0.8172,0.8327,0.8496,0.867,0.8839,0.9008,0.9175,0.9329,0.9503,0.9668,0.9831,0.9995,1.0166,1.0332,1.0497,1.0668,1.0831,1.1001,1.1163,1.1331,1.1501,1.1671,1.1834,1.1997,1.2168,1.2331,1.2504,1.2671,1.2832,1.3001,1.3174,1.3338,1.3499,1.3671,1.3832,1.4003,1.4172,1.4335,1.4503,1.4665,1.4835,1.5004,1.5171,1.5337,1.5505,1.5666,1.5837,1.6008,1.6168,1.634,1.6501,1.6671,1.684,1.701,1.717,1.7338,1.7508,1.7669]","[1,1,1,1,1,1,1,1,1,1,1,1,1,1,1,1,1,1,1,1,1,1,1,1,1,1,1,1,1,1,1,1,1,1,1,1,1,1,1,1,1,1,1,1,1,1,1,1,1,1,1,1,1,1,1,1,1,1,1,1,2,2,2,2,2,2,2,2,2,2,2,2,2,2,2,2,2,2,2,2,2,2,2,2,2,2,2,2,2,2,2,2,2,2,2,2,2,2,2,2,2,2,2,2,2,2,2]",40,447.1836,4,151,0,151,0,1,229579,4,SV_73ADPjbMtd0KUBg,304,2022-03-02_15h06.07.165,implicit_time,2021.1.4,Linux x86_64,59.95563283
cursorjump,135,45,0.5,10,NA,0,NA,0,1,0.5,FALSE,rotation,1,"[-0.008333,-0.008333,-0.008333,-0.008333,-0.008333,-0.008333,-0.008333,-0.008333,-0.008333,-0.008333,-0.008333,-0.008333,-0.00625,-0.00625,-0.00625,-0.00625,-0.00625,-0.00625,-0.004167,-0.004167,-0.004167,-0.004167,-0.004167,-0.002083,-0.002083,-0.002083,-0.002083,-0.002083,-0.002083,-0.002083,0,0,0.002083,0.002083,0.002083,-0.002083,-0.00625,-0.0125,-0.01875,-0.022917,-0.025,-0.027083,-0.027083,-0.025,-0.01875,-0.016667,-0.0125,-0.008333,-0.008333,-0.008333,-0.008333,-0.010417,-0.0125,-0.014583,-0.016667,-0.020833,-0.025,-0.027083,-0.029167,-0.03125,-0.03125,-0.03125,-0.03125,-0.03125,-0.029167,-0.029167,-0.029167,-0.027083,-0.025,-0.025,-0.025,-0.025,-0.025,-0.025,-0.027083,-0.027083,-0.029167,-0.029167,-0.029167,-0.029167,-0.029167,-0.029167,-0.029167,-0.029167,-0.029167,-0.029167,-0.027083,-0.027083,-0.022917,-0.016667,-0.0125,0,0.016667,0.027083,0.045833,0.064583,0.072917,0.089583,0.102083,0.10625,0.110417,0.110417,0.108333,0.102083,0.1,0.09375,0.091667,0.0875,0.085417,0.083333,0.083333,0.08125,0.077083,0.075,0.072917,0.070833,0.06875,0.064583,0.060417,0.054167,0.052083,0.04375,0.041667,0.035417,0.029167,0.027083,0.027083,0.025,0.022917,0.022917,0.022917,0.022917,0.022917,0.022917,0.022917,0.022917,0.022917,0.022917,0.022917,0.022917,0.020833,0.020833,0.01875,0.014583,0.0125,0.008333]","[0.004444,0.004444,0.004444,0.001333,0.001333,-0.001778,-0.001778,-0.004889,-0.004889,-0.008,-0.008,-0.008,-0.008,-0.011111,-0.011111,-0.011111,-0.014222,-0.014222,-0.014222,-0.017333,-0.017333,-0.017333,-0.020444,-0.020444,-0.023556,-0.023556,-0.023556,-0.023556,-0.023556,-0.023556,-0.023556,-0.023556,-0.017333,-0.011111,0.007556,0.038667,0.057333,0.104,0.16,0.188,0.253333,0.315556,0.346667,0.402667,0.458667,0.486667,0.542667,0.592444,0.617333,0.660889,0.701333,0.716889,0.751111,0.779111,0.791556,0.813333,0.832,0.841333,0.863111,0.872444,0.894222,0.912889,0.922222,0.925333,0.931556,0.934667,0.937778,0.944,0.950222,0.953333,0.956444,0.959556,0.962667,0.965778,0.972,0.972,0.975111,0.978222,0.978222,0.978222,0.978222,0.978222,0.978222,0.978222,0.978222,0.978222,0.975111,0.972,0.965778,0.956444,0.947111,0.925333,0.894222,0.875556,0.835111,0.791556,0.766667,0.72,0.673333,0.651556,0.608,0.567556,0.548889,0.511556,0.496,0.468,0.44,0.408889,0.396444,0.371556,0.359111,0.331111,0.306222,0.281333,0.268889,0.244,0.234667,0.212889,0.197333,0.181778,0.172444,0.156889,0.150667,0.135111,0.116444,0.097778,0.088444,0.072889,0.069778,0.060444,0.060444,0.060444,0.060444,0.060444,0.060444,0.060444,0.060444,0.060444,0.060444,0.060444,0.057333,0.054222,0.051111,0.044889,0.041778,0.032444]","[0.0002,0.0163,0.0335,0.0496,0.0667,0.0836,0.0996,0.1164,0.1334,0.1495,0.1665,0.1834,0.2002,0.2172,0.233,0.25,0.267,0.2829,0.2998,0.3168,0.3329,0.35,0.3667,0.3836,0.4003,0.4172,0.4332,0.4504,0.4664,0.4832,0.5001,0.517,0.5338,0.5497,0.5667,0.5836,0.5999,0.617,0.6333,0.65,0.6671,0.6841,0.7001,0.717,0.7341,0.7502,0.767,0.784,0.8,0.8171,0.834,0.8499,0.867,0.884,0.9008,0.9167,0.9336,0.9506,0.9674,0.9833,1.0003,1.0173,1.0343,1.0502,1.067,1.0839,1.1006,1.1175,1.1337,1.1508,1.1678,1.1839,1.2006,1.2176,1.2345,1.2505,1.2673,1.2843,1.3004,1.3171,1.3339,1.3505,1.3673,1.384,1.401,1.4177,1.4345,1.4504,1.4673,1.4845,1.5004,1.5176,1.5344,1.5513,1.5671,1.5843,1.6014,1.6171,1.6341,1.6508,1.6679,1.6848,1.7012,1.7174,1.7346,1.7508,1.7679,1.7846,1.8008,1.818,1.8342,1.8513,1.8682,1.8842,1.9012,1.9182,1.9351,1.951,1.9679,1.9848,2.0011,2.0181,2.035,2.0509,2.0678,2.0847,2.1011,2.1182,2.1344,2.1512,2.1682,2.1849,2.2019,2.2179,2.2348,2.2517,2.2686,2.2849,2.301,2.3182,2.3352,2.3513,2.3684,2.3847,2.4017,2.4179]","[1,1,1,1,1,1,1,1,1,1,1,1,1,1,1,1,1,1,1,1,1,1,1,1,1,1,1,1,1,1,1,1,1,1,1,1,1,1,1,1,1,1,1,1,1,1,1,1,1,1,1,1,1,1,1,1,1,1,1,1,1,1,1,1,1,1,1,1,1,1,1,2,2,2,2,2,2,2,2,2,2,2,2,2,2,2,2,2,2,2,2,2,2,2,2,2,2,2,2,2,2,2,2,2,2,2,2,2,2,2,2,2,2,2,2,2,2,2,2,2,2,2,2,2,2,2,2,2,2,2,2,2,2,2,2,2,2,2,2,2,2,2,2,2,2,2]",50,450.1191,4,152,0,152,0,1,229579,4,SV_73ADPjbMtd0KUBg,304,2022-03-02_15h06.07.165,implicit_time,2021.1.4,Linux x86_64,59.95563283
cursorjump,145,0,0,10,NA,0,NA,0,0,0.5,FALSE,rotation,0,"[0,0,0,0,0,0,0.002083,0.002083,0.002083,0.004167,0.004167,0.00625,0.00625,0.008333,0.008333,0.010417,0.010417,0.0125,0.0125,0.0125,0.0125,0.0125,0.0125,0.0125,0.0125,0.0125,0.0125,0.0125,0.0125,0.0125,0.0125,0.0125,0.0125,0.010417,0.00625,-0.002083,-0.008333,-0.027083,-0.05,-0.064583,-0.095833,-0.13125,-0.172917,-0.195833,-0.239583,-0.2625,-0.308333,-0.35625,-0.408333,-0.433333,-0.485417,-0.510417,-0.558333,-0.602083,-0.639583,-0.65625,-0.689583,-0.704167,-0.73125,-0.752083,-0.76875,-0.775,-0.7875,-0.791667,-0.797917,-0.8,-0.804167,-0.808333,-0.808333,-0.808333,-0.808333,-0.808333,-0.808333,-0.804167,-0.795833,-0.791667,-0.775,-0.75625,-0.745833,-0.714583,-0.675,-0.65,-0.6,-0.570833,-0.516667,-0.464583,-0.414583,-0.391667,-0.345833,-0.325,-0.28125,-0.241667,-0.204167,-0.185417,-0.154167,-0.127083,-0.116667,-0.095833,-0.08125,-0.075,-0.06875,-0.064583,-0.064583,-0.0625,-0.0625,-0.0625,-0.064583,-0.064583,-0.066667,-0.064583,-0.060417,-0.058333,-0.047917,-0.04375,-0.0375,-0.03125]","[0.013778,0.013778,0.013778,0.013778,0.013778,0.013778,0.013778,0.013778,0.013778,0.013778,0.013778,0.013778,0.013778,0.013778,0.013778,0.013778,0.016889,0.016889,0.016889,0.016889,0.016889,0.016889,0.016889,0.016889,0.016889,0.016889,0.016889,0.016889,0.016889,0.016889,0.016889,0.016889,0.016889,0.016889,0.016889,0.023111,0.026222,0.038667,0.060444,0.076,0.113333,0.150667,0.191111,0.212889,0.253333,0.272,0.309333,0.343556,0.374667,0.387111,0.412,0.421333,0.443111,0.464889,0.483556,0.492889,0.511556,0.520889,0.539556,0.561333,0.58,0.589333,0.604889,0.611111,0.626667,0.632889,0.645333,0.654667,0.667111,0.670222,0.682667,0.685778,0.692,0.695111,0.695111,0.692,0.682667,0.664,0.657778,0.636,0.611111,0.598667,0.573778,0.558222,0.530222,0.499111,0.468,0.449333,0.415111,0.399556,0.365333,0.334222,0.303111,0.290667,0.262667,0.237778,0.225333,0.203556,0.184889,0.178667,0.166222,0.156889,0.153778,0.147556,0.141333,0.138222,0.128889,0.125778,0.116444,0.107111,0.094667,0.085333,0.066667,0.057333,0.041778,0.026222]","[0.0002,0.0165,0.0335,0.0499,0.067,0.0834,0.1006,0.1166,0.1337,0.1499,0.1671,0.1833,0.2003,0.2173,0.2332,0.2503,0.2666,0.2835,0.3003,0.3172,0.3341,0.3503,0.3674,0.3833,0.4003,0.4173,0.4335,0.4507,0.4667,0.4836,0.5005,0.5174,0.5336,0.5507,0.5669,0.584,0.6003,0.6173,0.6336,0.6506,0.6669,0.6839,0.701,0.7172,0.7344,0.7505,0.7674,0.7837,0.8005,0.8175,0.8338,0.851,0.8672,0.8842,0.9007,0.917,0.9341,0.9508,0.967,0.9841,1.0008,1.0171,1.0341,1.0507,1.0672,1.0841,1.1006,1.1176,1.1341,1.1513,1.1673,1.1843,1.2013,1.2176,1.2346,1.2506,1.2675,1.2844,1.3008,1.3179,1.3343,1.3509,1.368,1.3841,1.4011,1.4176,1.4348,1.451,1.4675,1.4844,1.5009,1.5178,1.5344,1.5515,1.5675,1.5846,1.6016,1.6177,1.6349,1.6509,1.6678,1.6847,1.7019,1.7181,1.7351,1.7514,1.7684,1.7844,1.8015,1.8185,1.8347,1.8517,1.8685,1.8846,1.9017,1.9179]","[1,1,1,1,1,1,1,1,1,1,1,1,1,1,1,1,1,1,1,1,1,1,1,1,1,1,1,1,1,1,1,1,1,1,1,1,1,1,1,1,1,1,1,1,1,1,1,1,1,1,1,1,1,1,1,1,1,1,1,1,2,2,2,2,2,2,2,2,2,2,2,2,2,2,2,2,2,2,2,2,2,2,2,2,2,2,2,2,2,2,2,2,2,2,2,2,2,2,2,2,2,2,2,2,2,2,2,2,2,2,2,2,2,2,2,2]",50,452.5544,4,153,0,153,0,1,229579,4,SV_73ADPjbMtd0KUBg,304,2022-03-02_15h06.07.165,implicit_time,2021.1.4,Linux x86_64,59.95563283
cursorjump,45,45,0.5,10,NA,0,NA,0,1,0.5,FALSE,rotation,1,"[-0.016667,-0.016667,-0.016667,-0.016667,-0.016667,-0.016667,-0.016667,-0.016667,-0.016667,-0.016667,-0.016667,-0.016667,-0.016667,-0.016667,-0.016667,-0.016667,-0.016667,-0.016667,-0.016667,-0.016667,-0.016667,-0.016667,-0.016667,-0.016667,-0.016667,-0.016667,-0.016667,-0.016667,-0.016667,-0.016667,-0.016667,-0.016667,-0.016667,-0.016667,-0.016667,-0.016667,-0.016667,-0.016667,-0.016667,-0.016667,-0.016667,-0.016667,-0.016667,-0.016667,-0.01875,-0.01875,-0.020833,-0.01875,-0.020833,-0.022917,-0.025,-0.01875,-0.014583,-0.004167,-0.002083,0.00625,0.014583,0.022917,0.039583,0.054167,0.060417,0.06875,0.077083,0.08125,0.089583,0.097917,0.102083,0.10625,0.108333,0.108333,0.108333,0.108333,0.108333,0.108333,0.108333,0.108333,0.110417,0.1125,0.114583,0.116667,0.122917,0.127083,0.135417,0.14375,0.145833,0.147917,0.15,0.152083,0.152083,0.152083,0.152083,0.154167,0.152083,0.152083,0.147917,0.14375,0.14375,0.141667,0.14375,0.14375,0.14375,0.14375,0.14375,0.14375,0.139583,0.135417,0.120833,0.104167,0.095833,0.08125,0.070833,0.066667,0.058333,0.052083,0.05,0.04375,0.039583,0.0375,0.03125]","[-0.004889,-0.004889,-0.004889,-0.004889,-0.004889,-0.004889,-0.004889,-0.004889,-0.004889,-0.004889,-0.004889,-0.004889,-0.004889,-0.004889,-0.004889,-0.004889,-0.004889,-0.004889,-0.004889,-0.004889,-0.004889,-0.004889,-0.004889,-0.004889,-0.004889,-0.004889,-0.004889,-0.004889,-0.004889,-0.004889,-0.001778,-0.001778,-0.001778,-0.001778,-0.001778,-0.001778,-0.001778,-0.001778,-0.001778,-0.001778,-0.001778,-0.001778,-0.001778,0.001333,0.007556,0.016889,0.026222,0.048,0.063556,0.116444,0.184889,0.265778,0.306222,0.374667,0.408889,0.474222,0.542667,0.58,0.651556,0.72,0.754222,0.822667,0.884889,0.912889,0.962667,0.996889,1.009333,1.028,1.037333,1.037333,1.037333,1.034222,1.034222,1.028,1.015556,1.009333,0.987556,0.953333,0.928444,0.863111,0.782222,0.738667,0.645333,0.555111,0.511556,0.427556,0.352889,0.315556,0.250222,0.191111,0.166222,0.116444,0.076,0.060444,0.032444,0.010667,0.001333,-0.017333,-0.032889,-0.039111,-0.045333,-0.048444,-0.048444,-0.048444,-0.045333,-0.045333,-0.029778,-0.011111,-0.001778,0.016889,0.026222,0.029333,0.029333,0.029333,0.026222,0.026222,0.023111,0.023111,0.02]","[0.0003,0.0166,0.0336,0.0497,0.0665,0.0831,0.1001,0.1161,0.1332,0.1502,0.167,0.1831,0.1999,0.2169,0.233,0.25,0.2668,0.2831,0.3002,0.3171,0.3338,0.35,0.3669,0.3841,0.3997,0.4166,0.4335,0.4505,0.4666,0.4837,0.5007,0.5166,0.5334,0.5503,0.5671,0.584,0.601,0.6169,0.6337,0.6509,0.667,0.6842,0.7003,0.7173,0.7342,0.75,0.7672,0.7843,0.8003,0.8172,0.8343,0.8505,0.8676,0.8836,0.9005,0.9174,0.9342,0.9511,0.967,0.984,1.0012,1.0173,1.0342,1.0504,1.0676,1.0837,1.1006,1.1177,1.1338,1.1509,1.1671,1.1841,1.2009,1.2178,1.2339,1.251,1.2672,1.2842,1.3011,1.3181,1.3342,1.3513,1.3673,1.3842,1.4011,1.4181,1.434,1.4512,1.4673,1.4841,1.5011,1.518,1.534,1.5512,1.5676,1.5848,1.601,1.6181,1.6343,1.6515,1.6678,1.685,1.701,1.718,1.7342,1.7513,1.7674,1.7844,1.8013,1.8185,1.8346,1.8518,1.868,1.885,1.901,1.9179,1.935,1.9512,1.9684]","[1,1,1,1,1,1,1,1,1,1,1,1,1,1,1,1,1,1,1,1,1,1,1,1,1,1,1,1,1,1,1,1,1,1,1,1,1,1,1,1,1,1,1,1,1,1,1,1,1,1,1,1,1,1,1,1,1,1,1,1,1,1,1,1,2,2,2,2,2,2,2,2,2,2,2,2,2,2,2,2,2,2,2,2,2,2,2,2,2,2,2,2,2,2,2,2,2,2,2,2,2,2,2,2,2,2,2,2,2,2,2,2,2,2,2,2,2,2,2]",50,455.0401,4,154,0,154,0,1,229579,4,SV_73ADPjbMtd0KUBg,304,2022-03-02_15h06.07.165,implicit_time,2021.1.4,Linux x86_64,59.95563283
cursorjump,35,0,0,10,NA,0,NA,0,0,0.5,FALSE,rotation,0,"[-0.01875,-0.01875,-0.01875,-0.020833,-0.020833,-0.020833,-0.020833,-0.020833,-0.020833,-0.020833,-0.020833,-0.020833,-0.020833,-0.020833,-0.020833,-0.020833,-0.020833,-0.020833,-0.020833,-0.020833,-0.020833,-0.020833,-0.020833,-0.020833,-0.020833,-0.020833,-0.020833,-0.020833,-0.020833,-0.020833,-0.020833,-0.01875,-0.016667,-0.010417,-0.008333,-0.004167,0,0.002083,0.004167,0.004167,0.00625,0.00625,0.00625,0.00625,0.010417,0.016667,0.020833,0.03125,0.05,0.0625,0.1,0.122917,0.16875,0.214583,0.260417,0.285417,0.335417,0.3625,0.4125,0.458333,0.502083,0.522917,0.5625,0.58125,0.61875,0.65,0.683333,0.702083,0.741667,0.7625,0.804167,0.841667,0.875,0.891667,0.91875,0.93125,0.94375,0.945833,0.947917,0.947917,0.952083,0.952083,0.95,0.933333,0.9,0.879167,0.835417,0.808333,0.752083,0.689583,0.622917,0.591667,0.533333,0.50625,0.454167,0.40625,0.364583,0.345833,0.314583,0.304167,0.289583,0.28125,0.277083,0.277083,0.277083,0.277083,0.277083,0.275,0.26875,0.2625,0.245833,0.235417,0.210417,0.185417,0.164583,0.154167,0.139583,0.133333,0.11875,0.10625,0.1,0.091667,0.083333,0.079167,0.070833,0.060417,0.05625,0.04375,0.033333,0.027083,0.01875,0.008333]","[-0.017333,-0.014222,-0.008,-0.004889,-0.004889,-0.001778,-0.001778,-0.001778,-0.001778,0.001333,0.001333,0.001333,0.001333,0.001333,0.001333,0.001333,0.001333,0.001333,0.001333,0.001333,0.001333,0.001333,0.001333,0.001333,0.001333,0.001333,0.001333,0.004444,0.004444,0.007556,0.010667,0.013778,0.02,0.026222,0.029333,0.035556,0.038667,0.038667,0.041778,0.044889,0.044889,0.048,0.048,0.048,0.051111,0.057333,0.060444,0.072889,0.088444,0.097778,0.125778,0.138222,0.156889,0.175556,0.194222,0.203556,0.228444,0.240889,0.268889,0.290667,0.312444,0.321778,0.340444,0.349778,0.368444,0.387111,0.402667,0.412,0.433778,0.443111,0.461778,0.477333,0.489778,0.499111,0.511556,0.517778,0.524,0.524,0.520889,0.520889,0.514667,0.514667,0.508444,0.502222,0.486667,0.477333,0.455556,0.443111,0.412,0.377778,0.340444,0.321778,0.290667,0.278222,0.253333,0.231556,0.212889,0.206667,0.197333,0.194222,0.191111,0.188,0.184889,0.184889,0.184889,0.184889,0.184889,0.181778,0.175556,0.172444,0.16,0.153778,0.138222,0.125778,0.116444,0.110222,0.100889,0.097778,0.085333,0.076,0.076,0.072889,0.069778,0.069778,0.066667,0.066667,0.063556,0.060444,0.054222,0.054222,0.044889,0.035556]","[0.0002,0.0167,0.033,0.0502,0.0662,0.0835,0.0997,0.1166,0.1328,0.1501,0.1662,0.1832,0.2002,0.2162,0.2333,0.2494,0.2666,0.2828,0.2996,0.3167,0.3339,0.3499,0.3662,0.3832,0.4001,0.4164,0.4334,0.4497,0.4667,0.4838,0.5,0.517,0.5339,0.5502,0.5663,0.5834,0.6005,0.6167,0.6338,0.65,0.6669,0.6833,0.7002,0.7165,0.7338,0.7499,0.7671,0.7836,0.8008,0.817,0.8335,0.8508,0.8668,0.8838,0.9007,0.9167,0.9339,0.95,0.9668,0.9839,1.0001,1.017,1.0335,1.0507,1.0671,1.0841,1.1003,1.1176,1.1337,1.1506,1.1671,1.1836,1.2008,1.217,1.2336,1.2502,1.2673,1.2837,1.3003,1.3175,1.3337,1.3508,1.3678,1.3837,1.4009,1.4172,1.4341,1.4506,1.4672,1.4842,1.5007,1.5179,1.534,1.551,1.5672,1.5843,1.6006,1.6178,1.6342,1.6506,1.6676,1.6846,1.7008,1.7178,1.734,1.7508,1.7677,1.7841,1.8012,1.8174,1.8346,1.8507,1.8677,1.8849,1.9009,1.9181,1.9342,1.9511,1.9681,1.9843,2.0014,2.0176,2.0345,2.0516,2.0676,2.0848,2.1009,2.1181,2.1342,2.1514,2.1676,2.185]","[1,1,1,1,1,1,1,1,1,1,1,1,1,1,1,1,1,1,1,1,1,1,1,1,1,1,1,1,1,1,1,1,1,1,1,1,1,1,1,1,1,1,1,1,1,1,1,1,1,1,1,1,1,1,1,1,1,1,1,1,1,1,1,1,1,1,1,1,1,1,1,2,2,2,2,2,2,2,2,2,2,2,2,2,2,2,2,2,2,2,2,2,2,2,2,2,2,2,2,2,2,2,2,2,2,2,2,2,2,2,2,2,2,2,2,2,2,2,2,2,2,2,2,2,2,2,2,2,2,2,2,2]",50,457.7422,4,155,0,155,0,1,229579,4,SV_73ADPjbMtd0KUBg,304,2022-03-02_15h06.07.165,implicit_time,2021.1.4,Linux x86_64,59.95563283
cursorjump,315,45,0.5,10,NA,0,NA,0,1,0.5,FALSE,rotation,1,"[-0.010417,-0.010417,-0.010417,-0.010417,-0.010417,-0.010417,-0.010417,-0.010417,-0.010417,-0.010417,-0.010417,-0.010417,-0.010417,-0.010417,-0.010417,-0.010417,-0.010417,-0.008333,-0.008333,-0.008333,-0.008333,-0.00625,-0.00625,-0.00625,-0.00625,-0.00625,-0.00625,-0.00625,-0.00625,-0.00625,-0.00625,-0.00625,-0.00625,-0.00625,-0.00625,-0.00625,-0.00625,-0.00625,-0.00625,-0.00625,-0.00625,-0.00625,-0.00625,-0.00625,-0.00625,-0.00625,-0.00625,-0.00625,-0.00625,-0.008333,-0.010417,-0.016667,-0.022917,-0.029167,-0.03125,-0.039583,-0.04375,-0.052083,-0.064583,-0.075,-0.079167,-0.0875,-0.091667,-0.095833,-0.1,-0.102083,-0.104167,-0.10625,-0.10625,-0.102083,-0.097917,-0.097917,-0.097917,-0.097917,-0.095833,-0.091667,-0.0875,-0.085417,-0.085417,-0.085417,-0.085417,-0.085417,-0.085417,-0.085417,-0.085417,-0.083333,-0.083333,-0.083333,-0.077083,-0.066667,-0.060417,-0.05625,-0.054167,-0.054167,-0.054167,-0.054167,-0.054167,-0.066667,-0.089583,-0.102083,-0.125,-0.135417,-0.152083,-0.170833,-0.191667,-0.2,-0.21875,-0.225,-0.2375,-0.245833,-0.25,-0.252083,-0.252083,-0.25,-0.247917,-0.241667,-0.233333,-0.229167,-0.220833,-0.21875,-0.214583,-0.210417,-0.210417,-0.20625,-0.202083,-0.2,-0.191667,-0.179167,-0.164583,-0.15625,-0.14375,-0.1375,-0.122917,-0.108333,-0.091667,-0.083333,-0.06875,-0.0625,-0.05,-0.041667,-0.033333]","[0.004444,0.004444,0.004444,0.004444,0.004444,0.004444,0.004444,0.004444,0.004444,0.004444,0.004444,0.004444,0.004444,0.004444,0.004444,0.004444,0.004444,0.004444,0.004444,0.004444,0.004444,0.004444,0.004444,0.004444,0.004444,0.004444,0.004444,0.004444,0.004444,0.004444,0.004444,0.004444,0.004444,0.004444,0.004444,0.004444,0.004444,0.004444,0.004444,0.004444,0.004444,0.004444,0.004444,0.004444,0.004444,0.004444,0.004444,0.001333,-0.001778,-0.017333,-0.029778,-0.064,-0.104444,-0.157333,-0.188444,-0.256889,-0.291111,-0.356444,-0.415556,-0.465333,-0.490222,-0.54,-0.564889,-0.617778,-0.667556,-0.711111,-0.732889,-0.773333,-0.792,-0.835556,-0.876,-0.910222,-0.925778,-0.947556,-0.956889,-0.972444,-0.988,-0.994222,-0.997333,-0.997333,-0.997333,-0.997333,-0.997333,-0.997333,-0.997333,-0.997333,-1.000444,-1.003556,-1.012889,-1.028444,-1.034667,-1.040889,-1.040889,-1.044,-1.044,-1.044,-1.040889,-1.031556,-1.003556,-0.988,-0.953778,-0.938222,-0.891556,-0.826222,-0.748444,-0.708,-0.627111,-0.589778,-0.518222,-0.443556,-0.368889,-0.334667,-0.272444,-0.247556,-0.210222,-0.188444,-0.169778,-0.163556,-0.151111,-0.144889,-0.132444,-0.116889,-0.110667,-0.095111,-0.079556,-0.070222,-0.057778,-0.042222,-0.032889,-0.029778,-0.023556,-0.023556,-0.017333,-0.017333,-0.017333,-0.017333,-0.014222,-0.014222,-0.011111,-0.011111,-0.011111]","[0.0002,0.0168,0.0332,0.0504,0.0665,0.0835,0.1005,0.1165,0.1335,0.1507,0.1668,0.184,0.2,0.2167,0.2336,0.2506,0.2667,0.2838,0.3008,0.317,0.3343,0.3504,0.3675,0.3836,0.4007,0.4168,0.4339,0.4509,0.467,0.4838,0.5004,0.5174,0.5344,0.5505,0.5676,0.5845,0.6006,0.6178,0.6339,0.6509,0.6671,0.6842,0.7002,0.7173,0.7344,0.7505,0.7677,0.7837,0.8005,0.8174,0.8345,0.8507,0.868,0.8842,0.9013,0.9173,0.9345,0.9512,0.9671,0.9843,1.0014,1.0174,1.0346,1.0506,1.0675,1.0844,1.1013,1.1174,1.1345,1.1507,1.1679,1.184,1.201,1.2182,1.2344,1.2515,1.2677,1.2849,1.3009,1.3182,1.3344,1.3515,1.3676,1.3843,1.4014,1.4178,1.4351,1.4511,1.4685,1.4845,1.5013,1.5183,1.5344,1.5512,1.568,1.5849,1.6018,1.618,1.6353,1.6515,1.6686,1.6845,1.7017,1.718,1.7351,1.7512,1.7681,1.7851,1.8012,1.8182,1.8354,1.8516,1.8686,1.8846,1.9019,1.9181,1.9352,1.9514,1.9682,1.9852,2.0014,2.0186,2.0347,2.0518,2.0688,2.0848,2.1019,2.1189,2.135,2.1519,2.1688,2.1847,2.2017,2.2184,2.2351,2.252,2.2689,2.2848,2.3018,2.3189,2.3352]","[1,1,1,1,1,1,1,1,1,1,1,1,1,1,1,1,1,1,1,1,1,1,1,1,1,1,1,1,1,1,1,1,1,1,1,1,1,1,1,1,1,1,1,1,1,1,1,1,1,1,1,1,1,1,1,1,1,1,1,1,1,1,1,1,1,1,1,1,1,1,1,1,1,1,2,2,2,2,2,2,2,2,2,2,2,2,2,2,2,2,2,2,2,2,2,2,2,2,2,2,2,2,2,2,2,2,2,2,2,2,2,2,2,2,2,2,2,2,2,2,2,2,2,2,2,2,2,2,2,2,2,2,2,2,2,2,2,2,2,2,2]",60,460.5939,4,156,0,156,0,1,229579,4,SV_73ADPjbMtd0KUBg,304,2022-03-02_15h06.07.165,implicit_time,2021.1.4,Linux x86_64,59.95563283
cursorjump,325,0,0,10,NA,0,NA,0,0,0.5,FALSE,rotation,0,"[-0.008333,-0.008333,-0.008333,-0.008333,-0.008333,-0.008333,-0.008333,-0.008333,-0.008333,-0.008333,-0.008333,-0.008333,-0.008333,-0.008333,-0.008333,-0.008333,-0.008333,-0.008333,-0.008333,-0.008333,-0.008333,-0.008333,-0.008333,-0.008333,-0.008333,-0.00625,-0.00625,-0.002083,0,0.002083,0.004167,0.004167,0.004167,0.004167,0.004167,0.004167,0.004167,0.008333,0.0125,0.025,0.052083,0.06875,0.110417,0.154167,0.177083,0.225,0.279167,0.308333,0.370833,0.435417,0.466667,0.516667,0.554167,0.56875,0.591667,0.608333,0.616667,0.633333,0.652083,0.660417,0.675,0.689583,0.69375,0.704167,0.708333,0.708333,0.7125,0.716667,0.725,0.73125,0.727083,0.720833,0.691667,0.670833,0.622917,0.570833,0.5125,0.479167,0.402083,0.3625,0.291667,0.23125,0.177083,0.152083,0.110417,0.09375,0.066667,0.041667,0.022917,0.014583,0,-0.00625]","[-0.011111,-0.011111,-0.011111,-0.011111,-0.011111,-0.011111,-0.011111,-0.011111,-0.011111,-0.011111,-0.011111,-0.011111,-0.011111,-0.011111,-0.011111,-0.011111,-0.011111,-0.011111,-0.011111,-0.011111,-0.011111,-0.011111,-0.011111,-0.011111,-0.011111,-0.014222,-0.017333,-0.023556,-0.032889,-0.039111,-0.048444,-0.051556,-0.054667,-0.054667,-0.054667,-0.054667,-0.054667,-0.054667,-0.057778,-0.064,-0.079556,-0.092,-0.126222,-0.172889,-0.197778,-0.247556,-0.297333,-0.322222,-0.378222,-0.440444,-0.468444,-0.524444,-0.574222,-0.596,-0.636444,-0.670667,-0.683111,-0.714222,-0.742222,-0.754667,-0.779556,-0.801333,-0.807556,-0.823111,-0.826222,-0.829333,-0.832444,-0.835556,-0.844889,-0.851111,-0.848,-0.841778,-0.813778,-0.795111,-0.745333,-0.689333,-0.624,-0.586667,-0.499556,-0.456,-0.375111,-0.306667,-0.250667,-0.225778,-0.176,-0.157333,-0.123111,-0.098222,-0.076444,-0.064,-0.042222,-0.032889]","[0.0002,0.0169,0.0332,0.0505,0.0664,0.0833,0.0995,0.1166,0.1336,0.1497,0.1669,0.183,0.2,0.2162,0.2332,0.2504,0.2665,0.2837,0.2999,0.3171,0.3332,0.3499,0.3668,0.3838,0.3998,0.417,0.4332,0.4504,0.4672,0.4831,0.5,0.5168,0.5332,0.5505,0.5665,0.5834,0.6003,0.6176,0.6337,0.6498,0.6668,0.6839,0.7,0.7172,0.7335,0.7508,0.7666,0.7837,0.8002,0.8174,0.8336,0.8508,0.8671,0.8836,0.9002,0.9174,0.9338,0.9502,0.9673,0.9836,1.0003,1.0175,1.0337,1.0508,1.0671,1.0838,1.1003,1.117,1.1341,1.1503,1.1674,1.1837,1.201,1.2172,1.2338,1.2509,1.2673,1.2838,1.3008,1.3173,1.3338,1.3508,1.368,1.3843,1.4005,1.4177,1.4338,1.4509,1.4679,1.4842,1.5014,1.5176]","[1,1,1,1,1,1,1,1,1,1,1,1,1,1,1,1,1,1,1,1,1,1,1,1,1,1,1,1,1,1,1,1,1,1,1,1,1,1,1,1,1,1,1,1,1,1,1,1,1,1,1,1,1,1,1,1,1,1,2,2,2,2,2,2,2,2,2,2,2,2,2,2,2,2,2,2,2,2,2,2,2,2,2,2,2,2,2,2,2,2,2,2]",60,462.6288,4,157,0,157,0,1,229579,4,SV_73ADPjbMtd0KUBg,304,2022-03-02_15h06.07.165,implicit_time,2021.1.4,Linux x86_64,59.95563283
cursorjump,225,45,0.5,10,NA,0,NA,0,1,0.5,FALSE,rotation,1,"[0.014583,0.0125,0.0125,0.010417,0.010417,0.008333,0.008333,0.00625,0.00625,0.00625,0.004167,0.004167,0.004167,0.002083,0.002083,0.002083,0.002083,0.002083,0.002083,0.002083,0.002083,0.002083,0.002083,0.002083,0.002083,0.002083,0.002083,0.002083,0,0,0,0,0,0,0,0,0,0,0,0,-0.002083,-0.004167,-0.004167,-0.00625,-0.00625,-0.00625,-0.008333,-0.008333,-0.008333,-0.008333,-0.008333,-0.008333,-0.00625,-0.004167,-0.002083,-0.004167,-0.008333,-0.0125,-0.022917,-0.035417,-0.047917,-0.05625,-0.070833,-0.077083,-0.091667,-0.102083,-0.10625,-0.114583,-0.125,-0.129167,-0.135417,-0.141667,-0.141667,-0.14375,-0.14375,-0.14375,-0.14375,-0.141667,-0.141667,-0.141667,-0.14375,-0.145833,-0.147917,-0.15,-0.15,-0.15,-0.15,-0.15,-0.152083,-0.154167,-0.160417,-0.166667,-0.175,-0.177083,-0.179167,-0.18125,-0.177083,-0.166667,-0.158333,-0.154167,-0.147917,-0.141667,-0.1375,-0.127083,-0.120833,-0.11875,-0.120833,-0.127083,-0.13125,-0.141667,-0.154167,-0.164583,-0.1875,-0.214583,-0.23125,-0.264583,-0.302083,-0.320833,-0.3625,-0.385417,-0.425,-0.46875,-0.514583,-0.539583,-0.59375,-0.65,-0.68125,-0.739583,-0.802083,-0.833333,-0.897917,-0.960417,-0.991667,-1.045833,-1.072917,-1.122917,-1.15,-1.152083,-1.152083,-1.15,-1.15,-1.147917,-1.147917,-1.147917,-1.147917,-1.141667,-1.1375,-1.127083,-1.11875,-1.108333,-1.102083,-1.089583,-1.083333,-1.064583,-1.039583,-1.008333,-0.9875,-0.93125,-0.897917,-0.833333,-0.772917,-0.7125,-0.68125,-0.620833,-0.591667,-0.533333,-0.485417,-0.441667,-0.425,-0.39375,-0.38125,-0.3625,-0.345833,-0.33125,-0.325,-0.3125,-0.30625,-0.2875,-0.2625,-0.233333,-0.216667,-0.183333,-0.166667,-0.1375,-0.114583,-0.095833,-0.089583,-0.079167,-0.075,-0.070833,-0.075,-0.083333,-0.0875,-0.09375,-0.095833,-0.097917,-0.1,-0.102083,-0.104167,-0.104167,-0.104167,-0.10625,-0.104167,-0.1,-0.091667,-0.079167,-0.072917,-0.0625,-0.052083,-0.047917,-0.039583,-0.035417]","[0.02,0.02,0.02,0.02,0.02,0.02,0.02,0.02,0.016889,0.016889,0.016889,0.016889,0.016889,0.016889,0.016889,0.016889,0.016889,0.016889,0.016889,0.016889,0.016889,0.016889,0.016889,0.016889,0.016889,0.016889,0.016889,0.016889,0.02,0.02,0.02,0.02,0.02,0.02,0.02,0.02,0.02,0.016889,0.007556,0.001333,-0.014222,-0.029778,-0.036,-0.036,-0.039111,-0.039111,-0.039111,-0.039111,-0.039111,-0.039111,-0.039111,-0.039111,-0.045333,-0.064,-0.095111,-0.116889,-0.169778,-0.200889,-0.266222,-0.331556,-0.390667,-0.415556,-0.462222,-0.490222,-0.543111,-0.599111,-0.624,-0.667556,-0.698667,-0.708,-0.729778,-0.751556,-0.760889,-0.782667,-0.801333,-0.813778,-0.835556,-0.860444,-0.872889,-0.894667,-0.907111,-0.910222,-0.913333,-0.913333,-0.913333,-0.913333,-0.913333,-0.910222,-0.897778,-0.888444,-0.863556,-0.823111,-0.760889,-0.723556,-0.633333,-0.580444,-0.474667,-0.375111,-0.297333,-0.266222,-0.216444,-0.172889,-0.151111,-0.116889,-0.095111,-0.092,-0.085778,-0.085778,-0.088889,-0.092,-0.098222,-0.104444,-0.110667,-0.113778,-0.113778,-0.104444,-0.088889,-0.082667,-0.064,-0.057778,-0.039111,-0.023556,-0.011111,-0.004889,0.007556,0.02,0.026222,0.038667,0.041778,0.044889,0.044889,0.044889,0.048,0.054222,0.057333,0.060444,0.063556,0.066667,0.066667,0.069778,0.069778,0.076,0.082222,0.091556,0.097778,0.104,0.107111,0.113333,0.116444,0.119556,0.119556,0.122667,0.122667,0.122667,0.125778,0.128889,0.135111,0.153778,0.163111,0.178667,0.191111,0.203556,0.209778,0.219111,0.225333,0.228444,0.225333,0.222222,0.219111,0.212889,0.209778,0.206667,0.206667,0.206667,0.206667,0.209778,0.209778,0.209778,0.212889,0.212889,0.212889,0.206667,0.200444,0.184889,0.169333,0.150667,0.141333,0.119556,0.110222,0.082222,0.048,0.016889,0.001333,-0.026667,-0.039111,-0.060889,-0.079556,-0.088889,-0.092,-0.092,-0.088889,-0.082667,-0.073333,-0.067111,-0.051556,-0.036,-0.029778,-0.020444,-0.017333,-0.017333,-0.014222,-0.014222]","[0.0011,0.017,0.0342,0.0504,0.0676,0.0837,0.1005,0.1175,0.1336,0.1505,0.1675,0.1835,0.2004,0.2175,0.2337,0.2507,0.267,0.2843,0.3002,0.3172,0.3342,0.3504,0.3674,0.3842,0.4011,0.4174,0.4344,0.4514,0.4675,0.4846,0.5004,0.5176,0.5339,0.5511,0.5673,0.5845,0.6007,0.6177,0.6346,0.6509,0.668,0.6839,0.7009,0.718,0.7343,0.7512,0.7675,0.7843,0.8013,0.8181,0.8341,0.8512,0.868,0.8843,0.9014,0.9175,0.9347,0.9512,0.9683,0.9845,1.0017,1.0179,1.035,1.0512,1.068,1.085,1.1013,1.1183,1.1346,1.1517,1.1678,1.1847,1.2017,1.2182,1.2347,1.2518,1.2682,1.2851,1.3015,1.3181,1.3351,1.3515,1.3686,1.3849,1.4014,1.4183,1.4347,1.4515,1.4685,1.485,1.502,1.5181,1.5352,1.5516,1.5687,1.5848,1.6018,1.6187,1.635,1.652,1.6684,1.6855,1.7017,1.7186,1.7352,1.7522,1.7684,1.7854,1.8019,1.8184,1.8355,1.8518,1.8688,1.8853,1.9018,1.919,1.9354,1.9523,1.9687,1.9854,2.002,2.019,2.0353,2.0525,2.069,2.0855,2.1021,2.1192,2.1356,2.1523,2.1691,2.1858,2.2023,2.219,2.2356,2.2524,2.2691,2.2855,2.3028,2.3192,2.3357,2.3527,2.3692,2.3858,2.4025,2.4192,2.4358,2.4524,2.4688,2.4861,2.5026,2.5193,2.5358,2.5527,2.5692,2.586,2.6022,2.6193,2.636,2.6527,2.6697,2.6862,2.7027,2.7192,2.7361,2.7525,2.7696,2.7861,2.8026,2.8196,2.836,2.8526,2.8692,2.8864,2.9028,2.9196,2.9362,2.9526,2.97,2.9862,3.0031,3.0194,3.0361,3.0528,3.0698,3.0864,3.1029,3.1195,3.1362,3.1532,3.1697,3.1863,3.203,3.2195,3.2365,3.253,3.2701,3.2865,3.3034,3.3202,3.3369,3.3536,3.3702,3.3867,3.4032,3.42,3.4366,3.4538,3.4701,3.4869,3.5038,3.5204]","[1,1,1,1,1,1,1,1,1,1,1,1,1,1,1,1,1,1,1,1,1,1,1,1,1,1,1,1,1,1,1,1,1,1,1,1,1,1,1,1,1,1,1,1,1,1,1,1,1,1,1,1,1,1,1,1,1,1,1,1,1,1,1,1,1,1,1,1,1,1,1,1,1,1,1,1,1,1,1,1,1,1,1,1,1,1,1,1,1,1,1,1,1,1,1,1,1,1,1,1,1,1,1,1,1,1,1,1,1,1,1,1,1,1,1,1,1,1,1,1,1,1,1,1,1,1,1,1,1,1,1,2,2,2,2,2,2,2,2,2,2,2,2,2,2,2,2,2,2,2,2,2,2,2,2,2,2,2,2,2,2,2,2,2,2,2,2,2,2,2,2,2,2,2,2,2,2,2,2,2,2,2,2,2,2,2,2,2,2,2,2,2,2,2,2,2,2,2,2,2,2,2,2,2,2,2,2,2,2,2,2,2]",60,466.9501,4,158,0,158,0,1,229579,4,SV_73ADPjbMtd0KUBg,304,2022-03-02_15h06.07.165,implicit_time,2021.1.4,Linux x86_64,59.95563283
cursorjump,215,0,0,10,NA,0,NA,0,0,0.5,FALSE,rotation,0,"[-0.039583,-0.039583,-0.039583,-0.039583,-0.039583,-0.039583,-0.039583,-0.039583,-0.039583,-0.039583,-0.039583,-0.039583,-0.039583,-0.039583,-0.039583,-0.039583,-0.039583,-0.039583,-0.039583,-0.039583,-0.039583,-0.039583,-0.039583,-0.039583,-0.039583,-0.039583,-0.039583,-0.039583,-0.039583,-0.039583,-0.039583,-0.039583,-0.039583,-0.039583,-0.047917,-0.064583,-0.089583,-0.108333,-0.147917,-0.170833,-0.21875,-0.272917,-0.33125,-0.360417,-0.416667,-0.441667,-0.489583,-0.533333,-0.575,-0.591667,-0.625,-0.639583,-0.666667,-0.6875,-0.70625,-0.714583,-0.729167,-0.733333,-0.741667,-0.747917,-0.754167,-0.75625,-0.7625,-0.764583,-0.770833,-0.777083,-0.78125,-0.785417,-0.7875,-0.789583,-0.7875,-0.783333,-0.772917,-0.766667,-0.752083,-0.745833,-0.729167,-0.70625,-0.672917,-0.654167,-0.60625,-0.55,-0.520833,-0.458333,-0.397917,-0.366667,-0.3125,-0.2625,-0.239583,-0.197917,-0.18125,-0.152083,-0.13125,-0.114583,-0.108333,-0.097917,-0.095833,-0.09375,-0.09375,-0.095833,-0.095833,-0.1,-0.102083,-0.104167,-0.10625,-0.10625,-0.104167,-0.097917,-0.09375,-0.079167,-0.066667,-0.05625,-0.052083,-0.045833,-0.041667,-0.039583,-0.0375,-0.0375,-0.0375,-0.0375,-0.0375,-0.0375,-0.0375,-0.0375,-0.0375,-0.0375,-0.0375,-0.0375,-0.0375,-0.0375,-0.035417,-0.035417,-0.035417,-0.035417,-0.035417,-0.033333,-0.033333,-0.033333,-0.033333,-0.033333,-0.033333,-0.033333,-0.033333,-0.033333,-0.033333,-0.033333,-0.033333,-0.03125]","[0.001333,0.001333,0.001333,0.001333,0.001333,0.001333,0.001333,0.001333,0.001333,0.001333,0.001333,0.001333,0.001333,0.001333,0.001333,0.001333,0.001333,0.001333,0.001333,0.001333,0.001333,0.001333,0.001333,0.001333,0.001333,0.001333,0.001333,0.001333,0.001333,0.001333,0.001333,0.001333,0.001333,0.001333,-0.004889,-0.020444,-0.042222,-0.054667,-0.079556,-0.095111,-0.129333,-0.172889,-0.225778,-0.250667,-0.294222,-0.316,-0.353333,-0.390667,-0.424889,-0.440444,-0.468444,-0.484,-0.502667,-0.521333,-0.54,-0.546222,-0.561778,-0.571111,-0.583556,-0.596,-0.611556,-0.617778,-0.630222,-0.636444,-0.645778,-0.655111,-0.664444,-0.667556,-0.673778,-0.673778,-0.673778,-0.664444,-0.648889,-0.639556,-0.620889,-0.611556,-0.589778,-0.561778,-0.527556,-0.505778,-0.456,-0.406222,-0.384444,-0.337778,-0.297333,-0.278667,-0.238222,-0.194667,-0.172889,-0.135556,-0.116889,-0.092,-0.070222,-0.051556,-0.045333,-0.039111,-0.036,-0.032889,-0.032889,-0.036,-0.036,-0.039111,-0.042222,-0.045333,-0.048444,-0.048444,-0.048444,-0.045333,-0.045333,-0.042222,-0.039111,-0.036,-0.036,-0.032889,-0.032889,-0.029778,-0.029778,-0.029778,-0.029778,-0.029778,-0.029778,-0.029778,-0.029778,-0.029778,-0.029778,-0.029778,-0.029778,-0.029778,-0.029778,-0.029778,-0.029778,-0.029778,-0.029778,-0.026667,-0.026667,-0.026667,-0.026667,-0.026667,-0.026667,-0.026667,-0.026667,-0.026667,-0.026667,-0.026667,-0.026667,-0.026667,-0.026667,-0.026667]","[0.0006,0.0167,0.0339,0.051,0.0669,0.0836,0.0998,0.1168,0.1337,0.1504,0.1668,0.1834,0.1999,0.217,0.2341,0.251,0.2665,0.2843,0.3006,0.3165,0.3333,0.3502,0.3675,0.3838,0.4004,0.4173,0.4343,0.4512,0.4668,0.4836,0.5001,0.517,0.5339,0.5509,0.567,0.5838,0.6005,0.6171,0.6341,0.6509,0.6674,0.6841,0.7005,0.7174,0.7341,0.7508,0.7677,0.7836,0.8008,0.818,0.8337,0.8506,0.8674,0.8842,0.9013,0.9173,0.9343,0.951,0.9679,0.9847,1.0015,1.0176,1.0349,1.0508,1.0678,1.0848,1.101,1.118,1.1349,1.1508,1.1677,1.1847,1.2019,1.2175,1.2348,1.2508,1.2677,1.2844,1.3013,1.3185,1.3345,1.3514,1.3681,1.385,1.4007,1.4178,1.4349,1.4519,1.4678,1.4852,1.5009,1.5181,1.5348,1.5512,1.568,1.5849,1.6017,1.6176,1.6347,1.6516,1.6682,1.685,1.7017,1.7183,1.735,1.7516,1.768,1.785,1.8017,1.8184,1.8352,1.8517,1.8684,1.8854,1.9014,1.9186,1.9355,1.952,1.9685,1.9854,2.0014,2.0184,2.0356,2.0514,2.0677,2.0856,2.1016,2.1189,2.1347,2.1515,2.1685,2.1854,2.2025,2.2183,2.2352,2.2523,2.2683,2.2851,2.3022,2.3183,2.3348,2.3517,2.3687,2.3857,2.4016,2.4186,2.4353,2.4521]","[1,1,1,1,1,1,1,1,1,1,1,1,1,1,1,1,1,1,1,1,1,1,1,1,1,1,1,1,1,1,1,1,1,1,1,1,1,1,1,1,1,1,1,1,1,1,1,1,1,1,1,1,1,1,1,1,1,1,1,1,2,2,2,2,2,2,2,2,2,2,2,2,2,2,2,2,2,2,2,2,2,2,2,2,2,2,2,2,2,2,2,2,2,2,2,2,2,2,2,2,2,2,2,2,2,2,2,2,2,2,2,2,2,2,2,2,2,2,2,2,2,2,2,2,2,2,2,2,2,2,2,2,2,2,2,2,2,2,2,2,2,2,2,2,2,2,2,2]",60,470.1518,4,159,0,159,0,1,229579,4,SV_73ADPjbMtd0KUBg,304,2022-03-02_15h06.07.165,implicit_time,2021.1.4,Linux x86_64,59.95563283
cursorjump,135,45,0.5,10,NA,0,NA,0,1,0.5,FALSE,rotation,1,"[-0.027083,-0.025,-0.025,-0.022917,-0.022917,-0.020833,-0.01875,-0.014583,-0.0125,-0.008333,-0.00625,-0.004167,-0.002083,-0.002083,0,0,0,0,-0.002083,-0.002083,-0.002083,-0.002083,0,0,-0.002083,-0.002083,-0.002083,-0.002083,-0.002083,-0.002083,-0.002083,-0.002083,-0.002083,-0.002083,-0.002083,-0.002083,-0.002083,-0.004167,-0.00625,-0.010417,-0.014583,-0.016667,-0.016667,-0.016667,-0.016667,-0.016667,-0.016667,-0.016667,-0.01875,-0.020833,-0.029167,-0.052083,-0.089583,-0.1125,-0.164583,-0.1875,-0.233333,-0.275,-0.322917,-0.347917,-0.397917,-0.420833,-0.466667,-0.5125,-0.560417,-0.585417,-0.635417,-0.658333,-0.70625,-0.752083,-0.8,-0.825,-0.872917,-0.89375,-0.935417,-0.972917,-1.008333,-1.025,-1.054167,-1.079167,-1.089583,-1.104167,-1.114583,-1.116667,-1.122917,-1.122917,-1.122917,-1.116667,-1.1,-1.085417,-1.05,-1.027083,-0.979167,-0.920833,-0.852083,-0.814583,-0.7375,-0.660417,-0.625,-0.55625,-0.495833,-0.466667,-0.4125,-0.3875,-0.345833,-0.310417,-0.283333,-0.272917,-0.25625,-0.252083,-0.245833,-0.245833,-0.245833,-0.247917,-0.247917,-0.247917,-0.245833,-0.2375,-0.23125,-0.204167,-0.16875,-0.1375,-0.125,-0.102083,-0.09375,-0.079167,-0.072917,-0.070833,-0.075,-0.08125,-0.08125,-0.079167,-0.075,-0.072917,-0.072917,-0.070833,-0.070833,-0.06875,-0.064583,-0.060417,-0.060417,-0.060417,-0.060417,-0.060417,-0.058333,-0.05,-0.045833,-0.035417]","[-0.020444,-0.020444,-0.020444,-0.020444,-0.017333,-0.017333,-0.014222,-0.011111,-0.011111,-0.008,-0.004889,-0.001778,-0.001778,-0.001778,-0.001778,-0.001778,-0.001778,-0.001778,-0.001778,-0.001778,-0.001778,-0.001778,-0.001778,-0.001778,-0.001778,-0.001778,-0.001778,-0.001778,-0.001778,-0.001778,-0.001778,-0.001778,-0.001778,-0.001778,-0.001778,-0.001778,-0.001778,0.001333,0.001333,0.001333,0.004444,0.004444,0.004444,0.004444,0.004444,0.004444,0.004444,0.004444,0.004444,0.004444,0.004444,0.001333,-0.001778,-0.001778,0.004444,0.010667,0.023111,0.035556,0.041778,0.048,0.054222,0.057333,0.060444,0.060444,0.060444,0.060444,0.060444,0.063556,0.066667,0.076,0.085333,0.088444,0.094667,0.097778,0.107111,0.116444,0.128889,0.135111,0.147556,0.16,0.163111,0.172444,0.178667,0.181778,0.184889,0.188,0.188,0.188,0.191111,0.194222,0.197333,0.200444,0.200444,0.194222,0.194222,0.191111,0.194222,0.200444,0.206667,0.216,0.228444,0.237778,0.256444,0.262667,0.281333,0.3,0.312444,0.318667,0.328,0.331111,0.331111,0.331111,0.331111,0.331111,0.328,0.324889,0.315556,0.306222,0.303111,0.293778,0.284444,0.272,0.265778,0.250222,0.240889,0.225333,0.203556,0.191111,0.166222,0.138222,0.125778,0.100889,0.072889,0.044889,0.032444,0.013778,0.007556,0.001333,-0.001778,-0.001778,-0.001778,-0.001778,-0.001778,-0.001778,-0.001778,-0.001778,-0.001778,-0.001778]","[0.0008,0.0159,0.0326,0.0491,0.0658,0.0828,0.0994,0.1164,0.1325,0.1492,0.1661,0.1827,0.1992,0.2161,0.2331,0.2485,0.2657,0.2819,0.2994,0.3155,0.3322,0.3492,0.3661,0.3821,0.3991,0.4153,0.4321,0.4491,0.4657,0.4823,0.4993,0.516,0.5326,0.5495,0.5664,0.5829,0.5996,0.616,0.6326,0.6495,0.6666,0.6826,0.6998,0.7157,0.7328,0.7495,0.7665,0.7831,0.7999,0.8165,0.8332,0.85,0.866,0.8829,0.9002,0.916,0.9328,0.9499,0.9669,0.9829,1.0001,1.0161,1.0329,1.0495,1.0662,1.083,1.0998,1.1167,1.1333,1.1502,1.167,1.1837,1.2003,1.2169,1.2334,1.2501,1.2669,1.2835,1.3002,1.3171,1.3338,1.3499,1.3669,1.3838,1.4006,1.4162,1.4339,1.4506,1.4663,1.4839,1.4998,1.5166,1.5335,1.5507,1.5672,1.5838,1.6006,1.6175,1.6332,1.6503,1.6673,1.6836,1.7004,1.717,1.7336,1.7502,1.7669,1.7835,1.8002,1.8168,1.8336,1.8506,1.8675,1.8836,1.9,1.917,1.9336,1.9506,1.9674,1.9842,2.0016,2.0179,2.0339,2.0504,2.0671,2.0838,2.1006,2.1173,2.134,2.1509,2.1674,2.1838,2.2006,2.2173,2.2339,2.2506,2.2673,2.284,2.3007,2.3173,2.3338,2.3506,2.3674,2.384,2.4008,2.4175,2.4342,2.4507]","[1,1,1,1,1,1,1,1,1,1,1,1,1,1,1,1,1,1,1,1,1,1,1,1,1,1,1,1,1,1,1,1,1,1,1,1,1,1,1,1,1,1,1,1,1,1,1,1,1,1,1,1,1,1,1,1,1,1,1,1,1,1,1,1,1,1,1,1,1,1,1,1,1,1,1,2,2,2,2,2,2,2,2,2,2,2,2,2,2,2,2,2,2,2,2,2,2,2,2,2,2,2,2,2,2,2,2,2,2,2,2,2,2,2,2,2,2,2,2,2,2,2,2,2,2,2,2,2,2,2,2,2,2,2,2,2,2,2,2,2,2,2,2,2,2,2,2,2]",60,473.1208,4,160,0,160,0,1,229579,4,SV_73ADPjbMtd0KUBg,304,2022-03-02_15h06.07.165,implicit_time,2021.1.4,Linux x86_64,59.95563283
cursorjump,125,0,0,10,NA,0,NA,0,0,0.5,FALSE,rotation,0,"[-0.010417,-0.010417,-0.010417,-0.0125,-0.0125,-0.0125,-0.0125,-0.0125,-0.0125,-0.0125,-0.0125,-0.0125,-0.0125,-0.0125,-0.0125,-0.0125,-0.0125,-0.0125,-0.0125,-0.0125,-0.0125,-0.0125,-0.0125,-0.0125,-0.0125,-0.0125,-0.0125,-0.0125,-0.0125,-0.0125,-0.0125,-0.0125,-0.0125,-0.0125,-0.0125,-0.0125,-0.0125,-0.0125,-0.014583,-0.016667,-0.022917,-0.035417,-0.04375,-0.060417,-0.083333,-0.09375,-0.11875,-0.145833,-0.1625,-0.195833,-0.23125,-0.247917,-0.279167,-0.308333,-0.322917,-0.345833,-0.364583,-0.372917,-0.385417,-0.391667,-0.395833,-0.397917,-0.397917,-0.397917,-0.39375,-0.389583,-0.385417,-0.383333,-0.383333,-0.385417,-0.391667,-0.397917,-0.4,-0.408333,-0.416667,-0.420833,-0.425,-0.425,-0.427083,-0.429167,-0.43125,-0.43125,-0.433333,-0.433333,-0.433333,-0.433333,-0.429167,-0.425,-0.414583,-0.408333,-0.39375,-0.377083,-0.352083,-0.3375,-0.308333,-0.29375,-0.2625,-0.233333,-0.202083,-0.185417,-0.154167,-0.1375,-0.108333,-0.077083,-0.052083,-0.041667,-0.022917,-0.014583,-0.002083,0.010417,0.016667,0.020833,0.027083,0.03125,0.035417,0.035417,0.0375,0.0375,0.0375,0.0375,0.0375,0.035417,0.035417,0.035417,0.035417,0.0375,0.0375,0.039583,0.041667,0.041667,0.039583,0.039583,0.033333,0.027083,0.016667,0.010417,-0.002083,-0.010417,-0.025,-0.039583,-0.05,-0.054167,-0.064583,-0.075,-0.075,-0.075,-0.077083,-0.08125,-0.08125,-0.083333,-0.0875,-0.09375,-0.095833,-0.097917,-0.1,-0.097917,-0.089583,-0.075,-0.064583,-0.039583,-0.01875,0]","[-0.014222,-0.014222,-0.014222,-0.014222,-0.014222,-0.014222,-0.014222,-0.014222,-0.014222,-0.014222,-0.014222,-0.014222,-0.014222,-0.014222,-0.014222,-0.014222,-0.014222,-0.014222,-0.014222,-0.014222,-0.014222,-0.014222,-0.014222,-0.014222,-0.014222,-0.014222,-0.014222,-0.014222,-0.014222,-0.014222,-0.014222,-0.014222,-0.014222,-0.014222,-0.014222,-0.014222,-0.014222,-0.014222,-0.008,-0.001778,0.026222,0.063556,0.082222,0.128889,0.175556,0.200444,0.256444,0.309333,0.334222,0.377778,0.421333,0.443111,0.483556,0.517778,0.533333,0.564444,0.592444,0.604889,0.629778,0.654667,0.664,0.682667,0.704444,0.713778,0.735556,0.760444,0.772889,0.800889,0.822667,0.835111,0.853778,0.872444,0.878667,0.894222,0.909778,0.916,0.925333,0.928444,0.931556,0.934667,0.940889,0.940889,0.944,0.944,0.944,0.944,0.937778,0.934667,0.916,0.906667,0.884889,0.856889,0.828889,0.810222,0.772889,0.751111,0.704444,0.657778,0.608,0.583111,0.530222,0.505333,0.455556,0.412,0.374667,0.356,0.321778,0.306222,0.278222,0.253333,0.231556,0.225333,0.212889,0.206667,0.200444,0.197333,0.197333,0.197333,0.197333,0.197333,0.197333,0.197333,0.197333,0.197333,0.191111,0.184889,0.166222,0.141333,0.107111,0.091556,0.069778,0.066667,0.060444,0.063556,0.072889,0.079111,0.097778,0.113333,0.150667,0.203556,0.265778,0.293778,0.343556,0.380889,0.396444,0.427556,0.443111,0.458667,0.461778,0.458667,0.449333,0.430667,0.415111,0.384,0.346667,0.324889,0.268889,0.200444,0.166222,0.104,0.054222,0.023111]","[0.0008,0.0165,0.0338,0.0496,0.0664,0.0837,0.0993,0.117,0.1329,0.1497,0.1668,0.1837,0.2005,0.2171,0.2337,0.2496,0.2667,0.2834,0.3001,0.3167,0.3335,0.3504,0.3668,0.3837,0.4003,0.4172,0.4343,0.4501,0.4669,0.4835,0.5,0.5168,0.5338,0.5509,0.5667,0.5834,0.6,0.6171,0.6343,0.65,0.667,0.6837,0.7005,0.7173,0.7335,0.75,0.7672,0.7837,0.8002,0.8173,0.8339,0.8504,0.867,0.8837,0.9006,0.9174,0.9342,0.9506,0.9674,0.984,1.0011,1.017,1.0339,1.0509,1.0678,1.0835,1.1008,1.1174,1.1342,1.1509,1.1677,1.1845,1.2012,1.2177,1.2346,1.2506,1.2673,1.2841,1.301,1.3177,1.3343,1.3511,1.3675,1.3841,1.4007,1.4174,1.434,1.4507,1.4675,1.4847,1.5015,1.5172,1.5341,1.5511,1.5682,1.5844,1.6015,1.6172,1.6343,1.6512,1.6681,1.684,1.7011,1.718,1.7348,1.7513,1.7681,1.7848,1.8012,1.8178,1.8346,1.8512,1.8678,1.8846,1.9012,1.9178,1.9343,1.951,1.968,1.9849,2.0012,2.0177,2.0344,2.0511,2.0678,2.0845,2.1012,2.1179,2.1348,2.1512,2.168,2.1845,2.2014,2.2182,2.2349,2.2517,2.2684,2.2852,2.3018,2.3186,2.3351,2.3517,2.3686,2.3853,2.402,2.4188,2.4345,2.4514,2.4681,2.4849,2.5017,2.5185,2.5352,2.5517,2.5682,2.5849,2.6015,2.6181,2.6356,2.6523,2.6688,2.6854]","[1,1,1,1,1,1,1,1,1,1,1,1,1,1,1,1,1,1,1,1,1,1,1,1,1,1,1,1,1,1,1,1,1,1,1,1,1,1,1,1,1,1,1,1,1,1,1,1,1,1,1,1,1,1,1,1,1,1,1,1,1,1,1,1,1,1,1,1,1,1,1,2,2,2,2,2,2,2,2,2,2,2,2,2,2,2,2,2,2,2,2,2,2,2,2,2,2,2,2,2,2,2,2,2,2,2,2,2,2,2,2,2,2,2,2,2,2,2,2,2,2,2,2,2,2,2,2,2,2,2,2,2,2,2,2,2,2,2,2,2,2,2,2,2,2,2,2,2,2,2,2,2,2,2,2,2,2,2,2,2,2,2]",60,476.3233,4,161,0,161,0,1,229579,4,SV_73ADPjbMtd0KUBg,304,2022-03-02_15h06.07.165,implicit_time,2021.1.4,Linux x86_64,59.95563283
cursorjump,315,45,0.5,10,NA,0,NA,0,1,0.5,FALSE,rotation,1,"[-0.00625,-0.00625,-0.00625,-0.00625,-0.00625,-0.00625,-0.00625,-0.00625,-0.00625,-0.00625,-0.00625,-0.00625,-0.00625,-0.00625,-0.00625,-0.00625,-0.00625,-0.00625,-0.00625,-0.00625,-0.00625,-0.00625,-0.00625,-0.00625,-0.00625,-0.00625,-0.00625,-0.00625,-0.00625,-0.00625,-0.00625,-0.00625,-0.00625,-0.00625,-0.00625,-0.00625,-0.00625,-0.00625,-0.00625,-0.00625,-0.00625,-0.00625,-0.00625,-0.00625,-0.00625,-0.00625,-0.00625,-0.00625,-0.00625,-0.00625,-0.00625,-0.00625,-0.00625,-0.00625,-0.00625,-0.00625,-0.008333,-0.008333,-0.008333,-0.008333,-0.008333,-0.008333,-0.008333,-0.008333,-0.008333,-0.008333,-0.008333,-0.00625,-0.00625,-0.00625,-0.00625,-0.00625,-0.00625,-0.00625,-0.008333,-0.008333,-0.008333,-0.00625,-0.00625,0.004167,0.029167,0.047917,0.09375,0.122917,0.189583,0.270833,0.36875,0.41875,0.5125,0.552083,0.627083,0.69375,0.754167,0.78125,0.827083,0.847917,0.879167,0.90625,0.939583,0.960417,0.995833,1.00625,1.020833,1.025,1.025,1.025,1.027083,1.029167,1.033333,1.0375,1.041667,1.04375,1.054167,1.0625,1.08125,1.091667,1.097917,1.097917,1.097917,1.095833,1.0875,1.06875,1.041667,1.022917,0.983333,0.960417,0.9125,0.858333,0.797917,0.766667,0.704167,0.670833,0.608333,0.547917,0.51875,0.46875,0.429167,0.410417,0.379167,0.354167,0.34375,0.320833,0.302083,0.291667,0.277083,0.2625,0.254167,0.233333,0.208333,0.19375,0.166667,0.141667,0.129167,0.104167,0.083333,0.075,0.060417,0.052083,0.05,0.047917,0.05,0.052083,0.054167,0.058333,0.058333,0.058333,0.058333,0.05625,0.052083,0.047917,0.045833,0.04375,0.041667,0.041667,0.041667,0.041667,0.041667,0.041667,0.039583,0.039583,0.0375,0.035417,0.035417,0.03125,0.029167,0.029167,0.027083]","[0.001333,0.001333,0.001333,0.001333,0.001333,0.001333,0.001333,0.001333,0.001333,0.001333,0.001333,0.001333,0.001333,0.001333,0.001333,0.001333,0.001333,0.001333,0.001333,0.001333,0.001333,0.001333,0.001333,0.001333,0.001333,0.001333,0.001333,0.001333,0.001333,0.001333,0.001333,0.001333,0.001333,0.001333,0.001333,0.001333,0.001333,0.001333,0.001333,0.001333,0.001333,0.001333,0.001333,0.001333,0.001333,0.001333,0.001333,0.001333,-0.001778,-0.001778,-0.001778,-0.001778,-0.001778,-0.001778,-0.001778,-0.001778,-0.001778,-0.001778,-0.001778,-0.001778,-0.001778,-0.001778,-0.001778,-0.001778,-0.001778,-0.001778,-0.001778,-0.001778,-0.001778,-0.001778,-0.001778,-0.001778,-0.001778,-0.001778,-0.001778,-0.001778,-0.001778,-0.001778,0.001333,0.004444,0.013778,0.02,0.026222,0.029333,0.032444,0.041778,0.054222,0.060444,0.072889,0.079111,0.091556,0.104,0.113333,0.116444,0.125778,0.125778,0.128889,0.132,0.132,0.132,0.132,0.132,0.132,0.128889,0.128889,0.128889,0.128889,0.125778,0.122667,0.119556,0.116444,0.113333,0.113333,0.110222,0.113333,0.113333,0.116444,0.116444,0.116444,0.119556,0.119556,0.122667,0.116444,0.110222,0.097778,0.091556,0.072889,0.051111,0.026222,0.013778,-0.008,-0.020444,-0.042222,-0.064,-0.076444,-0.092,-0.107556,-0.116889,-0.129333,-0.141778,-0.144889,-0.154222,-0.163556,-0.166667,-0.172889,-0.179111,-0.182222,-0.194667,-0.204,-0.210222,-0.216444,-0.219556,-0.219556,-0.216444,-0.210222,-0.207111,-0.200889,-0.194667,-0.191556,-0.182222,-0.172889,-0.166667,-0.151111,-0.135556,-0.129333,-0.116889,-0.107556,-0.104444,-0.095111,-0.085778,-0.079556,-0.070222,-0.064,-0.054667,-0.051556,-0.045333,-0.042222,-0.042222,-0.039111,-0.039111,-0.039111,-0.036,-0.036,-0.032889,-0.029778,-0.029778,-0.026667]","[0.0047,0.0172,0.0336,0.0493,0.0661,0.0825,0.099,0.1161,0.1329,0.1495,0.1662,0.1828,0.1992,0.2164,0.2324,0.2499,0.2664,0.2827,0.2995,0.3161,0.3328,0.3495,0.3669,0.3832,0.3996,0.4157,0.4335,0.4498,0.4663,0.4836,0.5001,0.5164,0.533,0.5502,0.5669,0.5835,0.5997,0.6165,0.6331,0.6501,0.6665,0.6833,0.6997,0.717,0.7336,0.75,0.7666,0.7827,0.8004,0.8168,0.8334,0.8495,0.8671,0.8831,0.8996,0.917,0.9338,0.9499,0.9664,0.9838,1.0003,1.0169,1.0331,1.0499,1.0676,1.084,1.1007,1.1172,1.1338,1.1504,1.1669,1.1835,1.2006,1.2169,1.2335,1.2497,1.2676,1.2843,1.301,1.3177,1.3343,1.3509,1.3677,1.3836,1.4003,1.4173,1.4339,1.4502,1.467,1.4839,1.5004,1.517,1.5337,1.5504,1.5673,1.5841,1.601,1.6173,1.6339,1.6506,1.6672,1.6842,1.7008,1.7174,1.7339,1.7506,1.7674,1.7841,1.8008,1.8173,1.8345,1.851,1.8675,1.8839,1.9009,1.9175,1.9342,1.9508,1.9676,1.9844,2.001,2.0176,2.034,2.0509,2.0675,2.0848,2.1011,2.1178,2.1342,2.1509,2.1674,2.1844,2.201,2.2176,2.2343,2.251,2.2676,2.2842,2.3011,2.3179,2.335,2.3514,2.368,2.3846,2.4012,2.4179,2.4347,2.4512,2.4679,2.4848,2.5013,2.5181,2.5348,2.5515,2.5685,2.5851,2.6016,2.6185,2.6351,2.6515,2.6681,2.685,2.7017,2.7183,2.735,2.7516,2.7684,2.7851,2.8017,2.8185,2.8352,2.8518,2.8689,2.8855,2.902,2.9187,2.9352,2.9516,2.9685,2.9852,3.0019,3.0187,3.0353,3.0519,3.0685,3.0851,3.1018]","[1,1,1,1,1,1,1,1,1,1,1,1,1,1,1,1,1,1,1,1,1,1,1,1,1,1,1,1,1,1,1,1,1,1,1,1,1,1,1,1,1,1,1,1,1,1,1,1,1,1,1,1,1,1,1,1,1,1,1,1,1,1,1,1,1,1,1,1,1,1,1,1,1,1,1,1,1,1,1,1,1,1,1,1,1,1,1,1,1,1,1,1,1,1,1,1,1,1,1,2,2,2,2,2,2,2,2,2,2,2,2,2,2,2,2,2,2,2,2,2,2,2,2,2,2,2,2,2,2,2,2,2,2,2,2,2,2,2,2,2,2,2,2,2,2,2,2,2,2,2,2,2,2,2,2,2,2,2,2,2,2,2,2,2,2,2,2,2,2,2,2,2,2,2,2,2,2,2,2,2,2,2,2,2,2,2,2]",60,480.3759,4,162,0,162,0,1,229579,4,SV_73ADPjbMtd0KUBg,304,2022-03-02_15h06.07.165,implicit_time,2021.1.4,Linux x86_64,59.95563283
cursorjump,325,0,0,10,NA,0,NA,0,0,0.5,FALSE,rotation,0,"[0.016667,0.01875,0.01875,0.01875,0.01875,0.01875,0.01875,0.01875,0.01875,0.01875,0.01875,0.01875,0.016667,0.016667,0.014583,0.014583,0.014583,0.0125,0.0125,0.010417,0.010417,0.010417,0.008333,0.008333,0.008333,0.008333,0.00625,0.00625,0.00625,0.00625,0.00625,0.00625,0.00625,0.00625,0.00625,0.00625,0.00625,0.00625,0.00625,0.00625,0.00625,0.00625,0.00625,0.00625,0.00625,0.00625,0.00625,0.00625,0.00625,0.00625,0.008333,0.008333,0.0125,0.016667,0.025,0.033333,0.05625,0.070833,0.110417,0.152083,0.175,0.225,0.279167,0.339583,0.370833,0.4375,0.475,0.54375,0.6,0.639583,0.654167,0.677083,0.6875,0.70625,0.725,0.741667,0.75,0.764583,0.770833,0.783333,0.79375,0.802083,0.804167,0.802083,0.797917,0.783333,0.770833,0.7625,0.758333,0.745833,0.735417,0.695833,0.64375,0.58125,0.55,0.485417,0.452083,0.375,0.295833,0.229167,0.202083,0.1625,0.145833,0.120833,0.104167,0.091667,0.085417,0.08125,0.08125,0.08125,0.08125,0.085417,0.0875,0.09375,0.095833,0.1,0.102083,0.1,0.095833,0.0875,0.083333,0.077083,0.070833,0.066667,0.064583,0.060417,0.05625,0.05,0.04375,0.041667,0.0375,0.035417]","[0.001333,0.001333,0.001333,0.001333,0.001333,0.001333,0.001333,0.001333,0.001333,0.001333,0.001333,0.004444,0.004444,0.004444,0.007556,0.007556,0.007556,0.007556,0.007556,0.007556,0.007556,0.007556,0.007556,0.007556,0.010667,0.010667,0.010667,0.010667,0.010667,0.010667,0.010667,0.010667,0.010667,0.010667,0.010667,0.010667,0.010667,0.010667,0.010667,0.010667,0.010667,0.010667,0.010667,0.010667,0.010667,0.010667,0.010667,0.010667,0.010667,0.010667,0.010667,0.010667,0.007556,0.007556,0.004444,0.001333,-0.014222,-0.023556,-0.054667,-0.101333,-0.126222,-0.185333,-0.244444,-0.294222,-0.316,-0.365778,-0.393778,-0.446667,-0.496444,-0.54,-0.558667,-0.592889,-0.608444,-0.639556,-0.664444,-0.692444,-0.704889,-0.726667,-0.736,-0.757778,-0.779556,-0.792,-0.795111,-0.795111,-0.792,-0.779556,-0.770222,-0.764,-0.764,-0.754667,-0.748444,-0.720444,-0.683111,-0.639556,-0.617778,-0.571111,-0.546222,-0.480889,-0.396889,-0.312889,-0.275556,-0.222667,-0.204,-0.179111,-0.157333,-0.138667,-0.132444,-0.116889,-0.113778,-0.110667,-0.107556,-0.107556,-0.104444,-0.104444,-0.101333,-0.098222,-0.095111,-0.079556,-0.073333,-0.057778,-0.051556,-0.042222,-0.036,-0.036,-0.032889,-0.032889,-0.032889,-0.029778,-0.026667,-0.023556,-0.023556,-0.020444]","[0.0006,0.0162,0.0326,0.049,0.0667,0.0823,0.0988,0.1153,0.1329,0.1495,0.1659,0.1824,0.1992,0.2154,0.2325,0.25,0.2668,0.2826,0.2992,0.3158,0.3326,0.3489,0.3658,0.3835,0.3992,0.4158,0.4333,0.4497,0.4658,0.4825,0.4991,0.5158,0.5323,0.549,0.5662,0.5824,0.5992,0.616,0.6327,0.6491,0.6657,0.6832,0.6992,0.7159,0.7332,0.7489,0.7658,0.7835,0.7996,0.8161,0.833,0.8492,0.8663,0.8826,0.8995,0.9164,0.9325,0.9492,0.9666,0.9829,1.0003,1.017,1.0382,1.0506,1.0663,1.0829,1.0995,1.1161,1.133,1.1496,1.1661,1.1837,1.2007,1.2163,1.234,1.2496,1.2667,1.283,1.3001,1.317,1.3336,1.3501,1.3669,1.3833,1.3998,1.4168,1.4331,1.4501,1.4663,1.4833,1.501,1.5165,1.5342,1.5497,1.5669,1.5834,1.6011,1.6164,1.6334,1.6505,1.6669,1.6833,1.7,1.7168,1.7336,1.7503,1.7671,1.7838,1.7998,1.8166,1.8337,1.8508,1.8666,1.8834,1.9004,1.9173,1.9335,1.9506,1.9668,1.9841,2,2.0168,2.034,2.0501,2.0669,2.0839,2.1009,2.1171,2.1341,2.1502,2.1672,2.1843]","[1,1,1,1,1,1,1,1,1,1,1,1,1,1,1,1,1,1,1,1,1,1,1,1,1,1,1,1,1,1,1,1,1,1,1,1,1,1,1,1,1,1,1,1,1,1,1,1,1,1,1,1,1,1,1,1,1,1,1,1,1,1,1,1,1,1,1,1,1,1,1,1,1,1,2,2,2,2,2,2,2,2,2,2,2,2,2,2,2,2,2,2,2,2,2,2,2,2,2,2,2,2,2,2,2,2,2,2,2,2,2,2,2,2,2,2,2,2,2,2,2,2,2,2,2,2,2,2,2,2,2,2]",60,483.0775,4,163,0,163,0,1,229579,4,SV_73ADPjbMtd0KUBg,304,2022-03-02_15h06.07.165,implicit_time,2021.1.4,Linux x86_64,59.95563283
cursorjump,45,45,0.5,10,NA,0,NA,0,1,0.5,FALSE,rotation,1,"[-0.004167,-0.004167,-0.004167,-0.004167,-0.004167,-0.004167,-0.004167,-0.004167,-0.004167,-0.004167,-0.004167,-0.004167,-0.004167,-0.004167,-0.004167,-0.004167,-0.004167,-0.004167,-0.004167,-0.004167,-0.004167,-0.004167,-0.004167,-0.004167,-0.004167,-0.004167,-0.004167,-0.004167,-0.004167,-0.004167,-0.004167,-0.004167,-0.004167,-0.004167,-0.002083,-0.002083,-0.004167,-0.004167,-0.002083,0.002083,0.010417,0.014583,0.020833,0.029167,0.039583,0.045833,0.058333,0.064583,0.075,0.085417,0.09375,0.095833,0.104167,0.10625,0.1125,0.11875,0.122917,0.125,0.125,0.125,0.122917,0.120833,0.122917,0.125,0.129167,0.129167,0.13125,0.135417,0.1375,0.139583,0.14375,0.145833,0.147917,0.152083,0.158333,0.160417,0.160417,0.154167,0.15,0.14375,0.141667,0.14375,0.145833,0.145833,0.14375,0.135417,0.129167,0.127083,0.122917,0.11875,0.116667,0.1125,0.110417,0.110417,0.110417,0.1125,0.116667,0.127083,0.15,0.166667,0.214583,0.275,0.310417,0.38125,0.416667,0.483333,0.547917,0.608333,0.6375,0.685417,0.70625,0.739583,0.764583,0.785417,0.795833,0.8125,0.820833,0.8375,0.85625,0.872917,0.879167,0.885417,0.885417,0.885417,0.8875,0.889583,0.89375,0.904167,0.910417,0.91875,0.927083,0.939583,0.95,0.975,0.9875,1.00625,1.016667,1.025,1.029167,1.04375,1.052083,1.05625,1.05625,1.05625,1.05625,1.05625,1.05625,1.05625,1.05625,1.05625,1.05625,1.05625,1.05625,1.05625,1.052083,1.045833,1.0375,1.016667,1,0.952083,0.895833,0.833333,0.802083,0.7375,0.70625,0.641667,0.58125,0.520833,0.491667,0.433333,0.404167,0.352083,0.329167,0.2875,0.254167,0.220833,0.208333,0.185417,0.16875,0.164583,0.154167,0.141667,0.135417,0.125,0.114583,0.110417,0.102083,0.095833,0.09375,0.085417,0.079167,0.075,0.066667,0.05625,0.047917,0.033333]","[-0.004889,-0.004889,-0.004889,-0.004889,-0.004889,-0.004889,-0.004889,-0.004889,-0.004889,-0.004889,-0.004889,-0.004889,-0.004889,-0.004889,-0.004889,-0.004889,-0.004889,-0.004889,-0.004889,-0.004889,-0.004889,-0.004889,-0.004889,-0.004889,-0.004889,-0.004889,-0.004889,-0.004889,-0.004889,-0.004889,-0.004889,-0.004889,-0.001778,-0.001778,0.004444,0.010667,0.038667,0.051111,0.088444,0.110222,0.150667,0.172444,0.222222,0.281333,0.343556,0.374667,0.430667,0.452444,0.496,0.530222,0.558222,0.567556,0.583111,0.592444,0.604889,0.614222,0.626667,0.629778,0.636,0.642222,0.648444,0.660889,0.670222,0.676444,0.685778,0.688889,0.688889,0.685778,0.679556,0.676444,0.660889,0.648444,0.614222,0.564444,0.508444,0.477333,0.408889,0.334222,0.3,0.231556,0.172444,0.144444,0.091556,0.041778,0.02,-0.014222,-0.032889,-0.039111,-0.045333,-0.054667,-0.060889,-0.070222,-0.073333,-0.073333,-0.070222,-0.064,-0.060889,-0.045333,-0.026667,-0.011111,0.023111,0.063556,0.082222,0.116444,0.128889,0.153778,0.178667,0.203556,0.216,0.231556,0.237778,0.247111,0.253333,0.259556,0.259556,0.265778,0.265778,0.268889,0.272,0.272,0.272,0.272,0.272,0.272,0.272,0.272,0.272,0.272,0.272,0.272,0.272,0.268889,0.268889,0.268889,0.265778,0.262667,0.262667,0.262667,0.259556,0.259556,0.259556,0.259556,0.259556,0.259556,0.259556,0.259556,0.259556,0.259556,0.259556,0.259556,0.259556,0.259556,0.259556,0.259556,0.259556,0.256444,0.256444,0.250222,0.247111,0.237778,0.228444,0.216,0.206667,0.184889,0.172444,0.141333,0.110222,0.079111,0.063556,0.032444,0.02,-0.001778,-0.014222,-0.029778,-0.048444,-0.064,-0.070222,-0.082667,-0.085778,-0.088889,-0.092,-0.095111,-0.095111,-0.088889,-0.079556,-0.073333,-0.060889,-0.051556,-0.045333,-0.036,-0.023556,-0.020444,-0.014222,-0.014222,-0.011111,-0.011111]","[0.0003,0.0172,0.0336,0.0499,0.0671,0.0831,0.1,0.117,0.1333,0.1505,0.1666,0.1837,0.2,0.2167,0.2337,0.2498,0.2669,0.2839,0.3007,0.3168,0.3337,0.3502,0.367,0.384,0.4009,0.4169,0.4339,0.4507,0.4675,0.4835,0.5007,0.5177,0.5339,0.5509,0.5669,0.5838,0.6009,0.6169,0.6337,0.6506,0.6675,0.6844,0.7005,0.7177,0.7338,0.7504,0.7673,0.7843,0.8004,0.8176,0.8337,0.8509,0.8678,0.8846,0.9006,0.9173,0.934,0.9504,0.9675,0.9846,1.0009,1.018,1.034,1.051,1.0679,1.084,1.1011,1.1181,1.1341,1.1511,1.1682,1.1843,1.2009,1.218,1.2342,1.2512,1.2681,1.285,1.3011,1.3182,1.334,1.351,1.3679,1.3852,1.4014,1.4175,1.4344,1.4511,1.468,1.4849,1.501,1.5182,1.5343,1.5512,1.568,1.5852,1.6012,1.6181,1.635,1.651,1.6681,1.6851,1.701,1.718,1.735,1.7519,1.7677,1.7849,1.8017,1.8185,1.8345,1.8513,1.8683,1.8854,1.9014,1.9183,1.9352,1.9513,1.9684,1.9855,2.0015,2.0184,2.035,2.0519,2.0681,2.0855,2.1016,2.1185,2.1354,2.1516,2.1688,2.1849,2.2018,2.2188,2.2356,2.2517,2.2688,2.285,2.3021,2.319,2.3351,2.3521,2.369,2.3851,2.4021,2.4184,2.4353,2.4522,2.4683,2.4854,2.5024,2.5183,2.5351,2.5526,2.5684,2.5854,2.6025,2.6187,2.6359,2.6521,2.6694,2.6855,2.7024,2.7184,2.7356,2.7519,2.7692,2.7853,2.8025,2.8186,2.8356,2.8525,2.8687,2.8858,2.9027,2.9187,2.936,2.9521,2.9694,2.9854,3.0023,3.0194,3.0355,3.0526,3.0688,3.0859,3.1028,3.1186,3.1357,3.1529,3.169,3.186,3.2029,3.2188,3.2357,3.2526]","[1,1,1,1,1,1,1,1,1,1,1,1,1,1,1,1,1,1,1,1,1,1,1,1,1,1,1,1,1,1,1,1,1,1,1,1,1,1,1,1,1,1,1,1,1,1,1,1,1,1,1,1,1,1,1,1,1,1,1,1,1,1,1,1,1,1,1,1,1,1,1,1,1,1,1,1,1,1,1,1,1,1,1,1,1,1,1,1,1,1,1,1,1,1,1,1,1,1,1,1,1,1,1,1,1,1,1,1,1,1,1,1,1,1,1,1,1,1,1,1,1,1,1,1,1,1,1,1,1,1,2,2,2,2,2,2,2,2,2,2,2,2,2,2,2,2,2,2,2,2,2,2,2,2,2,2,2,2,2,2,2,2,2,2,2,2,2,2,2,2,2,2,2,2,2,2,2,2,2,2,2,2,2,2,2,2,2,2,2,2,2,2,2,2,2,2]",60,486.8471,4,164,0,164,0,1,229579,4,SV_73ADPjbMtd0KUBg,304,2022-03-02_15h06.07.165,implicit_time,2021.1.4,Linux x86_64,59.95563283
cursorjump,55,0,0,10,NA,0,NA,0,0,0.5,FALSE,rotation,0,"[0,0,0,0,0,0,0,0,0,0,0,0,0,0.002083,0.002083,0.002083,0.002083,0.002083,0.002083,0.002083,0.002083,0.004167,0.004167,0.00625,0.010417,0.0125,0.01875,0.022917,0.033333,0.045833,0.066667,0.083333,0.129167,0.158333,0.216667,0.277083,0.3375,0.370833,0.435417,0.46875,0.533333,0.595833,0.65625,0.683333,0.733333,0.754167,0.785417,0.802083,0.808333,0.808333,0.80625,0.802083,0.7875,0.758333,0.725,0.710417,0.679167,0.660417,0.608333,0.5375,0.458333,0.422917,0.360417,0.33125,0.277083,0.225,0.179167,0.160417,0.129167,0.11875,0.102083,0.091667,0.085417,0.083333,0.08125,0.08125,0.083333,0.08125,0.072917,0.066667,0.052083,0.041667,0.035417,0.027083,0.01875,0.016667,0.014583]","[-0.001778,-0.001778,-0.001778,-0.001778,-0.001778,-0.001778,-0.001778,-0.001778,-0.001778,-0.001778,-0.001778,-0.001778,-0.001778,-0.001778,-0.001778,-0.001778,0.001333,0.001333,0.001333,0.001333,0.001333,0.001333,0.001333,0.001333,0.007556,0.010667,0.02,0.023111,0.035556,0.051111,0.072889,0.088444,0.125778,0.150667,0.200444,0.250222,0.306222,0.337333,0.396444,0.424444,0.480444,0.533333,0.58,0.598667,0.632889,0.645333,0.664,0.676444,0.679556,0.679556,0.679556,0.676444,0.664,0.642222,0.620444,0.608,0.586222,0.573778,0.533333,0.480444,0.418222,0.387111,0.331111,0.303111,0.253333,0.209778,0.175556,0.16,0.144444,0.138222,0.135111,0.132,0.128889,0.128889,0.128889,0.122667,0.119556,0.110222,0.097778,0.091556,0.079111,0.066667,0.060444,0.051111,0.044889,0.041778,0.038667]","[0.0002,0.0164,0.0334,0.0504,0.0666,0.0836,0.1004,0.1168,0.1338,0.1496,0.1667,0.1838,0.2001,0.2171,0.2332,0.25,0.267,0.2833,0.3002,0.3171,0.334,0.35,0.3671,0.3842,0.4003,0.4175,0.4337,0.4506,0.4668,0.4842,0.5003,0.5172,0.5337,0.5508,0.5671,0.5837,0.6008,0.6171,0.6338,0.6504,0.667,0.6842,0.7001,0.717,0.734,0.7506,0.767,0.7841,0.8004,0.817,0.8341,0.8504,0.867,0.8837,0.9006,0.9173,0.9339,0.951,0.9675,0.9836,1.0006,1.0178,1.0341,1.0506,1.0678,1.0841,1.1013,1.1171,1.1341,1.151,1.168,1.1842,1.2011,1.2173,1.2343,1.2513,1.2675,1.2843,1.3013,1.3174,1.3344,1.3516,1.3677,1.3848,1.4006,1.4176,1.4345]","[1,1,1,1,1,1,1,1,1,1,1,1,1,1,1,1,1,1,1,1,1,1,1,1,1,1,1,1,1,1,1,1,1,1,1,1,1,1,1,1,1,1,1,1,2,2,2,2,2,2,2,2,2,2,2,2,2,2,2,2,2,2,2,2,2,2,2,2,2,2,2,2,2,2,2,2,2,2,2,2,2,2,2,2,2,2,2]",60,488.7982,4,165,0,165,0,1,229579,4,SV_73ADPjbMtd0KUBg,304,2022-03-02_15h06.07.165,implicit_time,2021.1.4,Linux x86_64,59.95563283
cursorjump,225,45,0.5,10,NA,0,NA,0,1,0.5,FALSE,rotation,1,"[0,0,0,0.002083,0.002083,0.002083,0.004167,0.004167,0.004167,0.004167,0.004167,0.004167,0.004167,0.004167,0.004167,0.004167,0.004167,0.00625,0.00625,0.00625,0.00625,0.00625,0.00625,0.00625,0.00625,0.00625,0.00625,0.00625,0.00625,0.00625,0.00625,0.00625,0.00625,0.00625,0.00625,0.00625,0.00625,0.00625,0.00625,0.00625,0.004167,0.002083,-0.004167,-0.0125,-0.025,-0.03125,-0.05,-0.0625,-0.097917,-0.139583,-0.183333,-0.204167,-0.25,-0.297917,-0.322917,-0.372917,-0.422917,-0.447917,-0.495833,-0.539583,-0.5625,-0.604167,-0.64375,-0.660417,-0.69375,-0.71875,-0.729167,-0.75,-0.766667,-0.775,-0.791667,-0.804167,-0.810417,-0.81875,-0.822917,-0.822917,-0.822917,-0.820833,-0.81875,-0.814583,-0.8125,-0.810417,-0.810417,-0.808333,-0.80625,-0.797917,-0.78125,-0.770833,-0.735417,-0.6875,-0.660417,-0.6,-0.54375,-0.516667,-0.464583,-0.4125,-0.389583,-0.341667,-0.302083,-0.28125,-0.245833,-0.210417,-0.195833,-0.170833,-0.154167,-0.147917,-0.141667,-0.139583,-0.141667,-0.141667,-0.14375,-0.147917,-0.154167,-0.160417,-0.164583,-0.175,-0.18125,-0.2,-0.2375,-0.29375,-0.327083,-0.397917,-0.43125,-0.504167,-0.589583,-0.683333,-0.729167,-0.808333,-0.839583,-0.9,-0.958333,-1.016667,-1.04375,-1.09375,-1.114583,-1.15,-1.164583,-1.164583,-1.164583,-1.1625,-1.1625,-1.1625,-1.1625,-1.1625,-1.160417,-1.158333,-1.15625,-1.152083,-1.15,-1.147917,-1.145833,-1.14375,-1.14375,-1.139583,-1.135417,-1.127083,-1.122917,-1.110417,-1.1,-1.077083,-1.039583,-0.991667,-0.9625,-0.897917,-0.864583,-0.79375,-0.71875,-0.635417,-0.591667,-0.504167,-0.460417,-0.377083,-0.297917,-0.222917,-0.1875,-0.120833,-0.091667,-0.04375,-0.0125,-0.002083,0.008333,0.008333,0.004167,-0.0125,-0.03125,-0.041667,-0.05625,-0.072917,-0.08125,-0.097917,-0.110417,-0.1125,-0.108333,-0.097917,-0.091667,-0.085417,-0.083333,-0.08125,-0.08125,-0.077083,-0.072917,-0.064583,-0.058333,-0.05625,-0.052083,-0.047917,-0.047917,-0.045833,-0.04375,-0.04375,-0.04375,-0.041667,-0.0375,-0.033333]","[0.010667,0.010667,0.010667,0.007556,0.007556,0.007556,0.007556,0.007556,0.004444,0.004444,0.004444,0.001333,0.001333,0.001333,-0.001778,-0.001778,-0.001778,-0.004889,-0.004889,-0.008,-0.008,-0.008,-0.008,-0.008,-0.008,-0.008,-0.008,-0.008,-0.008,-0.008,-0.008,-0.008,-0.008,-0.008,-0.008,-0.008,-0.008,-0.008,-0.008,-0.008,-0.014222,-0.017333,-0.023556,-0.036,-0.048444,-0.054667,-0.067111,-0.076444,-0.095111,-0.12,-0.138667,-0.148,-0.163556,-0.176,-0.182222,-0.200889,-0.225778,-0.238222,-0.263111,-0.291111,-0.300444,-0.322222,-0.340889,-0.350222,-0.365778,-0.381333,-0.387556,-0.396889,-0.406222,-0.409333,-0.418667,-0.421778,-0.424889,-0.428,-0.428,-0.428,-0.431111,-0.434222,-0.434222,-0.437333,-0.437333,-0.437333,-0.437333,-0.437333,-0.434222,-0.431111,-0.424889,-0.418667,-0.396889,-0.368889,-0.347111,-0.306667,-0.26,-0.238222,-0.182222,-0.126222,-0.095111,-0.042222,0.004444,0.023111,0.057333,0.082222,0.091556,0.104,0.113333,0.119556,0.122667,0.125778,0.125778,0.125778,0.125778,0.125778,0.125778,0.122667,0.122667,0.119556,0.119556,0.119556,0.113333,0.107111,0.104,0.110222,0.116444,0.132,0.135111,0.128889,0.119556,0.104,0.097778,0.082222,0.066667,0.051111,0.041778,0.026222,0.02,0.013778,0.010667,0.010667,0.013778,0.016889,0.016889,0.023111,0.026222,0.032444,0.035556,0.041778,0.044889,0.048,0.051111,0.051111,0.051111,0.054222,0.054222,0.054222,0.054222,0.054222,0.051111,0.051111,0.051111,0.051111,0.057333,0.069778,0.076,0.091556,0.100889,0.122667,0.144444,0.172444,0.184889,0.212889,0.225333,0.247111,0.268889,0.287556,0.296889,0.312444,0.315556,0.321778,0.324889,0.324889,0.321778,0.318667,0.312444,0.303111,0.287556,0.281333,0.268889,0.256444,0.247111,0.222222,0.191111,0.175556,0.147556,0.119556,0.107111,0.082222,0.066667,0.060444,0.054222,0.057333,0.057333,0.057333,0.057333,0.054222,0.051111,0.048,0.044889,0.038667,0.035556,0.032444,0.029333,0.023111,0.02,0.016889]","[0.0003,0.016,0.0331,0.05,0.066,0.0831,0.0993,0.1162,0.133,0.1499,0.1669,0.183,0.2002,0.2162,0.2333,0.2493,0.2664,0.2835,0.2996,0.3164,0.3334,0.3495,0.3664,0.3835,0.3996,0.4164,0.4333,0.45,0.467,0.4832,0.5002,0.5162,0.5332,0.5502,0.5661,0.583,0.6,0.617,0.6328,0.6497,0.6668,0.6829,0.7001,0.7171,0.734,0.7501,0.7673,0.7833,0.8003,0.8173,0.8332,0.8504,0.8666,0.8836,0.9006,0.9165,0.9335,0.9504,0.9666,0.9837,0.9998,1.0166,1.0336,1.0506,1.0666,1.0838,1.0999,1.117,1.1341,1.1502,1.1674,1.1834,1.2002,1.2172,1.2341,1.2501,1.2673,1.2833,1.3002,1.3172,1.3341,1.3501,1.3672,1.3843,1.4003,1.4171,1.4341,1.4503,1.4675,1.4836,1.5005,1.5174,1.5342,1.5511,1.5673,1.5845,1.6006,1.6175,1.6345,1.6504,1.6675,1.6844,1.7012,1.7173,1.7345,1.7507,1.7679,1.7837,1.8006,1.8174,1.8344,1.8508,1.8678,1.884,1.9011,1.9171,1.934,1.9511,1.9671,1.9841,2.001,2.018,2.0339,2.0511,2.0681,2.0839,2.1008,2.1177,2.1346,2.1508,2.1679,2.184,2.201,2.2178,2.2349,2.2509,2.2678,2.284,2.3009,2.3177,2.3348,2.3511,2.3681,2.3843,2.4013,2.4184,2.4345,2.4517,2.4678,2.4847,2.5018,2.518,2.5351,2.5511,2.5682,2.5851,2.6013,2.6182,2.6344,2.6516,2.6679,2.6848,2.7019,2.7182,2.7352,2.7515,2.7686,2.7845,2.8018,2.818,2.8351,2.8513,2.8681,2.8851,2.9022,2.9183,2.9354,2.9515,2.9683,2.9853,3.0023,3.0185,3.0355,3.0517,3.0686,3.0857,3.1019,3.118,3.1353,3.1515,3.1683,3.1852,3.2025,3.2187,3.2349,3.2521,3.2682,3.2851,3.3021,3.3192,3.3353,3.3525,3.3686,3.3857,3.4019,3.4191,3.4351,3.4523,3.4682,3.4852,3.5025,3.5186,3.5358,3.5518]","[1,1,1,1,1,1,1,1,1,1,1,1,1,1,1,1,1,1,1,1,1,1,1,1,1,1,1,1,1,1,1,1,1,1,1,1,1,1,1,1,1,1,1,1,1,1,1,1,1,1,1,1,1,1,1,1,1,1,1,1,1,1,1,1,1,1,1,1,1,1,1,1,1,1,1,1,1,1,1,1,1,1,1,1,1,1,1,1,1,1,1,1,1,1,1,1,1,1,1,1,1,1,1,1,1,1,1,1,1,1,1,1,1,1,1,1,1,1,1,1,1,1,1,1,1,1,1,1,1,1,2,2,2,2,2,2,2,2,2,2,2,2,2,2,2,2,2,2,2,2,2,2,2,2,2,2,2,2,2,2,2,2,2,2,2,2,2,2,2,2,2,2,2,2,2,2,2,2,2,2,2,2,2,2,2,2,2,2,2,2,2,2,2,2,2,2,2,2,2,2,2,2,2,2,2,2,2,2,2,2,2,2,2,2]",60,492.8679,4,166,0,166,0,1,229579,4,SV_73ADPjbMtd0KUBg,304,2022-03-02_15h06.07.165,implicit_time,2021.1.4,Linux x86_64,59.95563283
cursorjump,215,0,0,10,NA,0,NA,0,0,0.5,FALSE,rotation,0,"[0.008333,0.008333,0.008333,0.008333,0.008333,0.008333,0.008333,0.008333,0.008333,0.008333,0.008333,0.008333,0.008333,0.008333,0.008333,0.008333,0.008333,0.008333,0.008333,0.008333,0.008333,0.008333,0.008333,0.008333,0.008333,0.008333,0.008333,0.008333,0.008333,0.008333,0.008333,0.008333,0.008333,0.008333,0.008333,0.00625,0.004167,0.002083,-0.002083,-0.004167,-0.00625,-0.010417,-0.014583,-0.016667,-0.025,-0.0375,-0.047917,-0.077083,-0.114583,-0.1375,-0.185417,-0.241667,-0.270833,-0.333333,-0.4,-0.433333,-0.5,-0.560417,-0.589583,-0.647917,-0.704167,-0.73125,-0.779167,-0.820833,-0.839583,-0.872917,-0.9,-0.90625,-0.910417,-0.910417,-0.910417,-0.910417,-0.9125,-0.90625,-0.891667,-0.8625,-0.84375,-0.79375,-0.764583,-0.695833,-0.620833,-0.541667,-0.502083,-0.425,-0.389583,-0.320833,-0.2625,-0.216667,-0.197917,-0.170833,-0.160417,-0.147917,-0.141667,-0.139583,-0.139583,-0.139583,-0.141667,-0.14375,-0.15,-0.152083,-0.152083,-0.152083,-0.15,-0.14375,-0.129167,-0.10625,-0.091667,-0.0625,-0.047917,-0.025,-0.010417]","[-0.011111,-0.011111,-0.011111,-0.011111,-0.011111,-0.011111,-0.011111,-0.011111,-0.011111,-0.011111,-0.011111,-0.011111,-0.011111,-0.011111,-0.011111,-0.011111,-0.011111,-0.011111,-0.011111,-0.011111,-0.011111,-0.011111,-0.011111,-0.011111,-0.011111,-0.011111,-0.011111,-0.011111,-0.011111,-0.011111,-0.011111,-0.011111,-0.011111,-0.011111,-0.011111,-0.008,-0.008,-0.004889,-0.004889,-0.004889,-0.004889,-0.004889,-0.008,-0.008,-0.014222,-0.023556,-0.029778,-0.048444,-0.070222,-0.079556,-0.107556,-0.141778,-0.163556,-0.210222,-0.269333,-0.300444,-0.356444,-0.403111,-0.424889,-0.468444,-0.512,-0.530667,-0.564889,-0.592889,-0.608444,-0.636444,-0.661333,-0.667556,-0.670667,-0.670667,-0.670667,-0.670667,-0.670667,-0.667556,-0.655111,-0.627111,-0.611556,-0.564889,-0.54,-0.480889,-0.421778,-0.359556,-0.331556,-0.278667,-0.253778,-0.213333,-0.182222,-0.154222,-0.144889,-0.126222,-0.116889,-0.107556,-0.104444,-0.104444,-0.104444,-0.104444,-0.104444,-0.107556,-0.110667,-0.113778,-0.113778,-0.113778,-0.113778,-0.107556,-0.095111,-0.079556,-0.073333,-0.057778,-0.051556,-0.042222,-0.036]","[0.0004,0.017,0.0332,0.0502,0.0673,0.0833,0.1005,0.1167,0.1339,0.1499,0.1669,0.1837,0.2009,0.2167,0.2338,0.2508,0.2667,0.2838,0.3008,0.317,0.3342,0.3503,0.3672,0.3837,0.4007,0.4178,0.4338,0.4509,0.4677,0.4837,0.501,0.517,0.5342,0.5503,0.5674,0.5843,0.6006,0.6177,0.6339,0.6511,0.6669,0.684,0.7011,0.7174,0.7346,0.7506,0.7675,0.7839,0.8005,0.8179,0.8341,0.8507,0.8674,0.8846,0.9008,0.9175,0.934,0.951,0.9679,0.9842,1.0008,1.0174,1.0346,1.0506,1.0678,1.0843,1.101,1.1177,1.1342,1.1511,1.1682,1.1843,1.2014,1.2175,1.2346,1.251,1.268,1.2845,1.3012,1.3178,1.3344,1.351,1.3677,1.3849,1.4009,1.4183,1.4345,1.4517,1.4679,1.4851,1.5013,1.5185,1.5346,1.5518,1.5679,1.5852,1.6013,1.6184,1.6347,1.6519,1.6681,1.6853,1.7015,1.7187,1.7346,1.7518,1.768,1.7851,1.8022,1.8185,1.8346]","[1,1,1,1,1,1,1,1,1,1,1,1,1,1,1,1,1,1,1,1,1,1,1,1,1,1,1,1,1,1,1,1,1,1,1,1,1,1,1,1,1,1,1,1,1,1,1,1,1,1,1,1,1,1,1,1,1,1,1,1,1,1,2,2,2,2,2,2,2,2,2,2,2,2,2,2,2,2,2,2,2,2,2,2,2,2,2,2,2,2,2,2,2,2,2,2,2,2,2,2,2,2,2,2,2,2,2,2,2,2,2]",60,495.2193,4,167,0,167,0,1,229579,4,SV_73ADPjbMtd0KUBg,304,2022-03-02_15h06.07.165,implicit_time,2021.1.4,Linux x86_64,59.95563283
cursorjump,315,45,0.5,10,NA,0,NA,0,1,0.5,FALSE,rotation,1,"[-0.004167,-0.004167,-0.002083,-0.002083,0,0,0.002083,0.002083,0.002083,0.002083,0.002083,0.002083,0.004167,0.004167,0.004167,0.004167,0.004167,0.004167,0.00625,0.00625,0.00625,0.00625,0.00625,0.008333,0.008333,0.008333,0.010417,0.010417,0.010417,0.0125,0.0125,0.0125,0.014583,0.0125,0.010417,0.004167,0,-0.00625,-0.010417,-0.0125,-0.0125,-0.0125,-0.010417,-0.002083,0.008333,0.014583,0.027083,0.045833,0.058333,0.0875,0.116667,0.13125,0.160417,0.191667,0.20625,0.229167,0.25,0.260417,0.28125,0.3,0.30625,0.316667,0.31875,0.31875,0.31875,0.31875,0.31875,0.316667,0.316667,0.316667,0.316667,0.316667,0.316667,0.316667,0.316667,0.316667,0.316667,0.316667,0.316667,0.316667,0.316667,0.314583,0.308333,0.297917,0.289583,0.266667,0.25,0.210417,0.154167,0.085417,0.047917,-0.020833,-0.05,-0.0875,-0.1125,-0.135417,-0.145833,-0.170833,-0.183333,-0.204167,-0.222917,-0.241667,-0.25,-0.264583,-0.270833,-0.28125,-0.289583,-0.29375,-0.29375,-0.291667,-0.2875,-0.285417,-0.28125,-0.275,-0.270833,-0.258333,-0.252083,-0.2375,-0.222917,-0.208333,-0.2,-0.183333,-0.166667,-0.158333,-0.141667,-0.125,-0.116667,-0.102083,-0.095833,-0.085417,-0.077083,-0.06875,-0.066667,-0.058333,-0.054167,-0.045833,-0.0375,-0.035417,-0.033333,-0.033333,-0.03125,-0.03125,-0.029167,-0.027083,-0.022917,-0.01875]","[-0.026667,-0.026667,-0.026667,-0.026667,-0.026667,-0.023556,-0.023556,-0.023556,-0.023556,-0.023556,-0.023556,-0.023556,-0.023556,-0.020444,-0.020444,-0.020444,-0.020444,-0.020444,-0.017333,-0.017333,-0.014222,-0.014222,-0.014222,-0.011111,-0.008,-0.004889,-0.004889,-0.001778,0.001333,0.001333,0.001333,0.001333,-0.008,-0.026667,-0.042222,-0.079556,-0.101333,-0.154222,-0.216444,-0.284889,-0.322222,-0.393778,-0.431111,-0.499556,-0.568,-0.596,-0.648889,-0.692444,-0.714222,-0.757778,-0.795111,-0.813778,-0.851111,-0.882222,-0.894667,-0.919556,-0.941333,-0.950667,-0.966222,-0.981778,-0.988,-1.000444,-1.003556,-1.003556,-1.003556,-1.003556,-1.003556,-1.006667,-1.006667,-1.006667,-1.006667,-1.006667,-1.006667,-1.006667,-1.006667,-1.006667,-1.006667,-1.006667,-1.006667,-1.006667,-1.006667,-1.006667,-1.003556,-0.997333,-0.991111,-0.975556,-0.963111,-0.932,-0.894667,-0.844889,-0.82,-0.760889,-0.736,-0.695556,-0.661333,-0.627111,-0.605333,-0.561778,-0.543111,-0.508889,-0.477778,-0.446667,-0.431111,-0.4,-0.384444,-0.356444,-0.331556,-0.303556,-0.291111,-0.266222,-0.238222,-0.225778,-0.197778,-0.176,-0.163556,-0.138667,-0.126222,-0.104444,-0.088889,-0.082667,-0.079556,-0.082667,-0.088889,-0.095111,-0.110667,-0.123111,-0.129333,-0.135556,-0.135556,-0.132444,-0.126222,-0.12,-0.116889,-0.107556,-0.101333,-0.095111,-0.088889,-0.085778,-0.082667,-0.079556,-0.073333,-0.070222,-0.060889,-0.054667,-0.042222,-0.032889]","[0.0002,0.0158,0.0328,0.0496,0.0667,0.0826,0.0994,0.1164,0.1334,0.1496,0.1666,0.1828,0.2001,0.2163,0.2334,0.2496,0.2665,0.2835,0.2994,0.3164,0.3334,0.3502,0.3669,0.3829,0.4001,0.4163,0.4334,0.4503,0.4662,0.4835,0.5003,0.5164,0.5335,0.5504,0.5663,0.5833,0.6002,0.6165,0.6337,0.6505,0.6665,0.6837,0.6999,0.717,0.734,0.7502,0.7674,0.7836,0.8008,0.817,0.834,0.8499,0.8668,0.884,0.9001,0.9173,0.9334,0.9503,0.9673,0.9835,1.0007,1.017,1.0343,1.0504,1.0676,1.0838,1.1011,1.1173,1.1334,1.1505,1.1676,1.1837,1.201,1.2172,1.2334,1.2506,1.2677,1.2839,1.3012,1.3174,1.3335,1.3505,1.3677,1.3838,1.4011,1.4172,1.4343,1.4512,1.4673,1.4845,1.5006,1.5222,1.5337,1.5512,1.5675,1.584,1.6011,1.6172,1.634,1.6512,1.6673,1.6843,1.7013,1.7172,1.7343,1.7514,1.7676,1.7849,1.801,1.8178,1.8348,1.8508,1.868,1.884,1.9008,1.9178,1.934,1.9514,1.9675,1.9846,2.0015,2.0175,2.0345,2.0508,2.0679,2.0841,2.1013,2.1182,2.1342,2.1511,2.1683,2.1843,2.2013,2.2182,2.2344,2.2515,2.2676,2.2849,2.3008,2.3177,2.3347,2.3516,2.3678,2.3849,2.4009,2.4179]","[1,1,1,1,1,1,1,1,1,1,1,1,1,1,1,1,1,1,1,1,1,1,1,1,1,1,1,1,1,1,1,1,1,1,1,1,1,1,1,1,1,1,1,1,1,1,1,1,1,1,1,1,1,1,1,1,2,2,2,2,2,2,2,2,2,2,2,2,2,2,2,2,2,2,2,2,2,2,2,2,2,2,2,2,2,2,2,2,2,2,2,2,2,2,2,2,2,2,2,2,2,2,2,2,2,2,2,2,2,2,2,2,2,2,2,2,2,2,2,2,2,2,2,2,2,2,2,2,2,2,2,2,2,2,2,2,2,2,2,2,2,2,2,2,2,2]",70,498.155,4,168,0,168,0,1,229579,4,SV_73ADPjbMtd0KUBg,304,2022-03-02_15h06.07.165,implicit_time,2021.1.4,Linux x86_64,59.95563283
cursorjump,305,0,0,10,NA,0,NA,0,0,0.5,FALSE,rotation,0,"[-0.010417,-0.010417,-0.010417,-0.010417,-0.010417,-0.010417,-0.010417,-0.008333,-0.008333,-0.008333,-0.008333,-0.008333,-0.008333,-0.008333,-0.008333,-0.008333,-0.008333,-0.008333,-0.008333,-0.008333,-0.008333,-0.00625,-0.00625,-0.00625,-0.00625,-0.004167,-0.002083,-0.002083,0,0,0,0,0,0,0,0,-0.002083,-0.004167,-0.008333,-0.010417,-0.0125,-0.016667,-0.020833,-0.03125,-0.041667,-0.045833,-0.05625,-0.0625,-0.064583,-0.066667,-0.06875,-0.06875,-0.06875,-0.06875,-0.066667,-0.0625,-0.058333,-0.054167,-0.045833,-0.03125,-0.022917,0,0.033333,0.054167,0.110417,0.175,0.208333,0.272917,0.329167,0.352083,0.383333,0.391667,0.391667,0.391667,0.391667,0.391667,0.389583,0.383333,0.375,0.34375,0.302083,0.279167,0.229167,0.175,0.145833,0.0875,0.0375,0.01875,-0.010417,-0.03125,-0.041667,-0.054167,-0.060417,-0.0625,-0.066667,-0.06875,-0.070833,-0.075,-0.079167,-0.079167,-0.08125,-0.079167,-0.077083,-0.06875,-0.0625,-0.058333,-0.047917,-0.033333,-0.025,-0.0125]","[0.007556,0.010667,0.013778,0.016889,0.016889,0.016889,0.02,0.02,0.02,0.02,0.02,0.02,0.02,0.02,0.02,0.02,0.02,0.02,0.02,0.02,0.02,0.016889,0.016889,0.016889,0.016889,0.013778,0.010667,0.007556,0.004444,0.001333,0.001333,0.001333,0.001333,0.001333,-0.001778,-0.004889,-0.008,-0.017333,-0.029778,-0.042222,-0.064,-0.092,-0.107556,-0.144889,-0.185333,-0.204,-0.238222,-0.266222,-0.275556,-0.294222,-0.300444,-0.300444,-0.303556,-0.300444,-0.300444,-0.300444,-0.300444,-0.300444,-0.306667,-0.331556,-0.353333,-0.412444,-0.493333,-0.543111,-0.648889,-0.751556,-0.798222,-0.882222,-0.953778,-0.984889,-1.022222,-1.031556,-1.031556,-1.031556,-1.031556,-1.031556,-1.031556,-1.031556,-1.028444,-1.006667,-0.969333,-0.947556,-0.882222,-0.788889,-0.732889,-0.596,-0.456,-0.393778,-0.294222,-0.228889,-0.207111,-0.179111,-0.166667,-0.163556,-0.151111,-0.141778,-0.135556,-0.123111,-0.113778,-0.110667,-0.098222,-0.088889,-0.082667,-0.070222,-0.060889,-0.057778,-0.048444,-0.039111,-0.036,-0.029778]","[0.0002,0.0171,0.0333,0.0501,0.0672,0.0835,0.1006,0.1169,0.1339,0.1499,0.167,0.1832,0.2003,0.2164,0.2334,0.2504,0.2668,0.2838,0.3008,0.3169,0.3339,0.3508,0.3669,0.3838,0.4009,0.4169,0.4338,0.4508,0.4669,0.4842,0.5002,0.5174,0.5336,0.5505,0.5669,0.5841,0.6003,0.6173,0.6336,0.6507,0.6671,0.6836,0.7009,0.717,0.7341,0.7504,0.7671,0.7838,0.8009,0.8171,0.8341,0.8503,0.8674,0.8846,0.9009,0.9174,0.9339,0.9512,0.9675,0.9848,1.0009,1.0173,1.0342,1.0506,1.0676,1.0848,1.1011,1.1174,1.1347,1.151,1.1674,1.1846,1.2007,1.2178,1.2349,1.2512,1.2674,1.2845,1.3008,1.3177,1.3348,1.3511,1.3678,1.3843,1.4012,1.418,1.4342,1.4512,1.4678,1.4849,1.5009,1.5179,1.5348,1.551,1.5679,1.5847,1.6017,1.6175,1.6345,1.6514,1.6684,1.6846,1.7015,1.718,1.7351,1.7512,1.7681,1.785,1.8017,1.8179]","[1,1,1,1,1,1,1,1,1,1,1,1,1,1,1,1,1,1,1,1,1,1,1,1,1,1,1,1,1,1,1,1,1,1,1,1,1,1,1,1,1,1,1,1,1,1,1,1,1,1,1,1,1,1,1,1,1,1,1,1,1,1,1,1,1,1,1,1,2,2,2,2,2,2,2,2,2,2,2,2,2,2,2,2,2,2,2,2,2,2,2,2,2,2,2,2,2,2,2,2,2,2,2,2,2,2,2,2,2,2]",70,500.4898,4,169,0,169,0,1,229579,4,SV_73ADPjbMtd0KUBg,304,2022-03-02_15h06.07.165,implicit_time,2021.1.4,Linux x86_64,59.95563283
cursorjump,135,45,0.5,10,NA,0,NA,0,1,0.5,FALSE,rotation,1,"[0.0125,0.0125,0.0125,0.0125,0.0125,0.0125,0.0125,0.0125,0.0125,0.0125,0.0125,0.0125,0.0125,0.0125,0.0125,0.0125,0.0125,0.0125,0.0125,0.0125,0.0125,0.0125,0.0125,0.0125,0.0125,0.0125,0.0125,0.0125,0.0125,0.0125,0.0125,0.0125,0.010417,0.008333,0.004167,-0.002083,-0.004167,-0.008333,-0.010417,-0.010417,-0.014583,-0.01875,-0.027083,-0.03125,-0.0375,-0.041667,-0.045833,-0.05,-0.054167,-0.064583,-0.072917,-0.079167,-0.0875,-0.09375,-0.104167,-0.1125,-0.129167,-0.139583,-0.160417,-0.18125,-0.204167,-0.214583,-0.2375,-0.247917,-0.26875,-0.289583,-0.304167,-0.310417,-0.320833,-0.322917,-0.327083,-0.33125,-0.333333,-0.333333,-0.333333,-0.333333,-0.33125,-0.329167,-0.329167,-0.327083,-0.327083,-0.327083,-0.325,-0.325,-0.327083,-0.329167,-0.333333,-0.3375,-0.34375,-0.347917,-0.352083,-0.352083,-0.352083,-0.352083,-0.352083,-0.352083,-0.352083,-0.352083,-0.352083,-0.352083,-0.352083,-0.352083,-0.352083,-0.352083,-0.352083,-0.352083,-0.352083,-0.352083,-0.352083,-0.352083,-0.35,-0.345833,-0.335417,-0.31875,-0.3125,-0.297917,-0.283333,-0.272917,-0.241667,-0.197917,-0.175,-0.13125,-0.0875,-0.066667,-0.020833,0.022917,0.04375,0.08125,0.114583,0.127083,0.152083,0.170833,0.177083,0.1875,0.195833,0.197917,0.202083,0.2,0.197917,0.19375,0.185417,0.179167,0.1625,0.139583,0.129167,0.108333,0.091667,0.085417,0.066667,0.047917,0.041667,0.03125,0.029167,0.029167,0.029167,0.029167,0.029167,0.029167,0.029167,0.029167,0.027083,0.022917]","[0.007556,0.007556,0.007556,0.007556,0.007556,0.007556,0.007556,0.007556,0.007556,0.007556,0.007556,0.007556,0.007556,0.007556,0.007556,0.007556,0.007556,0.007556,0.007556,0.007556,0.007556,0.007556,0.007556,0.007556,0.007556,0.007556,0.007556,0.007556,0.007556,0.007556,0.007556,0.007556,0.010667,0.010667,0.016889,0.023111,0.026222,0.029333,0.032444,0.035556,0.038667,0.048,0.063556,0.072889,0.100889,0.119556,0.153778,0.191111,0.212889,0.253333,0.296889,0.318667,0.365333,0.412,0.458667,0.480444,0.517778,0.536444,0.567556,0.595556,0.620444,0.632889,0.654667,0.664,0.682667,0.698222,0.713778,0.723111,0.738667,0.744889,0.757333,0.766667,0.772889,0.776,0.782222,0.788444,0.797778,0.807111,0.813333,0.816444,0.825778,0.832,0.841333,0.856889,0.872444,0.878667,0.894222,0.903556,0.925333,0.950222,0.975111,0.981333,0.984444,0.984444,0.984444,0.981333,0.981333,0.981333,0.981333,0.981333,0.978222,0.978222,0.978222,0.978222,0.978222,0.978222,0.981333,0.981333,0.981333,0.981333,0.981333,0.981333,0.984444,0.984444,0.978222,0.956444,0.928444,0.909778,0.869333,0.819556,0.791556,0.738667,0.679556,0.651556,0.595556,0.542667,0.520889,0.477333,0.436889,0.418222,0.384,0.352889,0.337333,0.312444,0.287556,0.278222,0.250222,0.219111,0.203556,0.169333,0.141333,0.128889,0.104,0.085333,0.079111,0.072889,0.066667,0.063556,0.057333,0.051111,0.051111,0.051111,0.051111,0.051111,0.051111,0.051111,0.051111,0.051111,0.048,0.044889,0.035556,0.026222]","[0.0003,0.0168,0.033,0.0498,0.0664,0.0831,0.1001,0.1166,0.1335,0.1499,0.167,0.1828,0.2002,0.2167,0.2335,0.2502,0.2666,0.284,0.3001,0.317,0.3331,0.3502,0.3672,0.3836,0.4003,0.4171,0.4339,0.4503,0.4672,0.4836,0.5006,0.5169,0.5339,0.5503,0.5673,0.5839,0.6004,0.6176,0.634,0.6504,0.6675,0.6839,0.701,0.7174,0.7337,0.7505,0.7675,0.7839,0.8006,0.8173,0.8341,0.8505,0.867,0.8839,0.9007,0.9178,0.9342,0.9509,0.9676,0.984,1.0009,1.0172,1.0342,1.0509,1.0677,1.084,1.1007,1.1181,1.1346,1.1512,1.1677,1.1843,1.2008,1.2177,1.2345,1.2511,1.2679,1.2845,1.3009,1.3175,1.3342,1.3511,1.3678,1.3842,1.4011,1.4173,1.4345,1.451,1.4678,1.4845,1.5008,1.5179,1.5345,1.5514,1.5682,1.5845,1.6014,1.6178,1.6343,1.6512,1.6681,1.6847,1.7013,1.7184,1.735,1.7516,1.7683,1.7848,1.8014,1.8183,1.8353,1.8516,1.8684,1.8849,1.9017,1.9184,1.9354,1.952,1.9686,1.9852,2.0015,2.0182,2.0349,2.0518,2.0685,2.0853,2.102,2.1188,2.1356,2.152,2.1685,2.1851,2.202,2.2191,2.2358,2.2524,2.2688,2.2852,2.302,2.3189,2.3356,2.3519,2.3683,2.3851,2.402,2.419,2.4359,2.4526,2.4689,2.4856,2.5023,2.5191,2.5359,2.5525,2.5687,2.5852,2.6021,2.619,2.6357,2.6525,2.669,2.6855]","[1,1,1,1,1,1,1,1,1,1,1,1,1,1,1,1,1,1,1,1,1,1,1,1,1,1,1,1,1,1,1,1,1,1,1,1,1,1,1,1,1,1,1,1,1,1,1,1,1,1,1,1,1,1,1,1,1,1,1,1,1,1,1,1,1,1,1,1,1,1,1,1,1,1,1,1,1,1,1,1,1,1,1,1,1,1,1,2,2,2,2,2,2,2,2,2,2,2,2,2,2,2,2,2,2,2,2,2,2,2,2,2,2,2,2,2,2,2,2,2,2,2,2,2,2,2,2,2,2,2,2,2,2,2,2,2,2,2,2,2,2,2,2,2,2,2,2,2,2,2,2,2,2,2,2,2,2,2,2,2,2,2]",70,503.6933,4,170,0,170,0,1,229579,4,SV_73ADPjbMtd0KUBg,304,2022-03-02_15h06.07.165,implicit_time,2021.1.4,Linux x86_64,59.95563283
cursorjump,145,0,0,10,NA,0,NA,0,0,0.5,FALSE,rotation,0,"[0.004167,0.004167,0.00625,0.008333,0.008333,0.010417,0.010417,0.0125,0.014583,0.014583,0.016667,0.01875,0.01875,0.020833,0.020833,0.020833,0.020833,0.020833,0.022917,0.022917,0.022917,0.022917,0.022917,0.022917,0.022917,0.022917,0.022917,0.022917,0.022917,0.020833,0.020833,0.020833,0.020833,0.020833,0.020833,0.020833,0.020833,0.020833,0.020833,0.014583,0,-0.025,-0.041667,-0.072917,-0.0875,-0.120833,-0.160417,-0.183333,-0.229167,-0.275,-0.322917,-0.347917,-0.404167,-0.435417,-0.497917,-0.560417,-0.589583,-0.647917,-0.7,-0.722917,-0.760417,-0.789583,-0.810417,-0.816667,-0.827083,-0.829167,-0.827083,-0.814583,-0.802083,-0.76875,-0.725,-0.7,-0.647917,-0.5875,-0.55625,-0.491667,-0.420833,-0.385417,-0.316667,-0.25625,-0.23125,-0.185417,-0.15,-0.133333,-0.10625,-0.083333,-0.064583,-0.058333,-0.045833,-0.041667,-0.035417,-0.029167,-0.020833,-0.016667,-0.008333,-0.00625,-0.004167,-0.004167,-0.004167,-0.002083,-0.002083,0,-0.002083,-0.002083,-0.004167,-0.004167,-0.004167]","[-0.004889,-0.004889,-0.004889,-0.001778,-0.001778,-0.001778,-0.001778,-0.001778,-0.001778,0.001333,0.001333,0.004444,0.004444,0.004444,0.004444,0.004444,0.007556,0.007556,0.007556,0.007556,0.007556,0.007556,0.007556,0.007556,0.007556,0.007556,0.007556,0.007556,0.007556,0.007556,0.007556,0.007556,0.007556,0.007556,0.007556,0.007556,0.007556,0.007556,0.007556,0.013778,0.026222,0.044889,0.057333,0.088444,0.107111,0.147556,0.188,0.206667,0.247111,0.287556,0.331111,0.352889,0.396444,0.415111,0.452444,0.483556,0.499111,0.530222,0.561333,0.58,0.614222,0.645333,0.673333,0.682667,0.698222,0.701333,0.707556,0.713778,0.716889,0.723111,0.716889,0.710667,0.679556,0.636,0.614222,0.564444,0.514667,0.489778,0.44,0.393333,0.371556,0.337333,0.309333,0.296889,0.278222,0.262667,0.247111,0.240889,0.228444,0.222222,0.209778,0.200444,0.188,0.181778,0.169333,0.163111,0.156889,0.156889,0.150667,0.147556,0.135111,0.125778,0.104,0.079111,0.066667,0.044889,0.029333]","[0.0007,0.0165,0.0323,0.0492,0.0662,0.0829,0.0993,0.116,0.1326,0.1495,0.1662,0.1827,0.1996,0.2159,0.2327,0.2492,0.2659,0.2828,0.2998,0.3161,0.3324,0.3495,0.3662,0.3824,0.3991,0.4157,0.4325,0.4492,0.4659,0.4832,0.4997,0.5161,0.5326,0.5496,0.5662,0.5832,0.5998,0.6165,0.6332,0.6499,0.6668,0.6836,0.7002,0.7169,0.7335,0.7503,0.7664,0.7835,0.8004,0.817,0.8336,0.8508,0.8668,0.884,0.9001,0.9171,0.9333,0.9505,0.9667,0.9839,1.0004,1.0176,1.034,1.0503,1.0667,1.0837,1.1008,1.1166,1.1335,1.1509,1.167,1.1834,1.2001,1.2169,1.2337,1.2504,1.267,1.2838,1.3008,1.3176,1.3337,1.3509,1.367,1.3838,1.4006,1.4175,1.4346,1.4505,1.4674,1.4843,1.5003,1.5171,1.5339,1.551,1.5671,1.584,1.6007,1.6173,1.6341,1.6509,1.6669,1.6839,1.7007,1.7178,1.7337,1.7508,1.7679]","[1,1,1,1,1,1,1,1,1,1,1,1,1,1,1,1,1,1,1,1,1,1,1,1,1,1,1,1,1,1,1,1,1,1,1,1,1,1,1,1,1,1,1,1,1,1,1,1,1,1,1,1,1,1,1,1,1,1,1,1,2,2,2,2,2,2,2,2,2,2,2,2,2,2,2,2,2,2,2,2,2,2,2,2,2,2,2,2,2,2,2,2,2,2,2,2,2,2,2,2,2,2,2,2,2,2,2]",70,505.9789,4,171,0,171,0,1,229579,4,SV_73ADPjbMtd0KUBg,304,2022-03-02_15h06.07.165,implicit_time,2021.1.4,Linux x86_64,59.95563283
cursorjump,225,45,0.5,10,NA,0,NA,0,1,0.5,FALSE,rotation,1,"[0.008333,0.008333,0.010417,0.010417,0.010417,0.0125,0.0125,0.0125,0.0125,0.0125,0.0125,0.0125,0.0125,0.0125,0.0125,0.0125,0.0125,0.0125,0.0125,0.0125,0.0125,0.0125,0.0125,0.0125,0.0125,0.0125,0.0125,0.0125,0.0125,0.0125,0.0125,0.0125,0.008333,0.00625,-0.002083,-0.016667,-0.022917,-0.035417,-0.04375,-0.047917,-0.054167,-0.058333,-0.060417,-0.060417,-0.05625,-0.052083,-0.04375,-0.033333,-0.03125,-0.025,-0.022917,-0.020833,-0.01875,-0.016667,-0.014583,-0.0125,-0.010417,-0.010417,-0.010417,-0.010417,-0.010417,-0.010417,-0.010417,-0.0125,-0.0125,-0.014583,-0.022917,-0.041667,-0.06875,-0.08125,-0.10625,-0.116667,-0.133333,-0.154167,-0.177083,-0.1875,-0.204167,-0.208333,-0.210417,-0.20625,-0.202083,-0.2,-0.2,-0.2,-0.2,-0.202083,-0.20625,-0.210417,-0.214583,-0.21875,-0.222917,-0.229167,-0.229167,-0.227083,-0.220833,-0.216667,-0.204167,-0.185417,-0.164583,-0.154167,-0.13125,-0.10625,-0.095833,-0.075,-0.058333,-0.052083,-0.0375,-0.03125,-0.01875,-0.010417,-0.004167,-0.002083,0,0,0,0,-0.002083,-0.002083,-0.004167,-0.004167,-0.002083,-0.002083]","[-0.001778,-0.001778,-0.001778,-0.001778,-0.001778,-0.001778,-0.001778,-0.001778,-0.001778,-0.001778,-0.001778,-0.001778,-0.001778,-0.001778,-0.001778,-0.001778,-0.004889,-0.004889,-0.004889,-0.008,-0.008,-0.008,-0.008,-0.008,-0.008,-0.008,-0.008,-0.008,-0.008,-0.008,-0.008,-0.020444,-0.042222,-0.060889,-0.110667,-0.176,-0.213333,-0.297333,-0.387556,-0.434222,-0.515111,-0.583556,-0.614667,-0.670667,-0.726667,-0.754667,-0.807556,-0.851111,-0.869778,-0.900889,-0.922667,-0.932,-0.944444,-0.953778,-0.966222,-0.975556,-0.978667,-0.978667,-0.978667,-0.978667,-0.978667,-0.978667,-0.975556,-0.975556,-0.969333,-0.966222,-0.953778,-0.932,-0.904,-0.885333,-0.854222,-0.838667,-0.810667,-0.773333,-0.714222,-0.68,-0.602222,-0.561778,-0.493333,-0.434222,-0.381333,-0.356444,-0.309778,-0.288,-0.26,-0.241333,-0.228889,-0.219556,-0.204,-0.197778,-0.182222,-0.163556,-0.148,-0.141778,-0.129333,-0.123111,-0.110667,-0.098222,-0.088889,-0.085778,-0.082667,-0.079556,-0.076444,-0.076444,-0.073333,-0.073333,-0.070222,-0.067111,-0.067111,-0.064,-0.060889,-0.060889,-0.060889,-0.060889,-0.060889,-0.060889,-0.060889,-0.057778,-0.051556,-0.048444,-0.045333,-0.039111]","[0.0007,0.0166,0.0333,0.0504,0.0664,0.0829,0.0993,0.1166,0.1331,0.15,0.1663,0.1827,0.1996,0.2164,0.2334,0.2504,0.2663,0.2829,0.2998,0.3168,0.3334,0.3498,0.3663,0.3833,0.3996,0.4167,0.4332,0.4494,0.4666,0.4833,0.5001,0.5171,0.5336,0.5502,0.5671,0.5834,0.6,0.6172,0.6336,0.6503,0.6669,0.6836,0.7006,0.7174,0.7336,0.7504,0.7669,0.7836,0.8002,0.8172,0.8338,0.8506,0.8673,0.8841,0.8998,0.9177,0.9337,0.9506,0.9674,0.9844,1.0003,1.0172,1.0343,1.05,1.0676,1.0844,1.1004,1.1175,1.1345,1.1503,1.167,1.1838,1.201,1.2176,1.2347,1.2503,1.2671,1.2838,1.3007,1.3178,1.3338,1.3507,1.3676,1.3846,1.4003,1.4172,1.4342,1.451,1.4679,1.4841,1.501,1.5178,1.5348,1.5515,1.5683,1.584,1.6007,1.6176,1.6343,1.6511,1.668,1.6854,1.7012,1.7184,1.7344,1.751,1.7674,1.7842,1.8011,1.8181,1.8349,1.851,1.868,1.8851,1.9012,1.9183,1.9343,1.951,1.9676,1.9848,2.0019,2.0178]","[1,1,1,1,1,1,1,1,1,1,1,1,1,1,1,1,1,1,1,1,1,1,1,1,1,1,1,1,1,1,1,1,1,1,1,1,1,1,1,1,1,1,1,1,1,1,1,1,1,1,1,1,1,1,2,2,2,2,2,2,2,2,2,2,2,2,2,2,2,2,2,2,2,2,2,2,2,2,2,2,2,2,2,2,2,2,2,2,2,2,2,2,2,2,2,2,2,2,2,2,2,2,2,2,2,2,2,2,2,2,2,2,2,2,2,2,2,2,2,2,2,2]",70,508.5132,4,172,0,172,0,1,229579,4,SV_73ADPjbMtd0KUBg,304,2022-03-02_15h06.07.165,implicit_time,2021.1.4,Linux x86_64,59.95563283
cursorjump,215,0,0,10,NA,0,NA,0,0,0.5,FALSE,rotation,0,"[0.004167,0.004167,0.00625,0.00625,0.00625,0.00625,0.008333,0.008333,0.008333,0.008333,0.008333,0.010417,0.010417,0.010417,0.010417,0.010417,0.010417,0.010417,0.010417,0.010417,0.010417,0.010417,0.010417,0.010417,0.010417,0.010417,0.010417,0.010417,0.010417,0.010417,0.010417,0.010417,0.010417,0.010417,0.010417,0.010417,0.008333,-0.002083,-0.022917,-0.0375,-0.075,-0.11875,-0.141667,-0.185417,-0.208333,-0.25625,-0.304167,-0.354167,-0.377083,-0.420833,-0.44375,-0.483333,-0.51875,-0.552083,-0.56875,-0.597917,-0.6125,-0.639583,-0.664583,-0.691667,-0.704167,-0.729167,-0.741667,-0.766667,-0.785417,-0.802083,-0.808333,-0.81875,-0.820833,-0.822917,-0.822917,-0.814583,-0.808333,-0.7875,-0.775,-0.739583,-0.691667,-0.629167,-0.59375,-0.51875,-0.48125,-0.408333,-0.345833,-0.29375,-0.270833,-0.23125,-0.214583,-0.1875,-0.164583,-0.15,-0.145833,-0.139583,-0.1375,-0.133333,-0.125,-0.1125,-0.104167,-0.091667,-0.08125,-0.079167,-0.075,-0.070833,-0.06875,-0.064583,-0.060417,-0.060417,-0.058333,-0.058333,-0.054167,-0.045833,-0.033333,-0.027083,-0.016667,-0.0125]","[0.016889,0.016889,0.016889,0.013778,0.013778,0.013778,0.010667,0.010667,0.010667,0.010667,0.007556,0.007556,0.004444,0.004444,0.004444,0.004444,0.004444,0.004444,0.004444,0.004444,0.004444,0.004444,0.004444,0.004444,0.004444,0.004444,0.004444,0.004444,0.004444,0.004444,0.004444,0.004444,0.004444,0.004444,0.004444,0.004444,0.001333,-0.004889,-0.020444,-0.029778,-0.057778,-0.092,-0.107556,-0.144889,-0.166667,-0.213333,-0.266222,-0.319111,-0.340889,-0.381333,-0.396889,-0.428,-0.459111,-0.487111,-0.502667,-0.530667,-0.543111,-0.564889,-0.586667,-0.608444,-0.620889,-0.645778,-0.658222,-0.683111,-0.701778,-0.720444,-0.726667,-0.739111,-0.745333,-0.748444,-0.748444,-0.739111,-0.732889,-0.708,-0.689333,-0.648889,-0.596,-0.54,-0.512,-0.456,-0.431111,-0.381333,-0.344,-0.309778,-0.297333,-0.269333,-0.256889,-0.235111,-0.216444,-0.200889,-0.197778,-0.191556,-0.188444,-0.182222,-0.172889,-0.160444,-0.154222,-0.144889,-0.138667,-0.135556,-0.135556,-0.129333,-0.129333,-0.12,-0.113778,-0.110667,-0.104444,-0.098222,-0.085778,-0.073333,-0.057778,-0.051556,-0.039111,-0.032889]","[0.0005,0.0164,0.0335,0.0494,0.0664,0.083,0.1,0.1163,0.1329,0.1497,0.1666,0.1832,0.1999,0.2166,0.2332,0.25,0.2662,0.2825,0.2995,0.3162,0.3328,0.3502,0.3664,0.3828,0.4,0.4161,0.4332,0.4498,0.466,0.4831,0.499,0.5165,0.5333,0.5501,0.5664,0.5829,0.5999,0.6167,0.6337,0.6505,0.6672,0.6839,0.7009,0.7172,0.7334,0.7505,0.7666,0.7833,0.8005,0.8167,0.8335,0.8505,0.8667,0.8833,0.9002,0.9174,0.934,0.9501,0.9668,0.9835,1.0001,1.0172,1.0335,1.0501,1.0668,1.0836,1.1001,1.1169,1.1335,1.1503,1.167,1.1839,1.2006,1.2173,1.2337,1.2502,1.2668,1.284,1.2999,1.3173,1.3338,1.3505,1.3672,1.3838,1.4006,1.4173,1.4334,1.4507,1.4675,1.4842,1.5009,1.5169,1.5336,1.5502,1.567,1.5836,1.6006,1.6172,1.6337,1.6504,1.6674,1.6838,1.7005,1.7174,1.7338,1.7506,1.7673,1.784,1.8009,1.8174,1.834,1.8506,1.8675,1.8842]","[1,1,1,1,1,1,1,1,1,1,1,1,1,1,1,1,1,1,1,1,1,1,1,1,1,1,1,1,1,1,1,1,1,1,1,1,1,1,1,1,1,1,1,1,1,1,1,1,1,1,1,1,1,1,1,1,1,1,1,1,1,2,2,2,2,2,2,2,2,2,2,2,2,2,2,2,2,2,2,2,2,2,2,2,2,2,2,2,2,2,2,2,2,2,2,2,2,2,2,2,2,2,2,2,2,2,2,2,2,2,2,2,2,2]",70,510.915,4,173,0,173,0,1,229579,4,SV_73ADPjbMtd0KUBg,304,2022-03-02_15h06.07.165,implicit_time,2021.1.4,Linux x86_64,59.95563283
cursorjump,45,45,0.5,10,NA,0,NA,0,1,0.5,FALSE,rotation,1,"[0.004167,0.004167,0.004167,0.004167,0.004167,0.004167,0.004167,0.004167,0.004167,0.004167,0.004167,0.004167,0.004167,0.004167,0.004167,0.004167,0.004167,0.004167,0.004167,0.004167,0.004167,0.004167,0.004167,0.004167,0.004167,0.004167,0.004167,0.004167,0.004167,0.004167,0.004167,0.004167,0.004167,0.004167,0.004167,0.004167,0.004167,0.004167,0.004167,0.004167,0.004167,0.004167,0.004167,0.004167,0.004167,0.008333,0.0125,0.016667,0.025,0.035417,0.041667,0.05625,0.070833,0.079167,0.095833,0.1125,0.122917,0.139583,0.152083,0.158333,0.166667,0.175,0.177083,0.185417,0.191667,0.195833,0.202083,0.208333,0.2125,0.222917,0.239583,0.247917,0.270833,0.2875,0.29375,0.302083,0.310417,0.3125,0.316667,0.320833,0.322917,0.320833,0.3125,0.30625,0.289583,0.272917,0.264583,0.24375,0.21875,0.20625,0.185417,0.170833,0.164583,0.15625,0.139583,0.133333,0.11875,0.108333,0.10625,0.102083,0.1,0.097917,0.09375,0.091667,0.091667,0.09375,0.095833,0.1,0.102083,0.102083,0.102083,0.102083,0.104167,0.10625,0.1125,0.127083,0.139583,0.175,0.202083,0.264583,0.333333,0.4,0.433333,0.497917,0.529167,0.59375,0.654167,0.710417,0.733333,0.772917,0.7875,0.8125,0.833333,0.860417,0.875,0.902083,0.914583,0.935417,0.95625,0.975,0.985417,1.010417,1.022917,1.047917,1.06875,1.089583,1.097917,1.110417,1.110417,1.110417,1.110417,1.110417,1.110417,1.1125,1.1125,1.1125,1.110417,1.104167,1.095833,1.070833,1.052083,1.002083,0.941667,0.875,0.841667,0.764583,0.725,0.639583,0.55625,0.48125,0.447917,0.39375,0.372917,0.333333,0.302083,0.289583,0.270833,0.260417,0.25625,0.25,0.241667,0.2375,0.23125,0.227083,0.222917,0.220833,0.2125,0.20625,0.1875,0.16875,0.147917,0.1375,0.11875,0.110417,0.09375,0.077083,0.060417,0.052083,0.04375,0.039583,0.03125]","[-0.008,-0.008,-0.008,-0.008,-0.008,-0.008,-0.008,-0.008,-0.008,-0.008,-0.008,-0.008,-0.008,-0.008,-0.008,-0.008,-0.008,-0.008,-0.008,-0.008,-0.008,-0.008,-0.008,-0.008,-0.008,-0.008,-0.008,-0.008,-0.008,-0.008,-0.008,-0.008,-0.008,-0.008,-0.008,-0.008,-0.008,-0.008,-0.008,-0.008,-0.008,-0.008,-0.004889,0.004444,0.010667,0.029333,0.060444,0.079111,0.128889,0.188,0.216,0.278222,0.334222,0.359111,0.405778,0.449333,0.468,0.499111,0.527111,0.539556,0.558222,0.576889,0.586222,0.604889,0.623556,0.632889,0.654667,0.679556,0.692,0.716889,0.744889,0.757333,0.779111,0.791556,0.797778,0.804,0.807111,0.807111,0.807111,0.804,0.800889,0.791556,0.776,0.766667,0.741778,0.710667,0.688889,0.639111,0.576889,0.542667,0.471111,0.399556,0.365333,0.296889,0.228444,0.194222,0.128889,0.079111,0.057333,0.029333,0.016889,-0.004889,-0.023556,-0.042222,-0.051556,-0.064,-0.067111,-0.079556,-0.088889,-0.098222,-0.098222,-0.101333,-0.101333,-0.095111,-0.088889,-0.073333,-0.064,-0.032889,-0.014222,0.032444,0.072889,0.110222,0.125778,0.153778,0.16,0.175556,0.181778,0.181778,0.178667,0.175556,0.172444,0.163111,0.156889,0.150667,0.147556,0.138222,0.135111,0.128889,0.116444,0.104,0.097778,0.082222,0.076,0.060444,0.048,0.038667,0.032444,0.026222,0.023111,0.023111,0.02,0.013778,0.013778,0.010667,0.010667,0.010667,0.010667,0.010667,0.010667,0.02,0.026222,0.044889,0.066667,0.085333,0.097778,0.122667,0.135111,0.153778,0.163111,0.166222,0.166222,0.16,0.153778,0.141333,0.125778,0.116444,0.104,0.091556,0.088444,0.076,0.063556,0.057333,0.041778,0.026222,0.004444,-0.004889,-0.026667,-0.032889,-0.045333,-0.054667,-0.057778,-0.057778,-0.057778,-0.054667,-0.048444,-0.042222,-0.036,-0.032889,-0.026667,-0.026667,-0.020444]","[0.0006,0.0166,0.0334,0.0502,0.0667,0.0834,0.1,0.1162,0.133,0.1493,0.1663,0.1827,0.1997,0.2166,0.2332,0.2497,0.2662,0.2832,0.2999,0.3161,0.3337,0.3503,0.3668,0.3833,0.4001,0.4166,0.4329,0.4505,0.4668,0.4829,0.5006,0.5167,0.5334,0.5501,0.5669,0.5834,0.5997,0.6169,0.6335,0.6502,0.667,0.6838,0.7005,0.7172,0.7337,0.7503,0.7669,0.7838,0.8004,0.8172,0.8338,0.8505,0.8671,0.8837,0.9004,0.9169,0.9337,0.9504,0.9669,0.9843,1.0007,1.0171,1.0339,1.0506,1.0673,1.0838,1.1005,1.117,1.1338,1.1506,1.1673,1.1839,1.2006,1.2173,1.2339,1.2506,1.2673,1.2841,1.3008,1.3172,1.3336,1.3506,1.3671,1.384,1.4005,1.4174,1.4341,1.4508,1.4675,1.4841,1.5016,1.5177,1.5342,1.5507,1.5674,1.5841,1.601,1.6176,1.634,1.6512,1.6678,1.6843,1.7012,1.7175,1.7345,1.7511,1.7676,1.7847,1.8011,1.8176,1.834,1.8513,1.8678,1.8844,1.901,1.918,1.9344,1.9514,1.968,1.9846,2.0011,2.0179,2.0347,2.0513,2.068,2.0847,2.1016,2.1182,2.1347,2.1514,2.1681,2.1846,2.2012,2.2178,2.2343,2.2513,2.2678,2.2846,2.3014,2.3181,2.3349,2.3519,2.3686,2.3851,2.4019,2.4183,2.435,2.4515,2.4683,2.485,2.5017,2.5185,2.5351,2.5519,2.5685,2.5851,2.6019,2.6185,2.635,2.6518,2.6684,2.685,2.7017,2.7185,2.7352,2.7517,2.7685,2.7852,2.8021,2.8187,2.8352,2.8518,2.8684,2.8852,2.9018,2.9184,2.935,2.9517,2.9683,2.9855,3.0021,3.0187,3.0353,3.052,3.0687,3.0855,3.1023,3.1189,3.136,3.1521,3.1688,3.1855,3.2019,3.2185,3.2352,3.2519,3.2685,3.2855,3.3024,3.3191,3.3359]","[1,1,1,1,1,1,1,1,1,1,1,1,1,1,1,1,1,1,1,1,1,1,1,1,1,1,1,1,1,1,1,1,1,1,1,1,1,1,1,1,1,1,1,1,1,1,1,1,1,1,1,1,1,1,1,1,1,1,1,1,1,1,1,1,1,1,1,1,1,1,1,1,1,1,1,1,1,1,1,1,1,1,1,1,1,1,1,1,1,1,1,1,1,1,1,1,1,1,1,1,1,1,1,1,1,1,1,1,1,1,1,1,1,1,1,1,1,1,1,1,1,1,1,1,1,1,1,1,1,1,1,1,1,1,1,1,1,1,2,2,2,2,2,2,2,2,2,2,2,2,2,2,2,2,2,2,2,2,2,2,2,2,2,2,2,2,2,2,2,2,2,2,2,2,2,2,2,2,2,2,2,2,2,2,2,2,2,2,2,2,2,2,2,2,2,2,2,2,2,2,2]",70,514.7685,4,174,0,174,0,1,229579,4,SV_73ADPjbMtd0KUBg,304,2022-03-02_15h06.07.165,implicit_time,2021.1.4,Linux x86_64,59.95563283
cursorjump,55,0,0,10,NA,0,NA,0,0,0.5,FALSE,rotation,0,"[0.014583,0.016667,0.016667,0.016667,0.01875,0.01875,0.020833,0.020833,0.020833,0.020833,0.022917,0.022917,0.022917,0.022917,0.025,0.025,0.027083,0.027083,0.027083,0.027083,0.027083,0.027083,0.027083,0.027083,0.027083,0.027083,0.027083,0.027083,0.027083,0.027083,0.027083,0.027083,0.027083,0.027083,0.027083,0.027083,0.029167,0.03125,0.041667,0.05625,0.066667,0.095833,0.139583,0.164583,0.214583,0.270833,0.302083,0.366667,0.435417,0.46875,0.529167,0.583333,0.608333,0.65625,0.695833,0.7125,0.739583,0.754167,0.758333,0.7625,0.758333,0.752083,0.727083,0.689583,0.66875,0.622917,0.570833,0.54375,0.48125,0.41875,0.39375,0.352083,0.310417,0.283333,0.222917,0.158333,0.104167,0.083333,0.052083,0.039583,0.010417]","[0.010667,0.010667,0.010667,0.010667,0.010667,0.010667,0.010667,0.010667,0.013778,0.013778,0.013778,0.013778,0.013778,0.013778,0.013778,0.013778,0.013778,0.013778,0.013778,0.013778,0.013778,0.013778,0.013778,0.013778,0.013778,0.013778,0.013778,0.013778,0.013778,0.013778,0.013778,0.013778,0.013778,0.013778,0.013778,0.013778,0.013778,0.016889,0.026222,0.041778,0.057333,0.091556,0.135111,0.156889,0.200444,0.247111,0.272,0.324889,0.377778,0.402667,0.443111,0.480444,0.496,0.527111,0.548889,0.561333,0.576889,0.586222,0.589333,0.589333,0.589333,0.586222,0.573778,0.552,0.542667,0.514667,0.483556,0.464889,0.418222,0.374667,0.352889,0.321778,0.290667,0.272,0.225333,0.175556,0.128889,0.113333,0.079111,0.063556,0.029333]","[0.0005,0.0165,0.0333,0.0499,0.0664,0.0832,0.0997,0.1162,0.1331,0.1498,0.1664,0.1832,0.2,0.2165,0.2333,0.2498,0.2664,0.283,0.2997,0.316,0.3332,0.3499,0.3661,0.3832,0.3999,0.416,0.4334,0.4501,0.4667,0.4833,0.4998,0.516,0.5335,0.5501,0.5667,0.5834,0.6,0.6166,0.6332,0.6499,0.6667,0.6835,0.7005,0.7173,0.7341,0.7498,0.7666,0.7834,0.8002,0.817,0.834,0.8501,0.8667,0.8836,0.9005,0.9174,0.9343,0.9502,0.9671,0.9835,1.0002,1.0171,1.0339,1.0502,1.067,1.0835,1.1004,1.117,1.1335,1.1503,1.167,1.1836,1.2004,1.2172,1.2342,1.251,1.2678,1.2836,1.3003,1.3172,1.3342]","[1,1,1,1,1,1,1,1,1,1,1,1,1,1,1,1,1,1,1,1,1,1,1,1,1,1,1,1,1,1,1,1,1,1,1,1,1,1,1,1,1,1,1,1,1,1,1,1,1,1,1,1,1,1,1,1,1,1,2,2,2,2,2,2,2,2,2,2,2,2,2,2,2,2,2,2,2,2,2,2,2]",70,516.6195,4,175,0,175,0,1,229579,4,SV_73ADPjbMtd0KUBg,304,2022-03-02_15h06.07.165,implicit_time,2021.1.4,Linux x86_64,59.95563283
cursorjump,315,45,0.5,10,NA,0,NA,0,1,0.5,FALSE,rotation,1,"[0,0,0,0,0,0,0.002083,0.004167,0.004167,0.004167,0.00625,0.00625,0.00625,0.00625,0.00625,0.00625,0.00625,0.00625,0.00625,0.00625,0.00625,0.00625,0.00625,0.00625,0.00625,0.00625,0.00625,0.00625,0.00625,0.00625,0.00625,0.00625,0.00625,0.00625,0.00625,0.00625,0.00625,0.00625,0.00625,0.00625,0.00625,0.00625,0.00625,0.00625,0.00625,0.00625,0.008333,0.008333,0.0125,0.016667,0.020833,0.03125,0.039583,0.05,0.054167,0.066667,0.072917,0.0875,0.102083,0.120833,0.13125,0.152083,0.164583,0.189583,0.214583,0.235417,0.247917,0.270833,0.28125,0.302083,0.320833,0.33125,0.333333,0.3375,0.3375,0.339583,0.335417,0.327083,0.320833,0.308333,0.304167,0.302083,0.302083,0.310417,0.320833,0.333333,0.339583,0.354167,0.36875,0.377083,0.391667,0.404167,0.408333,0.41875,0.43125,0.439583,0.466667,0.508333,0.53125,0.577083,0.602083,0.65625,0.708333,0.75625,0.777083,0.8125,0.84375,0.858333,0.883333,0.902083,0.908333,0.916667,0.922917,0.927083,0.927083,0.91875,0.910417,0.879167,0.84375,0.825,0.7875,0.74375,0.71875,0.664583,0.602083,0.566667,0.497917,0.43125,0.397917,0.3375,0.2875,0.26875,0.2375,0.216667,0.210417,0.197917,0.191667,0.1875,0.183333,0.177083,0.172917,0.158333,0.14375,0.135417,0.11875,0.1,0.091667,0.077083,0.06875,0.064583,0.058333,0.054167,0.05,0.045833,0.04375,0.041667,0.0375,0.035417,0.03125,0.027083,0.027083,0.027083,0.027083,0.029167,0.03125,0.035417,0.04375,0.045833,0.052083,0.052083,0.052083,0.052083,0.052083,0.052083,0.052083,0.052083,0.052083,0.052083,0.05,0.045833,0.033333,0.025,0.010417,-0.004167,-0.014583,-0.020833,-0.035417,-0.04375,-0.064583,-0.077083,-0.083333,-0.085417,-0.091667,-0.097917,-0.110417,-0.120833,-0.129167,-0.133333,-0.141667,-0.145833,-0.154167,-0.160417,-0.1625,-0.1625,-0.160417,-0.160417,-0.15625,-0.147917,-0.135417,-0.127083,-0.108333,-0.1,-0.085417,-0.070833,-0.052083,-0.041667,-0.022917,-0.0125,0.002083,0.010417,0.014583,0.022917,0.029167,0.03125,0.035417,0.0375,0.0375,0.035417,0.03125]","[-0.001778,-0.001778,-0.001778,-0.001778,-0.001778,-0.001778,-0.001778,-0.001778,0.001333,0.001333,0.001333,0.001333,0.001333,0.001333,0.001333,0.001333,0.001333,0.001333,0.001333,0.001333,0.001333,0.001333,0.001333,0.001333,0.001333,0.001333,0.001333,0.001333,0.001333,0.001333,0.001333,0.001333,0.001333,0.001333,0.001333,0.001333,0.001333,0.001333,0.001333,0.001333,0.001333,0.001333,0.001333,0.001333,0.001333,0.001333,0.004444,0.004444,0.010667,0.023111,0.032444,0.051111,0.072889,0.097778,0.113333,0.144444,0.163111,0.200444,0.237778,0.272,0.290667,0.331111,0.349778,0.393333,0.430667,0.471111,0.486667,0.520889,0.536444,0.567556,0.586222,0.598667,0.601778,0.601778,0.601778,0.592444,0.576889,0.552,0.536444,0.514667,0.502222,0.489778,0.483556,0.471111,0.458667,0.449333,0.446222,0.443111,0.44,0.436889,0.427556,0.408889,0.396444,0.365333,0.328,0.306222,0.268889,0.234667,0.219111,0.188,0.175556,0.153778,0.128889,0.104,0.091556,0.060444,0.029333,0.013778,-0.020444,-0.045333,-0.057778,-0.079556,-0.101333,-0.110667,-0.12,-0.12,-0.116889,-0.107556,-0.101333,-0.095111,-0.082667,-0.064,-0.051556,-0.023556,-0.004889,0.004444,0.02,0.023111,0.023111,0.013778,-0.004889,-0.020444,-0.057778,-0.104444,-0.132444,-0.191556,-0.26,-0.300444,-0.384444,-0.468444,-0.505778,-0.577333,-0.636444,-0.664444,-0.704889,-0.736,-0.748444,-0.770222,-0.788889,-0.795111,-0.813778,-0.82,-0.835556,-0.851111,-0.866667,-0.876,-0.891556,-0.900889,-0.913333,-0.925778,-0.941333,-0.950667,-0.966222,-0.972444,-0.984889,-0.997333,-1.016,-1.028444,-1.047111,-1.053333,-1.059556,-1.062667,-1.062667,-1.062667,-1.062667,-1.062667,-1.059556,-1.059556,-1.053333,-1.047111,-1.028444,-1.016,-0.988,-0.950667,-0.907111,-0.882222,-0.82,-0.782667,-0.698667,-0.611556,-0.54,-0.512,-0.462222,-0.440444,-0.393778,-0.347111,-0.306667,-0.291111,-0.269333,-0.26,-0.238222,-0.210222,-0.185333,-0.176,-0.160444,-0.151111,-0.135556,-0.116889,-0.098222,-0.092,-0.082667,-0.082667,-0.079556,-0.082667,-0.085778,-0.085778,-0.088889,-0.088889,-0.088889,-0.079556,-0.073333,-0.064,-0.057778,-0.051556,-0.045333,-0.039111,-0.036,-0.026667,-0.020444]","[0.0007,0.0156,0.0324,0.049,0.0659,0.0826,0.0996,0.1156,0.1327,0.1494,0.1656,0.1831,0.1995,0.216,0.2325,0.2493,0.2659,0.283,0.2993,0.316,0.3326,0.3494,0.366,0.3828,0.3993,0.4161,0.4327,0.4498,0.4665,0.4826,0.4995,0.5162,0.5329,0.5495,0.5661,0.583,0.5995,0.6163,0.6329,0.6496,0.6663,0.683,0.6995,0.7161,0.7332,0.7498,0.7665,0.7827,0.7997,0.8173,0.8334,0.8496,0.8666,0.8832,0.9,0.9167,0.9336,0.9497,0.9667,0.9836,0.9998,1.0164,1.0331,1.05,1.0667,1.0835,1.1003,1.1164,1.1335,1.1504,1.1668,1.1873,1.2004,1.2167,1.2336,1.2503,1.2666,1.2835,1.3005,1.3168,1.3338,1.3506,1.3666,1.3835,1.4004,1.4173,1.4335,1.4502,1.4672,1.4842,1.5004,1.5172,1.5342,1.5505,1.5671,1.584,1.6007,1.6169,1.6338,1.6508,1.6668,1.6837,1.7008,1.7177,1.7338,1.7506,1.7672,1.7842,1.8012,1.8174,1.8346,1.8507,1.8676,1.8843,1.9005,1.9173,1.9336,1.9504,1.9675,1.9843,2.0005,2.0176,2.0337,2.0506,2.0675,2.0845,2.1007,2.1176,2.1345,2.1515,2.1673,2.1843,2.201,2.218,2.2342,2.2513,2.2673,2.2842,2.3013,2.3174,2.3343,2.3513,2.368,2.3839,2.4009,2.4179,2.4348,2.4508,2.4677,2.4846,2.5008,2.5181,2.5343,2.5515,2.5675,2.5844,2.6015,2.6177,2.6345,2.6514,2.6683,2.6843,2.7015,2.7175,2.7345,2.7514,2.7676,2.7845,2.8011,2.8178,2.8346,2.8514,2.8684,2.8853,2.9012,2.9183,2.9344,2.9513,2.9682,2.9851,3.0012,3.0181,3.0349,3.0519,3.068,3.0852,3.1014,3.1186,3.1347,3.1518,3.1689,3.1848,3.2018,3.2186,3.2346,3.2514,3.2683,3.2853,3.3014,3.3184,3.3352,3.3521,3.3688,3.3858,3.4018,3.4189,3.4348,3.4518,3.4688,3.485,3.5018,3.5187,3.5348,3.5517,3.5688,3.5849,3.6021,3.6182,3.6352,3.6524,3.6685,3.6854,3.7023,3.7184,3.7354,3.7525,3.7683,3.7855,3.8023]","[1,1,1,1,1,1,1,1,1,1,1,1,1,1,1,1,1,1,1,1,1,1,1,1,1,1,1,1,1,1,1,1,1,1,1,1,1,1,1,1,1,1,1,1,1,1,1,1,1,1,1,1,1,1,1,1,1,1,1,1,1,1,1,1,1,1,1,1,1,1,1,1,1,1,1,1,1,1,1,1,1,1,1,1,1,1,1,1,1,1,1,1,1,1,1,1,1,1,1,1,1,1,1,1,1,1,1,1,1,1,1,1,1,1,1,1,1,1,1,1,1,1,1,1,1,1,1,1,1,1,1,1,1,1,1,1,1,1,1,1,1,1,1,1,1,1,1,1,1,1,1,1,1,1,1,1,1,1,1,1,1,1,2,2,2,2,2,2,2,2,2,2,2,2,2,2,2,2,2,2,2,2,2,2,2,2,2,2,2,2,2,2,2,2,2,2,2,2,2,2,2,2,2,2,2,2,2,2,2,2,2,2,2,2,2,2,2,2,2,2,2,2,2,2,2,2,2,2,2]",70,521.3563,4,176,0,176,0,1,229579,4,SV_73ADPjbMtd0KUBg,304,2022-03-02_15h06.07.165,implicit_time,2021.1.4,Linux x86_64,59.95563283
cursorjump,325,0,0,10,NA,0,NA,0,0,0.5,FALSE,rotation,0,"[0,-0.002083,-0.00625,-0.008333,-0.010417,-0.0125,-0.0125,-0.0125,-0.0125,-0.0125,-0.0125,-0.0125,-0.0125,-0.0125,-0.0125,-0.0125,-0.0125,-0.0125,-0.0125,-0.0125,-0.0125,-0.0125,-0.0125,-0.0125,-0.0125,-0.0125,-0.0125,-0.010417,-0.008333,-0.004167,0,0.0125,0.035417,0.05,0.089583,0.110417,0.158333,0.20625,0.25625,0.285417,0.34375,0.375,0.4375,0.491667,0.533333,0.547917,0.575,0.597917,0.6125,0.6375,0.65625,0.664583,0.675,0.679167,0.6875,0.691667,0.691667,0.689583,0.672917,0.6625,0.641667,0.63125,0.622917,0.616667,0.585417,0.5625,0.502083,0.43125,0.35625,0.320833,0.247917,0.214583,0.160417,0.120833,0.095833,0.0875,0.077083,0.070833,0.066667,0.0625,0.060417,0.058333,0.060417,0.060417,0.0625,0.0625,0.0625,0.0625,0.060417,0.05625,0.054167,0.052083,0.045833,0.04375,0.0375]","[-0.014222,-0.017333,-0.020444,-0.023556,-0.023556,-0.026667,-0.026667,-0.026667,-0.026667,-0.026667,-0.026667,-0.026667,-0.026667,-0.026667,-0.026667,-0.026667,-0.026667,-0.026667,-0.026667,-0.026667,-0.026667,-0.026667,-0.026667,-0.026667,-0.026667,-0.026667,-0.026667,-0.026667,-0.026667,-0.029778,-0.032889,-0.045333,-0.073333,-0.088889,-0.132444,-0.154222,-0.210222,-0.269333,-0.337778,-0.372,-0.440444,-0.474667,-0.530667,-0.571111,-0.602222,-0.614667,-0.636444,-0.658222,-0.670667,-0.698667,-0.720444,-0.729778,-0.748444,-0.757778,-0.770222,-0.782667,-0.785778,-0.782667,-0.773333,-0.764,-0.748444,-0.736,-0.726667,-0.720444,-0.695556,-0.68,-0.633333,-0.577333,-0.518222,-0.484,-0.406222,-0.365778,-0.291111,-0.228889,-0.191556,-0.179111,-0.154222,-0.129333,-0.116889,-0.095111,-0.082667,-0.076444,-0.067111,-0.057778,-0.051556,-0.042222,-0.036,-0.036,-0.029778,-0.026667,-0.023556,-0.020444,-0.014222,-0.011111,-0.004889]","[0.0003,0.0164,0.0334,0.0495,0.0666,0.0829,0.0997,0.1167,0.1335,0.1497,0.1668,0.1829,0.2001,0.2161,0.2332,0.2503,0.2663,0.2833,0.3001,0.3169,0.334,0.35,0.3669,0.383,0.3997,0.4168,0.4338,0.4499,0.4669,0.4841,0.5001,0.517,0.5332,0.5505,0.5666,0.5835,0.6004,0.6167,0.6337,0.6499,0.6671,0.6835,0.7003,0.7168,0.7334,0.7506,0.7668,0.7839,0.8002,0.8168,0.8338,0.8499,0.867,0.8837,0.9001,0.917,0.9336,0.9507,0.9668,0.9838,1.0005,1.017,1.0336,1.0508,1.067,1.0838,1.1006,1.1174,1.134,1.1503,1.1671,1.1837,1.2007,1.2171,1.2344,1.2505,1.2675,1.2846,1.3005,1.3177,1.3339,1.351,1.3671,1.384,1.4009,1.4178,1.434,1.451,1.468,1.4838,1.5009,1.5179,1.5341,1.5512,1.5681]","[1,1,1,1,1,1,1,1,1,1,1,1,1,1,1,1,1,1,1,1,1,1,1,1,1,1,1,1,1,1,1,1,1,1,1,1,1,1,1,1,1,1,1,1,1,1,1,1,1,1,2,2,2,2,2,2,2,2,2,2,2,2,2,2,2,2,2,2,2,2,2,2,2,2,2,2,2,2,2,2,2,2,2,2,2,2,2,2,2,2,2,2,2,2,2]",70,523.4408,4,177,0,177,0,1,229579,4,SV_73ADPjbMtd0KUBg,304,2022-03-02_15h06.07.165,implicit_time,2021.1.4,Linux x86_64,59.95563283
cursorjump,45,45,0.5,10,NA,0,NA,0,1,0.5,FALSE,rotation,1,"[0.010417,0.010417,0.010417,0.010417,0.0125,0.0125,0.0125,0.0125,0.0125,0.0125,0.0125,0.0125,0.0125,0.0125,0.0125,0.0125,0.0125,0.0125,0.0125,0.0125,0.0125,0.0125,0.0125,0.0125,0.0125,0.010417,0.008333,0.00625,0.002083,-0.002083,0,0.002083,0.010417,0.016667,0.027083,0.0375,0.05,0.05625,0.072917,0.079167,0.09375,0.108333,0.122917,0.133333,0.15,0.160417,0.179167,0.195833,0.204167,0.222917,0.241667,0.25,0.264583,0.279167,0.2875,0.304167,0.322917,0.33125,0.34375,0.35,0.352083,0.354167,0.354167,0.35625,0.358333,0.360417,0.360417,0.3625,0.364583,0.366667,0.36875,0.370833,0.372917,0.377083,0.38125,0.383333,0.385417,0.385417,0.385417,0.385417,0.385417,0.385417,0.385417,0.385417,0.385417,0.379167,0.370833,0.364583,0.354167,0.341667,0.333333,0.314583,0.291667,0.270833,0.260417,0.241667,0.235417,0.227083,0.21875,0.2125,0.208333,0.2,0.195833,0.189583,0.1875,0.185417,0.185417,0.1875,0.191667,0.210417,0.24375,0.29375,0.322917,0.389583,0.422917,0.4875,0.51875,0.572917,0.616667,0.645833,0.65625,0.672917,0.68125,0.69375,0.70625,0.71875,0.725,0.7375,0.74375,0.760417,0.78125,0.797917,0.804167,0.814583,0.81875,0.825,0.835417,0.847917,0.854167,0.864583,0.86875,0.875,0.883333,0.89375,0.9,0.914583,0.920833,0.929167,0.93125,0.933333,0.933333,0.93125,0.929167,0.925,0.914583,0.904167,0.9,0.895833,0.891667,0.8875,0.88125,0.879167,0.877083,0.870833,0.858333,0.845833,0.816667,0.779167,0.75625,0.710417,0.65625,0.625,0.560417,0.497917,0.466667,0.40625,0.345833,0.316667,0.2625,0.214583,0.195833,0.175,0.170833,0.177083,0.202083,0.222917,0.275,0.35,0.445833,0.5,0.604167,0.65,0.733333,0.8,0.858333,0.885417,0.927083,0.941667,0.964583,0.977083,0.9875,0.991667,1.00625,1.014583,1.025,1.03125,1.035417,1.0375,1.041667,1.04375,1.047917,1.05,1.05,1.05,1.05,1.05,1.05,1.05,1.05,1.05,1.05,1.05,1.05,1.045833,1.035417,1.027083,1.008333,0.995833,0.966667,0.929167,0.883333,0.85625,0.797917,0.76875,0.704167,0.6375,0.56875,0.535417,0.470833,0.441667,0.391667,0.352083,0.322917,0.310417,0.2875,0.277083,0.258333,0.24375,0.23125,0.222917,0.208333,0.197917,0.177083,0.154167,0.139583,0.108333,0.079167,0.066667,0.047917,0.0375,0.035417,0.03125,0.03125,0.03125,0.03125,0.03125,0.033333,0.0375,0.04375,0.045833,0.05,0.05,0.052083,0.052083,0.052083,0.052083,0.05,0.045833,0.041667,0.0375,0.033333,0.03125]","[-0.008,-0.008,-0.008,-0.008,-0.008,-0.008,-0.008,-0.008,-0.008,-0.008,-0.008,-0.008,-0.008,-0.008,-0.008,-0.008,-0.008,-0.008,-0.008,-0.008,-0.008,-0.008,-0.008,-0.008,-0.008,-0.008,-0.004889,-0.004889,0.004444,0.02,0.051111,0.069778,0.119556,0.147556,0.200444,0.256444,0.309333,0.334222,0.377778,0.396444,0.430667,0.461778,0.486667,0.499111,0.524,0.533333,0.555111,0.573778,0.586222,0.604889,0.620444,0.629778,0.642222,0.654667,0.664,0.679556,0.692,0.695111,0.698222,0.701333,0.701333,0.701333,0.701333,0.701333,0.701333,0.704444,0.704444,0.707556,0.713778,0.713778,0.72,0.723111,0.726222,0.726222,0.729333,0.726222,0.726222,0.726222,0.723111,0.723111,0.723111,0.72,0.72,0.716889,0.716889,0.710667,0.695111,0.685778,0.657778,0.620444,0.595556,0.536444,0.471111,0.405778,0.371556,0.306222,0.272,0.203556,0.138222,0.072889,0.044889,-0.004889,-0.020444,-0.045333,-0.057778,-0.060889,-0.064,-0.064,-0.064,-0.057778,-0.048444,-0.042222,-0.042222,-0.054667,-0.060889,-0.079556,-0.085778,-0.092,-0.092,-0.082667,-0.079556,-0.070222,-0.067111,-0.060889,-0.054667,-0.045333,-0.039111,-0.026667,-0.020444,-0.004889,0.013778,0.032444,0.041778,0.054222,0.060444,0.072889,0.085333,0.100889,0.107111,0.119556,0.122667,0.128889,0.135111,0.147556,0.156889,0.172444,0.181778,0.191111,0.194222,0.194222,0.194222,0.194222,0.188,0.181778,0.169333,0.156889,0.153778,0.144444,0.141333,0.135111,0.125778,0.119556,0.113333,0.100889,0.085333,0.079111,0.060444,0.038667,0.026222,-0.008,-0.045333,-0.064,-0.098222,-0.123111,-0.135556,-0.154222,-0.166667,-0.172889,-0.182222,-0.188444,-0.191556,-0.194667,-0.194667,-0.191556,-0.188444,-0.185333,-0.172889,-0.157333,-0.144889,-0.138667,-0.141778,-0.148,-0.157333,-0.166667,-0.172889,-0.176,-0.179111,-0.182222,-0.185333,-0.185333,-0.188444,-0.188444,-0.188444,-0.188444,-0.185333,-0.182222,-0.179111,-0.179111,-0.172889,-0.172889,-0.163556,-0.154222,-0.148,-0.144889,-0.141778,-0.138667,-0.138667,-0.135556,-0.135556,-0.135556,-0.135556,-0.135556,-0.135556,-0.135556,-0.135556,-0.135556,-0.138667,-0.141778,-0.151111,-0.163556,-0.182222,-0.191556,-0.210222,-0.219556,-0.232,-0.241333,-0.241333,-0.241333,-0.235111,-0.232,-0.225778,-0.225778,-0.225778,-0.225778,-0.222667,-0.222667,-0.219556,-0.213333,-0.213333,-0.213333,-0.219556,-0.222667,-0.232,-0.241333,-0.244444,-0.247556,-0.241333,-0.238222,-0.228889,-0.222667,-0.216444,-0.204,-0.191556,-0.182222,-0.166667,-0.144889,-0.135556,-0.113778,-0.088889,-0.079556,-0.060889,-0.051556,-0.045333,-0.042222,-0.039111,-0.039111,-0.039111,-0.039111,-0.036,-0.032889,-0.026667,-0.023556]","[0.0003,0.0164,0.0334,0.0505,0.0664,0.0834,0.1006,0.1166,0.1336,0.1495,0.1665,0.1835,0.1997,0.2167,0.2331,0.2502,0.2671,0.2839,0.3003,0.3175,0.3336,0.3504,0.3673,0.3833,0.4001,0.4171,0.4342,0.4502,0.4672,0.4833,0.5003,0.5173,0.5334,0.5504,0.5675,0.5833,0.6003,0.6173,0.6333,0.6503,0.6674,0.6843,0.7002,0.717,0.7341,0.7509,0.7671,0.784,0.801,0.8171,0.8343,0.8504,0.8672,0.8841,0.9011,0.9172,0.9341,0.9512,0.9674,0.9842,1.0004,1.0176,1.0338,1.0508,1.0676,1.0844,1.1004,1.1176,1.1347,1.1508,1.1677,1.1845,1.2014,1.2174,1.2344,1.2514,1.2672,1.2841,1.3011,1.3179,1.3339,1.3508,1.3678,1.3847,1.4008,1.4178,1.4348,1.4506,1.4676,1.4843,1.5013,1.5175,1.5344,1.5515,1.5676,1.5844,1.6015,1.6176,1.6344,1.6513,1.6683,1.6841,1.7011,1.7182,1.7349,1.751,1.7681,1.7843,1.8014,1.8177,1.8345,1.8515,1.8676,1.8846,1.9014,1.9183,1.9344,1.9514,1.9682,1.9847,2.0017,2.0178,2.035,2.0519,2.0679,2.0847,2.1017,2.1178,2.1349,2.1518,2.1687,2.1848,2.2018,2.218,2.2353,2.2514,2.2686,2.2846,2.3019,2.318,2.3351,2.3514,2.3686,2.3847,2.4018,2.418,2.4351,2.4521,2.4682,2.4853,2.5015,2.5187,2.5357,2.5518,2.5688,2.585,2.602,2.6189,2.635,2.6521,2.6684,2.6855,2.7017,2.7188,2.7357,2.7516,2.7687,2.7857,2.8018,2.8188,2.8358,2.8517,2.8688,2.8857,2.9019,2.919,2.9359,2.9519,2.9689,2.9861,3.0022,3.0191,3.0353,3.0525,3.0685,3.0857,3.1028,3.1186,3.1356,3.1526,3.1687,3.1859,3.2019,3.2189,3.2359,3.2519,3.269,3.2862,3.3024,3.3188,3.3356,3.3523,3.3693,3.3854,3.4024,3.4192,3.4362,3.4521,3.4691,3.4862,3.5024,3.5196,3.5356,3.5524,3.5696,3.5857,3.6027,3.6198,3.636,3.6531,3.6693,3.6864,3.7025,3.7196,3.7357,3.7527,3.7697,3.786,3.8031,3.8191,3.8362,3.8533,3.8696,3.8857,3.903,3.9199,3.9358,3.953,3.97,3.9862,4.0033,4.0193,4.0362,4.0533,4.0695,4.0864,4.1033,4.1202,4.1364,4.1534,4.1695,4.1862,4.2032,4.2201,4.2363,4.2535,4.2696,4.2864,4.3035,4.3196,4.3365,4.3537,4.3698,4.3865,4.4034,4.4203,4.4365,4.4536,4.4697,4.4865,4.5036,4.5197,4.5367,4.5536,4.5706,4.5866,4.6038,4.6199,4.6369,4.653,4.6701,4.6868]","[1,1,1,1,1,1,1,1,1,1,1,1,1,1,1,1,1,1,1,1,1,1,1,1,1,1,1,1,1,1,1,1,1,1,1,1,1,1,1,1,1,1,1,1,1,1,1,1,1,1,1,1,1,1,1,1,1,1,1,1,1,1,1,1,1,1,1,1,1,1,1,1,1,1,1,1,1,1,1,1,1,1,1,1,1,1,1,1,1,1,1,1,1,1,1,1,1,1,1,1,1,1,1,1,1,1,1,1,1,1,1,1,1,1,1,1,1,1,1,1,1,1,1,1,1,1,1,1,1,1,1,1,1,1,1,1,1,1,1,1,1,1,1,1,1,1,1,1,1,1,1,1,1,1,1,1,1,1,1,1,1,1,1,1,1,1,1,1,1,1,1,1,1,1,1,1,1,1,1,1,1,1,1,1,1,1,1,1,1,1,1,1,1,1,1,1,1,2,2,2,2,2,2,2,2,2,2,2,2,2,2,2,2,2,2,2,2,2,2,2,2,2,2,2,2,2,2,2,2,2,2,2,2,2,2,2,2,2,2,2,2,2,2,2,2,2,2,2,2,2,2,2,2,2,2,2,2,2,2,2,2,2,2,2,2,2,2,2,2,2,2,2,2,2,2,2,2,2,2,2,2,2]",70,528.6449,4,178,0,178,0,1,229579,4,SV_73ADPjbMtd0KUBg,304,2022-03-02_15h06.07.165,implicit_time,2021.1.4,Linux x86_64,59.95563283
cursorjump,35,0,0,10,NA,0,NA,0,0,0.5,FALSE,rotation,0,"[0.004167,0.004167,0.004167,0.002083,0.002083,0.002083,0.002083,0.002083,0.002083,0.002083,0.002083,0.002083,0.002083,0.002083,0.002083,0.002083,0.002083,0.004167,0.004167,0.00625,0.00625,0.00625,0.00625,0.00625,0.00625,0.008333,0.008333,0.008333,0.008333,0.008333,0.008333,0.008333,0.008333,0.010417,0.010417,0.0125,0.014583,0.016667,0.016667,0.020833,0.025,0.041667,0.072917,0.116667,0.14375,0.2,0.23125,0.3,0.375,0.45,0.483333,0.54375,0.570833,0.620833,0.664583,0.702083,0.71875,0.74375,0.754167,0.76875,0.777083,0.7875,0.79375,0.808333,0.816667,0.835417,0.8625,0.89375,0.908333,0.939583,0.954167,0.979167,0.991667,0.991667,0.99375,0.99375,0.99375,0.9875,0.960417,0.9375,0.875,0.808333,0.775,0.704167,0.633333,0.597917,0.529167,0.466667,0.408333,0.383333,0.3375,0.316667,0.279167,0.247917,0.235417,0.2125,0.197917,0.189583,0.175,0.1625,0.158333,0.152083,0.15,0.15,0.15,0.15,0.147917,0.145833,0.1375,0.13125,0.114583,0.097917,0.079167,0.070833,0.058333,0.052083,0.04375,0.0375]","[-0.004889,-0.004889,-0.004889,-0.004889,-0.004889,-0.004889,-0.004889,-0.004889,-0.004889,-0.004889,-0.004889,-0.004889,-0.004889,-0.004889,-0.004889,-0.004889,-0.004889,-0.001778,-0.001778,-0.001778,-0.001778,0.001333,0.001333,0.001333,0.001333,0.001333,-0.001778,-0.001778,-0.001778,-0.001778,-0.001778,-0.001778,-0.001778,-0.001778,0.001333,0.001333,0.004444,0.004444,0.004444,0.010667,0.013778,0.023111,0.041778,0.063556,0.072889,0.091556,0.097778,0.119556,0.138222,0.153778,0.163111,0.184889,0.197333,0.225333,0.250222,0.268889,0.278222,0.293778,0.3,0.309333,0.321778,0.331111,0.337333,0.349778,0.356,0.368444,0.380889,0.396444,0.405778,0.421333,0.427556,0.44,0.449333,0.449333,0.449333,0.449333,0.449333,0.446222,0.436889,0.430667,0.405778,0.377778,0.359111,0.318667,0.275111,0.253333,0.212889,0.184889,0.16,0.150667,0.132,0.122667,0.107111,0.091556,0.082222,0.072889,0.060444,0.057333,0.044889,0.038667,0.035556,0.032444,0.032444,0.032444,0.032444,0.032444,0.032444,0.032444,0.032444,0.032444,0.026222,0.023111,0.016889,0.013778,0.010667,0.010667,0.007556,0.004444]","[0.0004,0.0159,0.0331,0.05,0.066,0.0831,0.0992,0.1165,0.1326,0.1497,0.1665,0.1835,0.1996,0.2168,0.2329,0.2498,0.2667,0.2836,0.2997,0.3169,0.333,0.3497,0.3667,0.3838,0.4,0.4172,0.4332,0.4503,0.4662,0.4833,0.5004,0.5165,0.5334,0.5504,0.5662,0.5833,0.6004,0.6165,0.6335,0.6503,0.6671,0.684,0.7002,0.7164,0.7334,0.7503,0.7666,0.7839,0.8,0.8172,0.8332,0.8502,0.8667,0.884,0.9003,0.9175,0.9337,0.9499,0.9673,0.9834,1.0006,1.0169,1.0342,1.0503,1.0672,1.0835,1.1008,1.1169,1.1336,1.1507,1.167,1.1843,1.2005,1.2167,1.2336,1.2506,1.2669,1.2841,1.3003,1.3174,1.3336,1.3509,1.3672,1.3839,1.401,1.4172,1.4342,1.4503,1.4672,1.4842,1.5004,1.5173,1.5346,1.5509,1.567,1.5839,1.601,1.6179,1.6342,1.6511,1.6672,1.6845,1.7008,1.7178,1.7338,1.7508,1.7679,1.7841,1.8018,1.8176,1.8347,1.8507,1.8679,1.8841,1.9014,1.9176,1.9347,1.9509]","[1,1,1,1,1,1,1,1,1,1,1,1,1,1,1,1,1,1,1,1,1,1,1,1,1,1,1,1,1,1,1,1,1,1,1,1,1,1,1,1,1,1,1,1,1,1,1,1,1,1,1,1,1,1,1,1,1,1,1,1,1,1,1,1,1,1,1,2,2,2,2,2,2,2,2,2,2,2,2,2,2,2,2,2,2,2,2,2,2,2,2,2,2,2,2,2,2,2,2,2,2,2,2,2,2,2,2,2,2,2,2,2,2,2,2,2,2,2]",70,531.1127,4,179,0,179,0,1,229579,4,SV_73ADPjbMtd0KUBg,304,2022-03-02_15h06.07.165,implicit_time,2021.1.4,Linux x86_64,59.95563283
cursorjump,225,45,0.5,10,NA,0,NA,0,1,0.5,FALSE,rotation,1,"[0.03125,0.03125,0.03125,0.03125,0.033333,0.033333,0.033333,0.033333,0.033333,0.033333,0.033333,0.033333,0.033333,0.033333,0.033333,0.033333,0.033333,0.033333,0.033333,0.033333,0.033333,0.033333,0.033333,0.033333,0.033333,0.033333,0.033333,0.033333,0.033333,0.033333,0.033333,0.033333,0.033333,0.033333,0.033333,0.033333,0.033333,0.033333,0.033333,0.033333,0.033333,0.033333,0.033333,0.033333,0.033333,0.033333,0.033333,0.033333,0.033333,0.033333,0.033333,0.033333,0.033333,0.033333,0.033333,0.033333,0.033333,0.033333,0.033333,0.033333,0.033333,0.033333,0.033333,0.033333,0.033333,0.033333,0.033333,0.033333,0.033333,0.033333,0.033333,0.033333,0.033333,0.033333,0.033333,0.033333,0.033333,0.033333,0.033333,0.033333,0.033333,0.03125,0.029167,0.022917,0.01875,0.008333,0.002083,-0.016667,-0.04375,-0.075,-0.09375,-0.129167,-0.145833,-0.18125,-0.222917,-0.266667,-0.289583,-0.335417,-0.35625,-0.402083,-0.445833,-0.489583,-0.5125,-0.552083,-0.572917,-0.6125,-0.65,-0.683333,-0.695833,-0.722917,-0.735417,-0.75625,-0.777083,-0.79375,-0.8,-0.8125,-0.81875,-0.827083,-0.835417,-0.84375,-0.845833,-0.852083,-0.854167,-0.858333,-0.8625,-0.864583,-0.864583,-0.866667,-0.866667,-0.866667,-0.866667,-0.86875,-0.86875,-0.86875,-0.86875,-0.86875,-0.86875,-0.86875,-0.86875,-0.86875,-0.86875,-0.86875,-0.870833,-0.872917,-0.877083,-0.88125,-0.885417,-0.89375,-0.90625,-0.9125,-0.929167,-0.95,-0.9625,-0.9875,-1.01875,-1.035417,-1.06875,-1.085417,-1.0875,-1.0875,-1.085417,-1.085417,-1.083333,-1.083333,-1.083333,-1.083333,-1.083333,-1.083333,-1.085417,-1.0875,-1.0875,-1.0875,-1.0875,-1.0875,-1.085417,-1.08125,-1.072917,-1.06875,-1.05625,-1.05,-1.033333,-1.0125,-0.985417,-0.96875,-0.93125,-0.9125,-0.866667,-0.814583,-0.758333,-0.729167,-0.66875,-0.639583,-0.585417,-0.535417,-0.49375,-0.477083,-0.447917,-0.4375,-0.420833,-0.408333,-0.4,-0.397917,-0.3875,-0.38125,-0.3625,-0.333333,-0.295833,-0.277083,-0.235417,-0.214583,-0.175,-0.158333,-0.129167,-0.108333,-0.095833,-0.091667,-0.089583,-0.09375,-0.095833,-0.104167,-0.108333,-0.1125,-0.114583,-0.116667,-0.116667,-0.110417,-0.1,-0.091667,-0.072917,-0.0625,-0.047917,-0.04375,-0.041667,-0.041667,-0.041667,-0.04375,-0.045833,-0.047917,-0.05,-0.05,-0.05,-0.047917,-0.047917,-0.04375,-0.035417,-0.03125]","[0.001333,0.001333,0.001333,0.001333,0.001333,0.004444,0.004444,0.004444,0.004444,0.004444,0.004444,0.004444,0.004444,0.007556,0.007556,0.007556,0.007556,0.007556,0.007556,0.007556,0.007556,0.007556,0.007556,0.007556,0.007556,0.007556,0.007556,0.007556,0.007556,0.007556,0.007556,0.007556,0.007556,0.007556,0.007556,0.007556,0.007556,0.007556,0.007556,0.007556,0.007556,0.007556,0.007556,0.007556,0.007556,0.007556,0.007556,0.007556,0.007556,0.007556,0.007556,0.007556,0.007556,0.007556,0.007556,0.007556,0.007556,0.007556,0.004444,0.004444,0.004444,0.004444,0.004444,0.004444,0.004444,0.004444,0.004444,0.004444,0.004444,0.004444,0.004444,0.004444,0.004444,0.004444,0.004444,0.004444,0.004444,0.004444,0.004444,0.004444,0.007556,0.007556,0.007556,0.007556,0.007556,0.007556,0.007556,0.007556,0.010667,0.010667,0.013778,0.016889,0.016889,0.016889,0.013778,0.007556,0.004444,-0.001778,-0.004889,-0.011111,-0.020444,-0.036,-0.042222,-0.060889,-0.067111,-0.085778,-0.104444,-0.126222,-0.135556,-0.160444,-0.172889,-0.197778,-0.225778,-0.250667,-0.263111,-0.284889,-0.297333,-0.319111,-0.337778,-0.350222,-0.356444,-0.362667,-0.365778,-0.372,-0.375111,-0.378222,-0.381333,-0.381333,-0.381333,-0.381333,-0.384444,-0.384444,-0.384444,-0.384444,-0.384444,-0.384444,-0.384444,-0.381333,-0.378222,-0.375111,-0.372,-0.368889,-0.365778,-0.365778,-0.362667,-0.362667,-0.359556,-0.359556,-0.359556,-0.359556,-0.359556,-0.359556,-0.362667,-0.372,-0.375111,-0.378222,-0.381333,-0.375111,-0.372,-0.362667,-0.356444,-0.353333,-0.350222,-0.347111,-0.347111,-0.347111,-0.347111,-0.347111,-0.347111,-0.347111,-0.347111,-0.347111,-0.347111,-0.347111,-0.347111,-0.353333,-0.356444,-0.359556,-0.359556,-0.359556,-0.356444,-0.347111,-0.337778,-0.328444,-0.309778,-0.300444,-0.275556,-0.247556,-0.213333,-0.197778,-0.157333,-0.135556,-0.092,-0.054667,-0.023556,-0.011111,0.004444,0.013778,0.026222,0.035556,0.044889,0.048,0.057333,0.063556,0.072889,0.082222,0.088444,0.091556,0.100889,0.104,0.107111,0.107111,0.100889,0.088444,0.079111,0.072889,0.063556,0.051111,0.044889,0.029333,0.016889,0.013778,0.001333,-0.008,-0.014222,-0.023556,-0.029778,-0.032889,-0.036,-0.039111,-0.042222,-0.042222,-0.042222,-0.042222,-0.042222,-0.042222,-0.042222,-0.039111,-0.036,-0.036,-0.032889,-0.032889,-0.029778,-0.029778,-0.026667,-0.026667]","[0.0003,0.0159,0.0326,0.0495,0.0665,0.0828,0.1,0.1163,0.1335,0.1496,0.1668,0.183,0.2,0.2161,0.233,0.2501,0.2662,0.2832,0.2994,0.3165,0.3326,0.3496,0.3667,0.3828,0.3999,0.4161,0.433,0.4496,0.4668,0.483,0.4994,0.5165,0.5333,0.5502,0.5665,0.5836,0.5997,0.6166,0.6333,0.6496,0.6666,0.6838,0.6998,0.7166,0.7336,0.7496,0.7668,0.7839,0.7998,0.8167,0.8334,0.8497,0.8669,0.8841,0.9002,0.9165,0.9335,0.9507,0.9668,0.9838,0.9999,1.0169,1.0336,1.0512,1.0669,1.084,1.1001,1.1173,1.1334,1.1506,1.1669,1.1839,1.2001,1.2169,1.2339,1.2501,1.267,1.2839,1.301,1.317,1.3342,1.3503,1.3674,1.3836,1.4005,1.4175,1.4337,1.451,1.467,1.4841,1.5012,1.5174,1.5346,1.5508,1.567,1.5841,1.6008,1.6177,1.6338,1.6509,1.6679,1.6841,1.7009,1.7172,1.7344,1.7504,1.7675,1.7844,1.8013,1.8175,1.8346,1.8508,1.8679,1.884,1.9012,1.9173,1.9344,1.9507,1.9675,1.9843,2.0015,2.0176,2.0346,2.0508,2.0678,2.0847,2.1009,2.118,2.1341,2.1511,2.1678,2.1847,2.2017,2.2179,2.2339,2.2512,2.2682,2.2843,2.3013,2.3183,2.3342,2.3513,2.3682,2.3842,2.4014,2.4176,2.4349,2.451,2.468,2.485,2.501,2.5183,2.5345,2.5516,2.5686,2.5847,2.602,2.6183,2.6345,2.6517,2.6688,2.685,2.7012,2.7181,2.7353,2.7511,2.7681,2.7852,2.8015,2.8185,2.8346,2.8517,2.8688,2.8849,2.9021,2.9182,2.9352,2.9521,2.9681,2.9852,3.0014,3.0184,3.0354,3.0515,3.0687,3.0849,3.1021,3.1183,3.1352,3.152,3.169,3.1851,3.2022,3.2182,3.2352,3.2522,3.2683,3.2855,3.3019,3.3189,3.3357,3.3517,3.3688,3.385,3.4021,3.419,3.435,3.452,3.4689,3.4852,3.5025,3.5186,3.5358,3.5519,3.569,3.5859,3.6021,3.6194,3.6356,3.6519,3.6691,3.6861,3.7022,3.7194,3.7352,3.7523,3.7693,3.7856,3.8025,3.8186,3.8357,3.8525,3.8696,3.8858,3.9028,3.9186,3.9357,3.9527,3.969,3.9862,4.0024,4.0195,4.0354,4.0524,4.0695,4.0864]","[1,1,1,1,1,1,1,1,1,1,1,1,1,1,1,1,1,1,1,1,1,1,1,1,1,1,1,1,1,1,1,1,1,1,1,1,1,1,1,1,1,1,1,1,1,1,1,1,1,1,1,1,1,1,1,1,1,1,1,1,1,1,1,1,1,1,1,1,1,1,1,1,1,1,1,1,1,1,1,1,1,1,1,1,1,1,1,1,1,1,1,1,1,1,1,1,1,1,1,1,1,1,1,1,1,1,1,1,1,1,1,1,1,1,1,1,1,1,1,1,1,1,1,1,1,1,1,1,1,1,1,1,1,1,1,1,1,1,1,1,1,1,1,1,1,1,1,2,2,2,2,2,2,2,2,2,2,2,2,2,2,2,2,2,2,2,2,2,2,2,2,2,2,2,2,2,2,2,2,2,2,2,2,2,2,2,2,2,2,2,2,2,2,2,2,2,2,2,2,2,2,2,2,2,2,2,2,2,2,2,2,2,2,2,2,2,2,2,2,2,2,2,2,2,2,2,2,2,2,2,2,2,2,2,2,2,2,2,2,2,2,2,2,2,2,2]",70,535.7173,4,180,0,180,0,1,229579,4,SV_73ADPjbMtd0KUBg,304,2022-03-02_15h06.07.165,implicit_time,2021.1.4,Linux x86_64,59.95563283
cursorjump,235,0,0,10,NA,0,NA,0,0,0.5,FALSE,rotation,0,"[-0.016667,-0.016667,-0.01875,-0.020833,-0.022917,-0.025,-0.025,-0.025,-0.025,-0.025,-0.025,-0.025,-0.025,-0.025,-0.025,-0.025,-0.025,-0.025,-0.025,-0.025,-0.022917,-0.022917,-0.022917,-0.022917,-0.020833,-0.020833,-0.020833,-0.020833,-0.020833,-0.020833,-0.020833,-0.020833,-0.020833,-0.020833,-0.020833,-0.022917,-0.029167,-0.047917,-0.0625,-0.097917,-0.11875,-0.16875,-0.225,-0.289583,-0.322917,-0.383333,-0.410417,-0.458333,-0.5,-0.541667,-0.560417,-0.597917,-0.608333,-0.61875,-0.620833,-0.620833,-0.620833,-0.622917,-0.622917,-0.61875,-0.597917,-0.570833,-0.554167,-0.5125,-0.489583,-0.435417,-0.38125,-0.329167,-0.304167,-0.260417,-0.239583,-0.204167,-0.175,-0.1625,-0.14375,-0.133333,-0.13125,-0.127083,-0.125,-0.125,-0.11875,-0.1125,-0.110417,-0.108333,-0.108333,-0.108333,-0.102083,-0.091667,-0.085417,-0.079167,-0.079167,-0.079167,-0.077083,-0.070833,-0.066667,-0.05625,-0.047917,-0.045833,-0.041667,-0.039583,-0.035417]","[-0.023556,-0.020444,-0.017333,-0.014222,-0.011111,-0.004889,-0.004889,-0.004889,-0.001778,-0.001778,-0.001778,-0.001778,-0.001778,-0.001778,-0.001778,-0.001778,-0.004889,-0.004889,-0.004889,-0.004889,-0.004889,-0.008,-0.008,-0.008,-0.011111,-0.011111,-0.011111,-0.011111,-0.011111,-0.011111,-0.011111,-0.011111,-0.011111,-0.011111,-0.011111,-0.014222,-0.029778,-0.060889,-0.085778,-0.141778,-0.172889,-0.235111,-0.300444,-0.378222,-0.418667,-0.502667,-0.543111,-0.624,-0.704889,-0.779556,-0.816889,-0.882222,-0.904,-0.919556,-0.913333,-0.913333,-0.913333,-0.913333,-0.913333,-0.910222,-0.885333,-0.841778,-0.813778,-0.748444,-0.711111,-0.633333,-0.552444,-0.477778,-0.443556,-0.384444,-0.359556,-0.312889,-0.272444,-0.253778,-0.216444,-0.191556,-0.182222,-0.166667,-0.151111,-0.141778,-0.123111,-0.107556,-0.101333,-0.098222,-0.095111,-0.092,-0.082667,-0.073333,-0.067111,-0.064,-0.064,-0.064,-0.060889,-0.054667,-0.048444,-0.036,-0.026667,-0.023556,-0.020444,-0.014222,-0.011111]","[0.0002,0.0162,0.0333,0.0496,0.0667,0.0828,0.0997,0.1168,0.1329,0.15,0.166,0.1831,0.2001,0.2163,0.2333,0.2497,0.2667,0.283,0.3001,0.3164,0.3335,0.3498,0.3668,0.383,0.4,0.4164,0.4335,0.4497,0.4668,0.4835,0.4998,0.5171,0.5333,0.5505,0.5665,0.5834,0.6003,0.6167,0.6335,0.65,0.6669,0.6835,0.7002,0.7168,0.7334,0.7502,0.7667,0.7835,0.8004,0.8169,0.8336,0.8504,0.8669,0.8836,0.9003,0.9169,0.934,0.9505,0.967,0.9836,1.0003,1.0172,1.0336,1.0505,1.0671,1.0839,1.1004,1.1174,1.134,1.1504,1.1673,1.1839,1.2006,1.2173,1.234,1.2508,1.2673,1.2844,1.3009,1.3173,1.3339,1.351,1.3673,1.3844,1.4009,1.4175,1.4341,1.4507,1.4675,1.4846,1.5009,1.5179,1.5344,1.5512,1.5676,1.5847,1.6011,1.6176,1.6347,1.6509,1.6677]","[1,1,1,1,1,1,1,1,1,1,1,1,1,1,1,1,1,1,1,1,1,1,1,1,1,1,1,1,1,1,1,1,1,1,1,1,1,1,1,1,1,1,1,1,1,1,1,1,1,1,2,2,2,2,2,2,2,2,2,2,2,2,2,2,2,2,2,2,2,2,2,2,2,2,2,2,2,2,2,2,2,2,2,2,2,2,2,2,2,2,2,2,2,2,2,2,2,2,2,2,2]",70,537.9016,4,181,0,181,0,1,229579,4,SV_73ADPjbMtd0KUBg,304,2022-03-02_15h06.07.165,implicit_time,2021.1.4,Linux x86_64,59.95563283
cursorjump,135,45,0.5,10,NA,0,NA,0,1,0.5,FALSE,rotation,1,"[-0.01875,-0.01875,-0.01875,-0.01875,-0.01875,-0.01875,-0.016667,-0.016667,-0.014583,-0.014583,-0.014583,-0.014583,-0.0125,-0.0125,-0.0125,-0.0125,-0.0125,-0.0125,-0.0125,-0.0125,-0.0125,-0.014583,-0.014583,-0.014583,-0.014583,-0.014583,-0.014583,-0.014583,-0.014583,-0.014583,-0.014583,-0.014583,-0.014583,-0.014583,-0.014583,-0.014583,-0.014583,-0.014583,-0.014583,-0.014583,-0.014583,-0.014583,-0.014583,-0.016667,-0.016667,-0.016667,-0.01875,-0.01875,-0.01875,-0.01875,-0.01875,-0.01875,-0.01875,-0.01875,-0.022917,-0.027083,-0.029167,-0.039583,-0.05,-0.054167,-0.0625,-0.075,-0.085417,-0.1125,-0.152083,-0.170833,-0.214583,-0.258333,-0.28125,-0.333333,-0.391667,-0.422917,-0.4875,-0.552083,-0.583333,-0.645833,-0.70625,-0.735417,-0.795833,-0.827083,-0.88125,-0.93125,-0.977083,-0.997917,-1.035417,-1.052083,-1.08125,-1.102083,-1.114583,-1.116667,-1.11875,-1.116667,-1.114583,-1.1,-1.06875,-1.045833,-0.979167,-0.935417,-0.845833,-0.75625,-0.672917,-0.63125,-0.541667,-0.495833,-0.404167,-0.320833,-0.247917,-0.216667,-0.1625,-0.139583,-0.104167,-0.083333,-0.072917,-0.072917,-0.072917,-0.072917,-0.079167,-0.089583,-0.104167,-0.110417,-0.125,-0.133333,-0.14375,-0.152083,-0.15625,-0.154167,-0.147917,-0.139583,-0.11875,-0.1,-0.083333,-0.075,-0.0625,-0.05625,-0.04375,-0.035417,-0.029167,-0.027083,-0.027083,-0.027083,-0.029167]","[0.013778,0.013778,0.013778,0.013778,0.016889,0.013778,0.013778,0.010667,0.010667,0.010667,0.010667,0.007556,0.007556,0.007556,0.007556,0.004444,0.004444,0.004444,0.001333,-0.001778,-0.001778,-0.001778,-0.001778,-0.001778,-0.001778,-0.001778,-0.001778,-0.001778,-0.001778,-0.001778,-0.001778,-0.001778,-0.001778,-0.001778,-0.001778,-0.001778,-0.001778,-0.001778,-0.001778,-0.001778,-0.001778,-0.001778,-0.001778,-0.001778,-0.001778,0.001333,0.004444,0.004444,0.007556,0.007556,0.007556,0.007556,0.007556,0.007556,0.007556,0.007556,0.004444,0.001333,-0.004889,-0.008,-0.011111,-0.014222,-0.017333,-0.017333,-0.017333,-0.017333,-0.011111,-0.008,-0.004889,-0.008,-0.020444,-0.029778,-0.051556,-0.073333,-0.082667,-0.104444,-0.126222,-0.135556,-0.157333,-0.169778,-0.185333,-0.200889,-0.213333,-0.219556,-0.228889,-0.232,-0.238222,-0.238222,-0.238222,-0.238222,-0.235111,-0.232,-0.225778,-0.216444,-0.200889,-0.188444,-0.160444,-0.141778,-0.107556,-0.070222,-0.026667,-0.004889,0.044889,0.069778,0.119556,0.16,0.197333,0.212889,0.244,0.256444,0.281333,0.296889,0.303111,0.306222,0.306222,0.306222,0.309333,0.309333,0.303111,0.3,0.290667,0.284444,0.265778,0.240889,0.216,0.200444,0.172444,0.16,0.135111,0.113333,0.100889,0.094667,0.085333,0.079111,0.066667,0.057333,0.048,0.044889,0.038667,0.032444,0.026222]","[0.0002,0.0166,0.033,0.0498,0.0667,0.0833,0.0999,0.1163,0.1331,0.1498,0.1663,0.1834,0.2004,0.2169,0.2335,0.2499,0.2668,0.2836,0.3004,0.3171,0.3337,0.3504,0.3671,0.3836,0.4004,0.4169,0.4335,0.4503,0.4672,0.4839,0.5005,0.517,0.5336,0.5507,0.5672,0.584,0.6004,0.6173,0.6337,0.6506,0.667,0.6839,0.7007,0.7173,0.7336,0.7506,0.7674,0.7841,0.8002,0.8171,0.834,0.8506,0.8673,0.8842,0.9009,0.9177,0.9342,0.9511,0.9677,0.9843,1.0011,1.0175,1.034,1.0507,1.0678,1.0845,1.1009,1.1177,1.1345,1.1512,1.1677,1.1844,1.2011,1.2177,1.2345,1.2511,1.2677,1.2846,1.3014,1.3179,1.3348,1.3507,1.3677,1.3847,1.4017,1.4184,1.4349,1.4516,1.4685,1.4841,1.501,1.5176,1.5343,1.5513,1.5683,1.5841,1.6009,1.6178,1.634,1.6512,1.6683,1.6843,1.7014,1.7181,1.7342,1.7511,1.7681,1.7851,1.8017,1.8185,1.8342,1.851,1.8678,1.8847,1.901,1.9178,1.9348,1.9521,1.9678,1.9844,2.0009,2.0178,2.035,2.0511,2.068,2.0845,2.1013,2.1181,2.1351,2.1511,2.1679,2.1845,2.2011,2.2178,2.2346,2.2515,2.2681,2.2847,2.3013,2.3181,2.335]","[1,1,1,1,1,1,1,1,1,1,1,1,1,1,1,1,1,1,1,1,1,1,1,1,1,1,1,1,1,1,1,1,1,1,1,1,1,1,1,1,1,1,1,1,1,1,1,1,1,1,1,1,1,1,1,1,1,1,1,1,1,1,1,1,1,1,1,1,1,1,1,1,1,1,1,1,1,1,1,1,1,1,2,2,2,2,2,2,2,2,2,2,2,2,2,2,2,2,2,2,2,2,2,2,2,2,2,2,2,2,2,2,2,2,2,2,2,2,2,2,2,2,2,2,2,2,2,2,2,2,2,2,2,2,2,2,2,2,2,2,2]",70,540.7544,4,182,0,182,0,1,229579,4,SV_73ADPjbMtd0KUBg,304,2022-03-02_15h06.07.165,implicit_time,2021.1.4,Linux x86_64,59.95563283
cursorjump,125,0,0,10,NA,0,NA,0,0,0.5,FALSE,rotation,0,"[0.022917,0.020833,0.020833,0.01875,0.01875,0.01875,0.016667,0.014583,0.0125,0.010417,0.010417,0.008333,0.00625,0.00625,0.00625,0.00625,0.00625,0.00625,0.00625,0.00625,0.00625,0.00625,0.00625,0.00625,0.00625,0.00625,0.00625,0.00625,0.00625,0.00625,0.00625,0.00625,0.00625,0.00625,0.00625,0.00625,0.00625,0.004167,0,-0.0125,-0.020833,-0.039583,-0.060417,-0.083333,-0.095833,-0.122917,-0.1375,-0.166667,-0.19375,-0.21875,-0.229167,-0.247917,-0.254167,-0.2625,-0.26875,-0.279167,-0.283333,-0.29375,-0.297917,-0.304167,-0.3125,-0.320833,-0.327083,-0.3375,-0.35,-0.358333,-0.372917,-0.385417,-0.391667,-0.402083,-0.408333,-0.4125,-0.41875,-0.422917,-0.429167,-0.433333,-0.433333,-0.433333,-0.429167,-0.427083,-0.420833,-0.410417,-0.4,-0.391667,-0.370833,-0.354167,-0.316667,-0.272917,-0.225,-0.202083,-0.152083,-0.129167,-0.085417,-0.054167,-0.035417,-0.03125,-0.022917,-0.01875,-0.010417,0.002083,0.014583,0.020833,0.027083,0.029167,0.033333,0.0375,0.041667,0.041667,0.04375,0.04375,0.04375,0.04375,0.04375,0.04375,0.04375,0.041667,0.033333,0.01875,0.008333]","[0.001333,-0.001778,-0.001778,-0.008,-0.008,-0.011111,-0.014222,-0.017333,-0.017333,-0.020444,-0.023556,-0.026667,-0.026667,-0.029778,-0.029778,-0.029778,-0.029778,-0.029778,-0.029778,-0.029778,-0.029778,-0.029778,-0.029778,-0.029778,-0.029778,-0.029778,-0.029778,-0.029778,-0.029778,-0.029778,-0.029778,-0.029778,-0.029778,-0.029778,-0.029778,-0.029778,-0.029778,-0.026667,-0.020444,-0.004889,0.004444,0.029333,0.063556,0.104,0.125778,0.175556,0.200444,0.250222,0.3,0.346667,0.368444,0.412,0.430667,0.468,0.502222,0.533333,0.548889,0.576889,0.589333,0.611111,0.632889,0.654667,0.667111,0.692,0.716889,0.729333,0.757333,0.785333,0.800889,0.832,0.853778,0.866222,0.878667,0.884889,0.891111,0.891111,0.894222,0.891111,0.884889,0.881778,0.869333,0.86,0.847556,0.838222,0.819556,0.804,0.763556,0.713778,0.648444,0.614222,0.542667,0.508444,0.446222,0.390222,0.340444,0.321778,0.284444,0.272,0.244,0.216,0.184889,0.169333,0.141333,0.128889,0.110222,0.094667,0.082222,0.076,0.072889,0.072889,0.072889,0.072889,0.072889,0.072889,0.072889,0.069778,0.063556,0.051111,0.035556]","[0.0007,0.0152,0.0321,0.0493,0.0652,0.0822,0.0993,0.1162,0.1324,0.1494,0.165,0.1828,0.1984,0.2154,0.2322,0.2487,0.266,0.2818,0.2988,0.3156,0.3322,0.3488,0.365,0.382,0.3986,0.4153,0.4325,0.4496,0.4656,0.4825,0.4989,0.5159,0.5327,0.5496,0.5664,0.582,0.5992,0.6156,0.6324,0.649,0.6658,0.6823,0.6989,0.716,0.7331,0.7493,0.7663,0.7822,0.7991,0.8165,0.8324,0.8497,0.8658,0.8829,0.9,0.9161,0.9332,0.9494,0.9667,0.9826,0.9993,1.0163,1.0334,1.0493,1.0664,1.0832,1.1001,1.1159,1.1327,1.1496,1.1665,1.1834,1.2003,1.2165,1.2327,1.2497,1.2667,1.2828,1.2996,1.3168,1.333,1.3502,1.3663,1.3831,1.4001,1.4171,1.4338,1.4499,1.4669,1.4837,1.4996,1.5167,1.5338,1.5497,1.5665,1.5835,1.5998,1.6163,1.6332,1.65,1.6667,1.6832,1.7002,1.7171,1.7329,1.7498,1.7665,1.7834,1.8004,1.8171,1.8331,1.8499,1.8666,1.8833,1.9004,1.9172,1.933,1.9504,1.9669]","[1,1,1,1,1,1,1,1,1,1,1,1,1,1,1,1,1,1,1,1,1,1,1,1,1,1,1,1,1,1,1,1,1,1,1,1,1,1,1,1,1,1,1,1,1,1,1,1,1,1,1,1,1,1,1,1,1,1,1,1,1,1,1,1,1,1,1,1,1,1,1,2,2,2,2,2,2,2,2,2,2,2,2,2,2,2,2,2,2,2,2,2,2,2,2,2,2,2,2,2,2,2,2,2,2,2,2,2,2,2,2,2,2,2,2,2,2,2,2]",70,544.0231,4,183,0,183,0,1,229579,4,SV_73ADPjbMtd0KUBg,304,2022-03-02_15h06.07.165,implicit_time,2021.1.4,Linux x86_64,59.95563283
cursorjump,315,45,0.5,10,NA,0,NA,0,1,0.5,FALSE,rotation,1,"[0.00625,0.00625,0.00625,0.00625,0.004167,0.004167,0.004167,0.004167,0.004167,0.004167,0.004167,0.002083,0.002083,0,0,0,-0.002083,-0.002083,-0.002083,-0.004167,-0.004167,-0.004167,-0.004167,-0.004167,-0.004167,-0.004167,-0.004167,-0.004167,-0.004167,-0.004167,-0.004167,-0.004167,-0.004167,-0.004167,-0.004167,-0.004167,-0.004167,-0.004167,-0.004167,-0.002083,0,0.002083,0.004167,0.00625,0.00625,0.008333,0.0125,0.0125,0.016667,0.020833,0.025,0.033333,0.054167,0.06875,0.108333,0.15,0.170833,0.210417,0.252083,0.275,0.325,0.352083,0.4,0.441667,0.479167,0.495833,0.535417,0.554167,0.595833,0.63125,0.666667,0.685417,0.71875,0.733333,0.760417,0.777083,0.789583,0.79375,0.8,0.802083,0.808333,0.816667,0.822917,0.825,0.827083,0.829167,0.829167,0.829167,0.83125,0.83125,0.83125,0.83125,0.83125,0.827083,0.814583,0.804167,0.775,0.75625,0.71875,0.679167,0.633333,0.604167,0.5375,0.4625,0.427083,0.364583,0.304167,0.272917,0.204167,0.164583,0.083333,0.016667,-0.033333,-0.052083,-0.08125,-0.09375,-0.116667,-0.135417,-0.14375,-0.145833,-0.1375,-0.120833,-0.110417,-0.085417,-0.0625,-0.054167,-0.039583,-0.029167,-0.025,-0.016667,-0.014583,-0.0125,-0.0125,-0.008333,-0.00625,0,0.00625,0.014583,0.01875,0.01875,0.01875,0.01875,0.016667,0.014583]","[0.004444,0.004444,0.004444,0.001333,0.001333,0.001333,0.001333,0.001333,0.001333,0.001333,0.001333,0.001333,-0.001778,-0.001778,-0.004889,-0.004889,-0.004889,-0.004889,-0.008,-0.008,-0.008,-0.008,-0.008,-0.008,-0.008,-0.008,-0.008,-0.008,-0.008,-0.008,-0.008,-0.008,-0.008,-0.008,-0.008,-0.008,-0.008,-0.008,-0.008,-0.008,-0.008,-0.011111,-0.011111,-0.014222,-0.014222,-0.014222,-0.017333,-0.017333,-0.017333,-0.020444,-0.020444,-0.020444,-0.026667,-0.029778,-0.042222,-0.054667,-0.060889,-0.076444,-0.088889,-0.098222,-0.110667,-0.116889,-0.132444,-0.151111,-0.172889,-0.185333,-0.204,-0.213333,-0.235111,-0.253778,-0.275556,-0.288,-0.312889,-0.328444,-0.359556,-0.393778,-0.418667,-0.431111,-0.452889,-0.465333,-0.490222,-0.512,-0.530667,-0.536889,-0.549333,-0.555556,-0.568,-0.574222,-0.577333,-0.580444,-0.580444,-0.580444,-0.580444,-0.574222,-0.564889,-0.552444,-0.521333,-0.505778,-0.474667,-0.449778,-0.434222,-0.424889,-0.396889,-0.362667,-0.347111,-0.319111,-0.300444,-0.297333,-0.297333,-0.297333,-0.300444,-0.300444,-0.300444,-0.297333,-0.297333,-0.297333,-0.297333,-0.294222,-0.288,-0.284889,-0.272444,-0.253778,-0.241333,-0.216444,-0.197778,-0.191556,-0.179111,-0.172889,-0.169778,-0.157333,-0.148,-0.132444,-0.116889,-0.104444,-0.101333,-0.088889,-0.085778,-0.073333,-0.067111,-0.067111,-0.060889,-0.048444,-0.039111,-0.017333]","[0.0008,0.0168,0.0335,0.0506,0.0668,0.0834,0.1002,0.1168,0.1336,0.1501,0.1668,0.1838,0.2009,0.2166,0.2339,0.25,0.2666,0.2834,0.3004,0.3169,0.3338,0.3503,0.3668,0.3835,0.4001,0.417,0.4333,0.4503,0.4674,0.4836,0.5007,0.5177,0.5335,0.5502,0.5666,0.5834,0.6007,0.6173,0.6338,0.6503,0.6677,0.6846,0.7006,0.7177,0.7341,0.7512,0.7673,0.7839,0.8009,0.8177,0.8341,0.8507,0.8672,0.8839,0.901,0.9176,0.9343,0.9507,0.9675,0.9843,1.0013,1.0176,1.0342,1.0509,1.0681,1.0839,1.1008,1.1176,1.1341,1.1509,1.1677,1.1848,1.2008,1.2178,1.2345,1.2514,1.2679,1.2845,1.3014,1.3181,1.3349,1.3513,1.368,1.3851,1.4011,1.4183,1.4341,1.4513,1.4679,1.4847,1.5014,1.5179,1.5349,1.5512,1.5678,1.5851,1.6011,1.6179,1.6348,1.6514,1.6681,1.6851,1.7018,1.7186,1.7353,1.7518,1.7683,1.7848,1.8013,1.818,1.8348,1.8515,1.8682,1.8849,1.9016,1.9181,1.9353,1.9523,1.9678,1.9846,2.0013,2.0189,2.0353,2.0519,2.0688,2.0855,2.1021,2.1187,2.1354,2.1512,2.168,2.1847,2.2023,2.219,2.235,2.2515,2.2682,2.2848,2.3026,2.3183,2.3351,2.352,2.3689,2.3855]","[1,1,1,1,1,1,1,1,1,1,1,1,1,1,1,1,1,1,1,1,1,1,1,1,1,1,1,1,1,1,1,1,1,1,1,1,1,1,1,1,1,1,1,1,1,1,1,1,1,1,1,1,1,1,1,1,1,1,1,1,1,1,1,1,1,1,1,1,1,1,1,1,1,1,1,1,1,1,1,1,1,2,2,2,2,2,2,2,2,2,2,2,2,2,2,2,2,2,2,2,2,2,2,2,2,2,2,2,2,2,2,2,2,2,2,2,2,2,2,2,2,2,2,2,2,2,2,2,2,2,2,2,2,2,2,2,2,2,2,2,2,2,2,2]",70,546.9255,4,184,0,184,0,1,229579,4,SV_73ADPjbMtd0KUBg,304,2022-03-02_15h06.07.165,implicit_time,2021.1.4,Linux x86_64,59.95563283
cursorjump,325,0,0,10,NA,0,NA,0,0,0.5,FALSE,rotation,0,"[0.002083,0.002083,0.002083,0.004167,0.004167,0.004167,0.004167,0.004167,0.004167,0.004167,0.004167,0.004167,0.004167,0.004167,0.004167,0.004167,0.004167,0.004167,0.004167,0.004167,0.004167,0.004167,0.004167,0.004167,0.004167,0.004167,0.004167,0.004167,0.00625,0.008333,0.01875,0.027083,0.060417,0.110417,0.1375,0.19375,0.247917,0.272917,0.31875,0.3625,0.385417,0.425,0.44375,0.472917,0.5,0.527083,0.541667,0.572917,0.6,0.610417,0.629167,0.64375,0.65,0.666667,0.683333,0.691667,0.704167,0.7125,0.716667,0.720833,0.727083,0.73125,0.739583,0.741667,0.739583,0.725,0.702083,0.6875,0.6625,0.633333,0.616667,0.564583,0.5,0.464583,0.39375,0.322917,0.2875,0.222917,0.164583,0.139583,0.097917,0.070833,0.060417,0.047917,0.041667,0.039583,0.0375,0.039583,0.041667,0.05,0.064583,0.075,0.089583,0.1,0.102083,0.102083,0.102083,0.102083,0.097917,0.095833,0.085417,0.075,0.0625,0.05625,0.045833,0.039583]","[0.007556,0.007556,0.007556,0.007556,0.007556,0.010667,0.010667,0.010667,0.010667,0.010667,0.010667,0.010667,0.010667,0.010667,0.010667,0.010667,0.010667,0.010667,0.010667,0.013778,0.013778,0.013778,0.013778,0.013778,0.016889,0.016889,0.016889,0.016889,0.016889,0.013778,0.007556,0.001333,-0.020444,-0.054667,-0.073333,-0.126222,-0.191556,-0.225778,-0.294222,-0.356444,-0.384444,-0.428,-0.443556,-0.480889,-0.515111,-0.552444,-0.571111,-0.602222,-0.627111,-0.636444,-0.658222,-0.676889,-0.689333,-0.711111,-0.732889,-0.742222,-0.757778,-0.770222,-0.773333,-0.782667,-0.795111,-0.801333,-0.810667,-0.813778,-0.807556,-0.792,-0.764,-0.748444,-0.717333,-0.683111,-0.664444,-0.611556,-0.549333,-0.518222,-0.449778,-0.384444,-0.350222,-0.288,-0.225778,-0.197778,-0.151111,-0.126222,-0.12,-0.110667,-0.104444,-0.098222,-0.092,-0.085778,-0.082667,-0.076444,-0.064,-0.054667,-0.036,-0.020444,-0.017333,-0.011111,-0.011111,-0.008,-0.008,-0.004889,-0.001778,0.001333,0.001333,0.001333,-0.001778,-0.001778]","[0.0006,0.0167,0.0336,0.05,0.0666,0.0833,0.0999,0.1164,0.1331,0.1497,0.1663,0.1828,0.1995,0.2163,0.233,0.2501,0.2666,0.2833,0.3001,0.3167,0.3333,0.3498,0.3672,0.3837,0.4005,0.4169,0.4334,0.46,0.468,0.4845,0.5004,0.5171,0.5337,0.5504,0.5672,0.584,0.6007,0.6174,0.6342,0.6508,0.6675,0.6844,0.7,0.7176,0.7343,0.7503,0.7669,0.7835,0.8004,0.8171,0.8337,0.8505,0.8674,0.8838,0.9004,0.9172,0.9339,0.9503,0.967,0.9838,1.0008,1.0172,1.0338,1.0507,1.0672,1.0838,1.1005,1.1171,1.1339,1.1504,1.167,1.1838,1.2006,1.2175,1.2342,1.2506,1.2672,1.2841,1.3008,1.3173,1.3339,1.3503,1.368,1.3846,1.4014,1.417,1.4341,1.4506,1.4671,1.4848,1.5006,1.5173,1.5342,1.5506,1.5672,1.5839,1.6006,1.6175,1.6341,1.6505,1.6676,1.6841,1.7008,1.7175,1.7342,1.7508]","[1,1,1,1,1,1,1,1,1,1,1,1,1,1,1,1,1,1,1,1,1,1,1,1,1,1,1,1,1,1,1,1,1,1,1,1,1,1,1,1,1,1,1,1,1,1,1,1,1,1,1,1,1,2,2,2,2,2,2,2,2,2,2,2,2,2,2,2,2,2,2,2,2,2,2,2,2,2,2,2,2,2,2,2,2,2,2,2,2,2,2,2,2,2,2,2,2,2,2,2,2,2,2,2,2,2]",70,549.1931,4,185,0,185,0,1,229579,4,SV_73ADPjbMtd0KUBg,304,2022-03-02_15h06.07.165,implicit_time,2021.1.4,Linux x86_64,59.95563283
cursorjump,135,45,0.5,10,NA,0,NA,0,1,0.5,FALSE,rotation,1,"[-0.00625,-0.00625,-0.00625,-0.00625,-0.00625,-0.00625,-0.00625,-0.00625,-0.00625,-0.00625,-0.00625,-0.00625,-0.00625,-0.00625,-0.00625,-0.00625,-0.00625,-0.00625,-0.00625,-0.00625,-0.00625,-0.00625,-0.00625,-0.00625,-0.00625,-0.00625,-0.00625,-0.00625,-0.00625,-0.00625,-0.00625,-0.00625,-0.00625,-0.00625,-0.00625,-0.00625,-0.00625,-0.00625,-0.00625,-0.00625,-0.00625,-0.00625,-0.00625,-0.00625,-0.008333,-0.016667,-0.033333,-0.045833,-0.06875,-0.089583,-0.1,-0.120833,-0.14375,-0.16875,-0.183333,-0.2125,-0.229167,-0.260417,-0.3,-0.320833,-0.364583,-0.408333,-0.429167,-0.472917,-0.516667,-0.539583,-0.585417,-0.63125,-0.652083,-0.695833,-0.733333,-0.752083,-0.78125,-0.810417,-0.820833,-0.84375,-0.864583,-0.88125,-0.889583,-0.904167,-0.910417,-0.91875,-0.925,-0.927083,-0.929167,-0.929167,-0.929167,-0.927083,-0.922917,-0.914583,-0.910417,-0.897917,-0.8875,-0.860417,-0.825,-0.775,-0.747917,-0.683333,-0.65,-0.577083,-0.541667,-0.470833,-0.4,-0.335417,-0.304167,-0.24375,-0.214583,-0.160417,-0.114583,-0.08125,-0.06875,-0.054167,-0.047917,-0.041667,-0.033333,-0.022917,-0.016667,-0.004167,0,0.002083,0.002083,-0.002083,-0.00625,-0.020833,-0.027083,-0.0375,-0.035417,-0.033333,-0.03125,-0.035417,-0.039583,-0.045833,-0.05,-0.052083,-0.054167,-0.054167,-0.054167,-0.054167,-0.052083,-0.047917,-0.045833,-0.039583,-0.033333,-0.029167,-0.01875,-0.008333,-0.00625]","[-0.001778,-0.001778,-0.001778,-0.001778,-0.001778,-0.001778,-0.001778,-0.001778,-0.001778,-0.001778,-0.001778,-0.001778,-0.001778,-0.001778,-0.001778,-0.001778,-0.001778,-0.001778,-0.001778,-0.001778,-0.001778,-0.001778,-0.001778,-0.001778,-0.001778,-0.001778,-0.001778,-0.001778,-0.001778,-0.001778,-0.001778,-0.001778,-0.001778,-0.001778,-0.001778,-0.001778,-0.001778,-0.001778,-0.001778,-0.001778,-0.001778,-0.001778,-0.001778,-0.001778,-0.001778,-0.004889,-0.004889,-0.004889,-0.001778,0.001333,0.004444,0.010667,0.02,0.026222,0.032444,0.038667,0.041778,0.048,0.057333,0.063556,0.076,0.088444,0.094667,0.110222,0.122667,0.128889,0.138222,0.150667,0.156889,0.175556,0.194222,0.203556,0.225333,0.247111,0.259556,0.284444,0.309333,0.337333,0.352889,0.377778,0.390222,0.415111,0.44,0.458667,0.468,0.480444,0.483556,0.489778,0.492889,0.496,0.496,0.496,0.492889,0.477333,0.455556,0.427556,0.415111,0.387111,0.377778,0.356,0.343556,0.324889,0.309333,0.3,0.3,0.303111,0.306222,0.318667,0.331111,0.343556,0.346667,0.352889,0.356,0.362222,0.365333,0.365333,0.365333,0.356,0.352889,0.340444,0.328,0.309333,0.3,0.278222,0.265778,0.237778,0.206667,0.166222,0.144444,0.110222,0.097778,0.082222,0.076,0.076,0.079111,0.079111,0.085333,0.085333,0.088444,0.088444,0.088444,0.088444,0.085333,0.082222,0.066667,0.044889,0.032444]","[0.0006,0.0163,0.0331,0.0499,0.0666,0.0828,0.0993,0.1164,0.133,0.1493,0.1658,0.183,0.1998,0.2163,0.233,0.2492,0.2668,0.2832,0.2997,0.3163,0.3327,0.3501,0.3661,0.3828,0.3995,0.4161,0.4332,0.4494,0.4664,0.4828,0.4998,0.5165,0.5329,0.5502,0.5668,0.5832,0.5999,0.6162,0.6335,0.65,0.6665,0.6838,0.7002,0.7166,0.7333,0.7499,0.7666,0.7837,0.8002,0.8166,0.8333,0.85,0.867,0.8837,0.9001,0.9167,0.9339,0.9503,0.9669,0.9835,1.0001,1.0172,1.0337,1.0502,1.0669,1.0837,1.1002,1.1168,1.1335,1.1511,1.1668,1.1836,1.2002,1.2178,1.2344,1.2509,1.2675,1.2841,1.3007,1.3173,1.334,1.3507,1.3673,1.384,1.4006,1.4173,1.4338,1.4505,1.4673,1.484,1.5007,1.5174,1.534,1.5505,1.5673,1.584,1.6006,1.6173,1.634,1.6505,1.6676,1.684,1.7007,1.7173,1.7343,1.7511,1.7677,1.7842,1.8007,1.8175,1.834,1.8511,1.8676,1.8842,1.9009,1.9175,1.9345,1.9511,1.9677,1.9843,2.0008,2.0179,2.0343,2.0508,2.0681,2.0847,2.1013,2.1178,2.1343,2.1514,2.1678,2.1843,2.2013,2.2178,2.2348,2.2513,2.268,2.2845,2.3011,2.3182,2.3348,2.3513,2.3679,2.3846,2.4011,2.4185,2.4349]","[1,1,1,1,1,1,1,1,1,1,1,1,1,1,1,1,1,1,1,1,1,1,1,1,1,1,1,1,1,1,1,1,1,1,1,1,1,1,1,1,1,1,1,1,1,1,1,1,1,1,1,1,1,1,1,1,1,1,1,1,1,1,1,1,1,1,1,1,1,1,1,1,1,1,1,1,1,1,1,2,2,2,2,2,2,2,2,2,2,2,2,2,2,2,2,2,2,2,2,2,2,2,2,2,2,2,2,2,2,2,2,2,2,2,2,2,2,2,2,2,2,2,2,2,2,2,2,2,2,2,2,2,2,2,2,2,2,2,2,2,2,2,2,2,2,2,2]",70,552.1457,4,186,0,186,0,1,229579,4,SV_73ADPjbMtd0KUBg,304,2022-03-02_15h06.07.165,implicit_time,2021.1.4,Linux x86_64,59.95563283
cursorjump,125,0,0,10,NA,0,NA,0,0,0.5,FALSE,rotation,0,"[0.002083,0,0,-0.002083,-0.004167,-0.004167,-0.00625,-0.008333,-0.008333,-0.008333,-0.008333,-0.008333,-0.008333,-0.008333,-0.008333,-0.008333,-0.008333,-0.008333,-0.00625,-0.00625,-0.00625,-0.00625,-0.00625,-0.004167,-0.004167,-0.004167,-0.004167,-0.002083,-0.002083,-0.002083,-0.002083,-0.002083,-0.002083,-0.002083,-0.00625,-0.014583,-0.03125,-0.058333,-0.072917,-0.110417,-0.129167,-0.1625,-0.191667,-0.214583,-0.222917,-0.2375,-0.24375,-0.254167,-0.258333,-0.258333,-0.260417,-0.264583,-0.26875,-0.275,-0.285417,-0.29375,-0.297917,-0.30625,-0.310417,-0.322917,-0.339583,-0.347917,-0.3625,-0.372917,-0.377083,-0.383333,-0.389583,-0.391667,-0.395833,-0.397917,-0.397917,-0.395833,-0.389583,-0.385417,-0.377083,-0.364583,-0.35625,-0.333333,-0.304167,-0.2875,-0.247917,-0.20625,-0.170833,-0.15625,-0.129167,-0.11875,-0.097917,-0.08125,-0.06875,-0.064583,-0.060417,-0.060417,-0.060417,-0.0625,-0.0625,-0.064583,-0.064583,-0.064583,-0.064583,-0.060417,-0.05625,-0.047917,-0.0375,-0.033333,-0.027083,-0.01875,-0.014583,-0.00625,-0.002083,0,0.004167,0.00625,0.008333,0.010417,0.0125,0.0125,0.016667,0.022917,0.025]","[-0.011111,-0.008,-0.008,-0.008,-0.004889,-0.004889,-0.004889,-0.004889,-0.004889,-0.004889,-0.004889,-0.004889,-0.004889,-0.004889,-0.004889,-0.004889,-0.004889,-0.004889,-0.008,-0.008,-0.008,-0.008,-0.011111,-0.011111,-0.011111,-0.011111,-0.014222,-0.014222,-0.014222,-0.014222,-0.014222,-0.014222,-0.014222,-0.014222,-0.011111,0.001333,0.029333,0.069778,0.094667,0.147556,0.178667,0.240889,0.296889,0.349778,0.371556,0.415111,0.436889,0.477333,0.517778,0.555111,0.570667,0.601778,0.614222,0.642222,0.676444,0.707556,0.723111,0.754222,0.769778,0.804,0.838222,0.853778,0.891111,0.922222,0.937778,0.956444,0.972,0.978222,0.981333,0.981333,0.975111,0.962667,0.947111,0.937778,0.919111,0.903556,0.894222,0.875556,0.850667,0.835111,0.794667,0.744889,0.692,0.664,0.608,0.58,0.524,0.471111,0.421333,0.396444,0.349778,0.331111,0.3,0.284444,0.278222,0.272,0.268889,0.265778,0.262667,0.253333,0.244,0.228444,0.209778,0.203556,0.194222,0.184889,0.178667,0.166222,0.153778,0.147556,0.138222,0.125778,0.116444,0.100889,0.079111,0.069778,0.054222,0.041778,0.032444]","[0.0006,0.0165,0.0332,0.0499,0.0666,0.0835,0.099,0.1167,0.1334,0.1496,0.1665,0.1828,0.1995,0.2158,0.2324,0.2493,0.2655,0.2832,0.2999,0.3165,0.3332,0.3499,0.3664,0.3832,0.4,0.4165,0.4331,0.4499,0.4666,0.4833,0.5,0.5165,0.5331,0.55,0.5666,0.5833,0.5997,0.6162,0.6335,0.6501,0.6666,0.6835,0.7003,0.7169,0.7333,0.75,0.7669,0.7835,0.8,0.8168,0.8335,0.8502,0.867,0.8837,0.9003,0.917,0.9335,0.9501,0.967,0.9839,1.0004,1.017,1.0339,1.0508,1.0666,1.0832,1.1004,1.1171,1.1342,1.1495,1.1675,1.183,1.1996,1.2172,1.234,1.2507,1.2675,1.2829,1.3006,1.3175,1.3342,1.3508,1.3676,1.383,1.4003,1.4166,1.4332,1.4509,1.4677,1.4832,1.5006,1.517,1.5335,1.55,1.5667,1.5835,1.6,1.6166,1.6337,1.6501,1.6668,1.6835,1.7003,1.7168,1.7335,1.7517,1.7669,1.7838,1.8002,1.8173,1.8337,1.8503,1.8669,1.8836,1.9005,1.9167,1.9337,1.9502,1.9671]","[1,1,1,1,1,1,1,1,1,1,1,1,1,1,1,1,1,1,1,1,1,1,1,1,1,1,1,1,1,1,1,1,1,1,1,1,1,1,1,1,1,1,1,1,1,1,1,1,1,1,1,1,1,1,1,1,1,1,1,1,1,1,2,2,2,2,2,2,2,2,2,2,2,2,2,2,2,2,2,2,2,2,2,2,2,2,2,2,2,2,2,2,2,2,2,2,2,2,2,2,2,2,2,2,2,2,2,2,2,2,2,2,2,2,2,2,2,2,2]",70,554.6304,4,187,0,187,0,1,229579,4,SV_73ADPjbMtd0KUBg,304,2022-03-02_15h06.07.165,implicit_time,2021.1.4,Linux x86_64,59.95563283
cursorjump,225,45,0.5,10,NA,0,NA,0,1,0.5,FALSE,rotation,1,"[-0.00625,-0.00625,-0.00625,-0.00625,-0.00625,-0.00625,-0.00625,-0.00625,-0.00625,-0.004167,-0.004167,-0.004167,-0.004167,-0.004167,-0.004167,-0.004167,-0.004167,-0.004167,-0.004167,-0.004167,-0.004167,-0.004167,-0.004167,-0.004167,-0.004167,-0.004167,-0.004167,-0.004167,-0.004167,-0.004167,-0.004167,-0.004167,-0.004167,-0.004167,-0.004167,-0.004167,-0.004167,-0.00625,-0.00625,-0.008333,-0.010417,-0.014583,-0.022917,-0.0375,-0.045833,-0.070833,-0.083333,-0.10625,-0.127083,-0.145833,-0.15625,-0.175,-0.185417,-0.208333,-0.2375,-0.266667,-0.283333,-0.314583,-0.33125,-0.3625,-0.395833,-0.429167,-0.445833,-0.477083,-0.491667,-0.520833,-0.547917,-0.572917,-0.583333,-0.6,-0.604167,-0.608333,-0.604167,-0.595833,-0.5875,-0.570833,-0.560417,-0.5375,-0.5125,-0.485417,-0.472917,-0.447917,-0.435417,-0.4125,-0.391667,-0.375,-0.366667,-0.35625,-0.352083,-0.352083,-0.35625,-0.364583,-0.36875,-0.375,-0.377083,-0.377083,-0.375,-0.370833,-0.364583,-0.352083,-0.34375,-0.316667,-0.279167,-0.260417,-0.225,-0.202083,-0.19375,-0.175,-0.154167,-0.141667,-0.110417,-0.083333,-0.072917,-0.05625,-0.04375,-0.0375,-0.025,-0.016667,-0.0125,-0.010417,-0.0125,-0.0125]","[0.004444,0.004444,0.004444,0.004444,0.004444,0.004444,0.001333,0.001333,0.001333,0.001333,0.001333,0.001333,0.001333,0.001333,0.001333,0.001333,0.001333,0.001333,0.001333,0.001333,0.001333,0.001333,0.001333,0.001333,0.001333,0.001333,0.001333,0.001333,0.001333,0.001333,0.001333,0.001333,0.001333,0.001333,0.001333,0.001333,0.001333,-0.001778,-0.001778,-0.008,-0.011111,-0.020444,-0.039111,-0.067111,-0.085778,-0.126222,-0.151111,-0.204,-0.263111,-0.325333,-0.353333,-0.409333,-0.437333,-0.490222,-0.543111,-0.589778,-0.611556,-0.652,-0.670667,-0.708,-0.748444,-0.788889,-0.807556,-0.838667,-0.851111,-0.872889,-0.888444,-0.900889,-0.907111,-0.913333,-0.913333,-0.910222,-0.904,-0.891556,-0.882222,-0.860444,-0.848,-0.810667,-0.757778,-0.689333,-0.655111,-0.577333,-0.536889,-0.462222,-0.390667,-0.325333,-0.297333,-0.247556,-0.225778,-0.188444,-0.154222,-0.123111,-0.107556,-0.085778,-0.079556,-0.070222,-0.060889,-0.057778,-0.048444,-0.045333,-0.042222,-0.045333,-0.051556,-0.057778,-0.067111,-0.076444,-0.079556,-0.082667,-0.082667,-0.079556,-0.076444,-0.070222,-0.067111,-0.064,-0.060889,-0.057778,-0.057778,-0.054667,-0.051556,-0.048444,-0.042222,-0.036]","[0.0006,0.0159,0.033,0.0499,0.0666,0.0833,0.0998,0.1168,0.1328,0.15,0.1661,0.1833,0.1995,0.2163,0.2329,0.25,0.2661,0.283,0.2999,0.3162,0.3334,0.3496,0.3664,0.3834,0.4002,0.4166,0.4327,0.4497,0.4668,0.4836,0.4994,0.5164,0.5335,0.5496,0.567,0.583,0.5999,0.6168,0.634,0.6501,0.667,0.6838,0.6999,0.7172,0.7332,0.7501,0.7671,0.7833,0.8003,0.8173,0.8334,0.8503,0.8673,0.8835,0.9003,0.9176,0.9337,0.9506,0.9677,0.9839,1.0001,1.0174,1.0335,1.0502,1.0672,1.0842,1.1002,1.1172,1.1344,1.1505,1.1675,1.1834,1.2004,1.2177,1.2339,1.251,1.267,1.284,1.3009,1.3169,1.3337,1.3507,1.3675,1.3837,1.4007,1.4172,1.4342,1.451,1.4669,1.4837,1.5007,1.5179,1.534,1.5508,1.5675,1.5846,1.6005,1.6176,1.6346,1.6507,1.6678,1.6845,1.7004,1.7176,1.7343,1.7511,1.7678,1.7848,1.8008,1.8178,1.8347,1.8507,1.8678,1.8848,1.9006,1.9178,1.9346,1.9514,1.9683,1.9843,2.001,2.0179]","[1,1,1,1,1,1,1,1,1,1,1,1,1,1,1,1,1,1,1,1,1,1,1,1,1,1,1,1,1,1,1,1,1,1,1,1,1,1,1,1,1,1,1,1,1,1,1,1,1,1,1,1,1,1,1,1,1,1,1,1,1,1,1,2,2,2,2,2,2,2,2,2,2,2,2,2,2,2,2,2,2,2,2,2,2,2,2,2,2,2,2,2,2,2,2,2,2,2,2,2,2,2,2,2,2,2,2,2,2,2,2,2,2,2,2,2,2,2,2,2,2,2]",70,557.5156,4,188,0,188,0,1,229579,4,SV_73ADPjbMtd0KUBg,304,2022-03-02_15h06.07.165,implicit_time,2021.1.4,Linux x86_64,59.95563283
cursorjump,235,0,0,10,NA,0,NA,0,0,0.5,FALSE,rotation,0,"[-0.00625,-0.00625,-0.00625,-0.00625,-0.008333,-0.008333,-0.008333,-0.008333,-0.008333,-0.008333,-0.008333,-0.008333,-0.008333,-0.008333,-0.008333,-0.008333,-0.008333,-0.008333,-0.008333,-0.008333,-0.010417,-0.022917,-0.052083,-0.072917,-0.122917,-0.15,-0.2,-0.252083,-0.304167,-0.329167,-0.372917,-0.39375,-0.43125,-0.466667,-0.502083,-0.520833,-0.552083,-0.566667,-0.59375,-0.614583,-0.63125,-0.6375,-0.647917,-0.652083,-0.65625,-0.660417,-0.6625,-0.6625,-0.660417,-0.660417,-0.654167,-0.645833,-0.63125,-0.620833,-0.597917,-0.585417,-0.564583,-0.541667,-0.516667,-0.502083,-0.466667,-0.445833,-0.40625,-0.364583,-0.325,-0.30625,-0.26875,-0.239583,-0.225,-0.202083,-0.183333,-0.172917,-0.158333,-0.147917,-0.14375,-0.1375,-0.135417,-0.135417,-0.135417,-0.135417,-0.135417,-0.135417,-0.135417,-0.133333,-0.127083,-0.116667,-0.110417,-0.091667,-0.08125,-0.0625,-0.05,-0.039583]","[0.001333,0.001333,0.001333,0.001333,0.001333,0.001333,0.001333,0.001333,0.001333,0.001333,0.001333,0.001333,0.001333,0.001333,0.001333,0.001333,0.001333,0.001333,0.001333,0.001333,-0.004889,-0.020444,-0.051556,-0.073333,-0.113778,-0.138667,-0.185333,-0.247556,-0.319111,-0.353333,-0.424889,-0.452889,-0.505778,-0.549333,-0.592889,-0.611556,-0.652,-0.670667,-0.701778,-0.729778,-0.757778,-0.773333,-0.801333,-0.816889,-0.838667,-0.851111,-0.863556,-0.866667,-0.869778,-0.869778,-0.860444,-0.835556,-0.795111,-0.773333,-0.729778,-0.714222,-0.683111,-0.652,-0.614667,-0.592889,-0.54,-0.512,-0.456,-0.4,-0.344,-0.316,-0.263111,-0.213333,-0.191556,-0.154222,-0.123111,-0.107556,-0.079556,-0.060889,-0.051556,-0.039111,-0.026667,-0.023556,-0.017333,-0.014222,-0.014222,-0.014222,-0.011111,-0.008,-0.001778,0.004444,0.007556,0.010667,0.013778,0.013778,0.013778,0.010667]","[0.0001,0.0163,0.0334,0.0494,0.0666,0.0834,0.1005,0.1166,0.1334,0.1496,0.1668,0.1828,0.1999,0.2168,0.2329,0.2502,0.2663,0.2833,0.3002,0.317,0.3337,0.3496,0.3666,0.3839,0.3999,0.4169,0.4331,0.4502,0.4672,0.4831,0.5002,0.5167,0.5338,0.5499,0.567,0.5831,0.6003,0.6167,0.6339,0.6501,0.6671,0.6832,0.7005,0.7166,0.7336,0.7501,0.7667,0.7836,0.8002,0.8173,0.8334,0.8507,0.8667,0.8837,0.9004,0.9169,0.934,0.9501,0.9671,0.9834,1.0005,1.0169,1.0339,1.0503,1.0672,1.0836,1.1005,1.1175,1.1338,1.1509,1.1672,1.1843,1.2005,1.2177,1.2338,1.2511,1.2673,1.2844,1.3002,1.3171,1.3344,1.3505,1.3673,1.3843,1.4005,1.4174,1.4347,1.4507,1.4677,1.4837,1.5008,1.5179]","[1,1,1,1,1,1,1,1,1,1,1,1,1,1,1,1,1,1,1,1,1,1,1,1,1,1,1,1,1,1,1,1,1,1,1,1,1,1,1,1,2,2,2,2,2,2,2,2,2,2,2,2,2,2,2,2,2,2,2,2,2,2,2,2,2,2,2,2,2,2,2,2,2,2,2,2,2,2,2,2,2,2,2,2,2,2,2,2,2,2,2,2]",70,559.5509,4,189,0,189,0,1,229579,4,SV_73ADPjbMtd0KUBg,304,2022-03-02_15h06.07.165,implicit_time,2021.1.4,Linux x86_64,59.95563283
cursorjump,45,45,0.5,10,NA,0,NA,0,1,0.5,FALSE,rotation,1,"[0.002083,0.002083,0.002083,0.002083,0.002083,0.002083,0.002083,0.002083,0.002083,0.002083,0.002083,0.002083,0.004167,0.004167,0.004167,0.004167,0.004167,0.004167,0.004167,0.004167,0.004167,0.004167,0.004167,0.004167,0.004167,0.004167,0.004167,0.004167,0.004167,0.004167,0.004167,0.004167,0.004167,0.004167,0.004167,0.004167,0.004167,0.004167,0.004167,0.004167,0.004167,0.004167,0.004167,0.004167,0.00625,0.008333,0.0125,0.020833,0.041667,0.054167,0.089583,0.129167,0.152083,0.19375,0.23125,0.247917,0.279167,0.308333,0.322917,0.35,0.375,0.385417,0.404167,0.420833,0.427083,0.4375,0.445833,0.452083,0.4625,0.472917,0.475,0.479167,0.479167,0.479167,0.479167,0.479167,0.479167,0.48125,0.48125,0.48125,0.48125,0.48125,0.48125,0.479167,0.479167,0.477083,0.475,0.470833,0.470833,0.470833,0.470833,0.470833,0.470833,0.46875,0.46875,0.46875,0.46875,0.466667,0.4625,0.458333,0.45625,0.452083,0.45,0.44375,0.439583,0.4375,0.4375,0.435417,0.435417,0.435417,0.435417,0.4375,0.4375,0.44375,0.447917,0.45625,0.464583,0.472917,0.479167,0.491667,0.497917,0.5125,0.525,0.535417,0.539583,0.55,0.554167,0.560417,0.56875,0.58125,0.5875,0.6,0.6,0.595833,0.583333,0.575,0.572917,0.56875,0.566667,0.566667,0.566667,0.566667,0.566667,0.56875,0.570833,0.572917,0.572917,0.564583,0.558333,0.533333,0.51875,0.485417,0.458333,0.445833,0.41875,0.3875,0.341667,0.327083,0.295833,0.279167,0.258333,0.24375,0.239583,0.23125,0.227083,0.225,0.222917,0.216667,0.20625,0.2,0.183333,0.175,0.15625,0.139583,0.129167,0.122917,0.1125,0.10625,0.1,0.091667,0.085417,0.08125,0.070833,0.066667,0.054167,0.04375,0.033333,0.027083]","[0.007556,0.007556,0.007556,0.007556,0.007556,0.007556,0.007556,0.007556,0.007556,0.007556,0.007556,0.007556,0.004444,0.004444,0.004444,0.004444,0.004444,0.004444,0.004444,0.004444,0.004444,0.004444,0.004444,0.004444,0.004444,0.004444,0.004444,0.004444,0.004444,0.004444,0.004444,0.004444,0.004444,0.004444,0.004444,0.004444,0.004444,0.004444,0.004444,0.004444,0.004444,0.004444,0.010667,0.016889,0.038667,0.072889,0.091556,0.135111,0.178667,0.200444,0.250222,0.296889,0.315556,0.352889,0.380889,0.393333,0.418222,0.44,0.452444,0.471111,0.486667,0.492889,0.508444,0.524,0.533333,0.548889,0.564444,0.570667,0.586222,0.595556,0.598667,0.601778,0.604889,0.604889,0.604889,0.604889,0.604889,0.604889,0.601778,0.601778,0.601778,0.601778,0.598667,0.595556,0.595556,0.592444,0.589333,0.589333,0.586222,0.586222,0.586222,0.586222,0.586222,0.586222,0.586222,0.583111,0.583111,0.576889,0.567556,0.558222,0.552,0.542667,0.539556,0.530222,0.520889,0.514667,0.511556,0.511556,0.511556,0.511556,0.511556,0.511556,0.514667,0.517778,0.520889,0.530222,0.539556,0.552,0.555111,0.567556,0.570667,0.583111,0.598667,0.614222,0.623556,0.651556,0.667111,0.701333,0.744889,0.788444,0.807111,0.841333,0.86,0.866222,0.872444,0.875556,0.878667,0.878667,0.881778,0.881778,0.881778,0.881778,0.881778,0.875556,0.872444,0.853778,0.825778,0.785333,0.760444,0.698222,0.660889,0.573778,0.477333,0.427556,0.340444,0.265778,0.184889,0.169333,0.144444,0.132,0.119556,0.110222,0.107111,0.094667,0.076,0.063556,0.035556,0.007556,-0.017333,-0.026667,-0.045333,-0.051556,-0.060889,-0.060889,-0.054667,-0.048444,-0.039111,-0.032889,-0.023556,-0.011111,0.004444,0.013778,0.023111,0.029333,0.032444,0.032444,0.029333,0.026222]","[0.0002,0.0164,0.0334,0.0496,0.0668,0.083,0.1003,0.1164,0.1337,0.1496,0.1667,0.1838,0.1997,0.2168,0.2338,0.2498,0.267,0.2831,0.2999,0.3167,0.3339,0.35,0.367,0.3834,0.4005,0.4166,0.4339,0.45,0.4671,0.483,0.5,0.5172,0.5332,0.5504,0.5665,0.5838,0.6008,0.6167,0.6335,0.6504,0.6675,0.6833,0.7002,0.7172,0.7342,0.7502,0.7674,0.7835,0.8002,0.8169,0.8339,0.8508,0.8677,0.8836,0.9006,0.9177,0.9338,0.9509,0.9669,0.9837,1.0007,1.0178,1.0337,1.0506,1.0674,1.0844,1.1005,1.1175,1.1346,1.1505,1.1674,1.1844,1.2004,1.2176,1.2338,1.2507,1.2676,1.2844,1.3013,1.3173,1.3344,1.3515,1.3673,1.3841,1.4011,1.4174,1.4345,1.4506,1.4675,1.4845,1.5006,1.5178,1.5349,1.5509,1.5679,1.584,1.601,1.6181,1.6341,1.6513,1.6674,1.6844,1.7015,1.7175,1.7346,1.7517,1.7685,1.7845,1.8014,1.8183,1.8344,1.8514,1.8684,1.8845,1.9012,1.9182,1.9343,1.9515,1.9686,1.9846,2.0015,2.0185,2.0345,2.0513,2.0684,2.0846,2.1018,2.1179,2.1351,2.1511,2.168,2.1851,2.2021,2.2181,2.2352,2.2513,2.2681,2.2852,2.3022,2.3183,2.3354,2.3514,2.3686,2.3846,2.4016,2.4187,2.4348,2.4517,2.4685,2.4847,2.5018,2.5189,2.535,2.552,2.5681,2.5852,2.6018,2.6183,2.6353,2.6523,2.6683,2.6855,2.7016,2.7187,2.7348,2.7519,2.7691,2.7852,2.8024,2.8183,2.8353,2.8524,2.8682,2.8851,2.9022,2.9184,2.9355,2.9524,2.9683,2.9854,3.0024,3.0186,3.0355,3.0524,3.0686,3.0856,3.1028,3.1189]","[1,1,1,1,1,1,1,1,1,1,1,1,1,1,1,1,1,1,1,1,1,1,1,1,1,1,1,1,1,1,1,1,1,1,1,1,1,1,1,1,1,1,1,1,1,1,1,1,1,1,1,1,1,1,1,1,1,1,1,1,1,1,1,1,1,1,1,1,1,1,1,1,1,1,1,1,1,1,1,1,1,1,1,1,1,1,1,1,1,1,1,1,1,1,1,1,1,1,1,1,1,1,1,1,1,1,1,1,1,1,1,1,1,1,1,1,1,1,1,1,1,1,1,1,1,1,1,1,1,2,2,2,2,2,2,2,2,2,2,2,2,2,2,2,2,2,2,2,2,2,2,2,2,2,2,2,2,2,2,2,2,2,2,2,2,2,2,2,2,2,2,2,2,2,2,2,2,2,2,2,2,2,2,2,2,2,2,2]",70,563.5035,4,190,0,190,0,1,229579,4,SV_73ADPjbMtd0KUBg,304,2022-03-02_15h06.07.165,implicit_time,2021.1.4,Linux x86_64,59.95563283
cursorjump,35,0,0,10,NA,0,NA,0,0,0.5,FALSE,rotation,0,"[0,0,0,0,0,0,0,0,0,0,0,0,0,0,0,0,0,0,0,0,0,0,0,0,0,0,0,0,0,0,0,0,0,0.002083,0.008333,0.029167,0.0625,0.083333,0.127083,0.179167,0.20625,0.264583,0.327083,0.358333,0.414583,0.470833,0.495833,0.54375,0.585417,0.604167,0.6375,0.66875,0.685417,0.714583,0.7375,0.747917,0.76875,0.789583,0.8,0.822917,0.845833,0.85625,0.875,0.897917,0.910417,0.9375,0.9625,0.970833,0.977083,0.977083,0.977083,0.977083,0.977083,0.975,0.9625,0.935417,0.916667,0.875,0.852083,0.8,0.739583,0.66875,0.63125,0.558333,0.522917,0.45625,0.402083,0.352083,0.329167,0.285417,0.266667,0.235417,0.2125,0.197917,0.191667,0.185417,0.183333,0.183333,0.183333,0.183333,0.183333,0.183333,0.185417,0.183333,0.175,0.15625,0.147917,0.127083,0.11875,0.1,0.083333,0.070833,0.064583,0.05625,0.052083,0.05,0.047917,0.045833,0.04375,0.04375,0.04375,0.04375,0.041667,0.0375,0.035417]","[-0.008,-0.008,-0.008,-0.008,-0.008,-0.008,-0.008,-0.008,-0.008,-0.008,-0.008,-0.008,-0.008,-0.008,-0.008,-0.008,-0.008,-0.008,-0.008,-0.008,-0.008,-0.008,-0.008,-0.008,-0.008,-0.008,-0.008,-0.008,-0.008,-0.008,-0.008,-0.008,-0.008,-0.008,-0.004889,0.007556,0.029333,0.038667,0.060444,0.088444,0.104,0.138222,0.175556,0.191111,0.222222,0.244,0.256444,0.275111,0.293778,0.303111,0.318667,0.334222,0.340444,0.349778,0.362222,0.365333,0.374667,0.387111,0.390222,0.402667,0.415111,0.421333,0.433778,0.446222,0.452444,0.464889,0.477333,0.480444,0.483556,0.483556,0.483556,0.483556,0.483556,0.480444,0.477333,0.468,0.458667,0.44,0.430667,0.402667,0.371556,0.340444,0.321778,0.290667,0.275111,0.250222,0.228444,0.209778,0.197333,0.178667,0.169333,0.153778,0.141333,0.135111,0.132,0.128889,0.125778,0.125778,0.125778,0.125778,0.125778,0.125778,0.125778,0.122667,0.116444,0.104,0.100889,0.091556,0.085333,0.079111,0.069778,0.057333,0.054222,0.048,0.044889,0.038667,0.035556,0.032444,0.029333,0.029333,0.029333,0.029333,0.026222,0.023111,0.02]","[0.0003,0.0169,0.0331,0.0501,0.0664,0.0835,0.0997,0.1166,0.1335,0.1503,0.1662,0.1833,0.2003,0.2163,0.2334,0.2496,0.2667,0.2829,0.2999,0.317,0.3332,0.3501,0.3666,0.3835,0.3998,0.4168,0.4338,0.4499,0.467,0.4832,0.4999,0.5172,0.5334,0.5505,0.5666,0.5834,0.6003,0.6172,0.6334,0.6505,0.6666,0.6837,0.7,0.717,0.7342,0.7503,0.7672,0.7837,0.8,0.817,0.8334,0.8507,0.8668,0.8838,0.9003,0.9174,0.9336,0.9505,0.9668,0.9838,1.0002,1.0173,1.0338,1.0511,1.0674,1.0837,1.101,1.1174,1.1338,1.151,1.1673,1.1844,1.2007,1.2171,1.2345,1.2507,1.2677,1.2838,1.3008,1.3178,1.334,1.3506,1.3678,1.3841,1.4008,1.4173,1.4346,1.4507,1.4677,1.484,1.5012,1.5171,1.5342,1.5506,1.5679,1.5842,1.6013,1.6173,1.6345,1.6506,1.6674,1.6843,1.7014,1.7175,1.7347,1.7509,1.7677,1.7849,1.801,1.818,1.8342,1.8514,1.8675,1.8847,1.9008,1.9178,1.9349,1.9512,1.9682,1.9851,2.0012,2.018,2.0351,2.051,2.068]","[1,1,1,1,1,1,1,1,1,1,1,1,1,1,1,1,1,1,1,1,1,1,1,1,1,1,1,1,1,1,1,1,1,1,1,1,1,1,1,1,1,1,1,1,1,1,1,1,1,1,1,1,1,1,1,1,1,1,1,1,1,1,2,2,2,2,2,2,2,2,2,2,2,2,2,2,2,2,2,2,2,2,2,2,2,2,2,2,2,2,2,2,2,2,2,2,2,2,2,2,2,2,2,2,2,2,2,2,2,2,2,2,2,2,2,2,2,2,2,2,2,2,2,2,2]",70,566.0886,4,191,0,191,0,1,229579,4,SV_73ADPjbMtd0KUBg,304,2022-03-02_15h06.07.165,implicit_time,2021.1.4,Linux x86_64,59.95563283
cursorjump,135,45,0.5,10,NA,0,NA,0,1,0.5,FALSE,rotation,1,"[0.016667,0.016667,0.016667,0.016667,0.016667,0.016667,0.016667,0.016667,0.016667,0.016667,0.016667,0.016667,0.016667,0.016667,0.016667,0.014583,0.014583,0.016667,0.014583,0.014583,0.014583,0.014583,0.014583,0.014583,0.014583,0.014583,0.014583,0.014583,0.014583,0.014583,0.014583,0.014583,0.014583,0.016667,0.016667,0.016667,0.01875,0.01875,0.022917,0.022917,0.022917,0.01875,0.0125,0.010417,0.010417,0.016667,0.020833,0.020833,0.014583,-0.002083,-0.0125,-0.0375,-0.05,-0.077083,-0.104167,-0.13125,-0.141667,-0.1625,-0.170833,-0.183333,-0.1875,-0.19375,-0.197917,-0.197917,-0.2,-0.2,-0.2,-0.2,-0.2,-0.2,-0.2,-0.202083,-0.204167,-0.204167,-0.20625,-0.20625,-0.208333,-0.2125,-0.21875,-0.222917,-0.233333,-0.245833,-0.252083,-0.266667,-0.275,-0.29375,-0.3125,-0.33125,-0.339583,-0.354167,-0.366667,-0.36875,-0.370833,-0.36875,-0.36875,-0.366667,-0.366667,-0.366667,-0.366667,-0.366667,-0.366667,-0.366667,-0.366667,-0.366667,-0.366667,-0.364583,-0.3625,-0.347917,-0.33125,-0.322917,-0.310417,-0.295833,-0.2875,-0.264583,-0.241667,-0.23125,-0.2125,-0.195833,-0.1875,-0.170833,-0.158333,-0.154167,-0.152083,-0.15,-0.15,-0.15,-0.15,-0.15,-0.15,-0.152083,-0.160417,-0.172917,-0.1875,-0.191667,-0.195833,-0.19375,-0.189583,-0.191667,-0.195833,-0.195833,-0.195833,-0.195833,-0.195833,-0.195833,-0.195833,-0.195833,-0.195833,-0.195833,-0.195833,0.060417,0.0625,0.064583,0.066667,0.072917,0.077083,0.0875,0.1,0.102083,0.108333,0.120833,0.129167,0.135417,0.15,0.15625,0.16875,0.175,0.177083,0.177083,0.177083,0.177083,0.172917,0.16875,0.1625,0.152083,0.14375,0.1375,0.127083,0.120833,0.110417,0.104167,0.097917,0.097917,0.09375,0.09375,0.091667,0.089583,0.0875,0.085417,0.08125,0.079167,0.072917,0.064583,0.05625,0.052083,0.04375,0.039583,0.03125]","[0.004444,0.004444,0.004444,0.004444,0.004444,0.004444,0.004444,0.004444,0.004444,0.004444,0.004444,0.004444,0.004444,0.004444,0.004444,0.004444,0.004444,0.004444,0.004444,0.004444,0.004444,0.004444,0.004444,0.004444,0.004444,0.004444,0.004444,0.004444,0.004444,0.004444,0.004444,0.004444,0.004444,0.004444,0.007556,0.023111,0.044889,0.057333,0.091556,0.132,0.156889,0.212889,0.275111,0.334222,0.362222,0.412,0.436889,0.480444,0.517778,0.552,0.564444,0.589333,0.601778,0.623556,0.648444,0.676444,0.688889,0.713778,0.726222,0.748,0.757333,0.776,0.788444,0.794667,0.794667,0.797778,0.797778,0.797778,0.797778,0.797778,0.800889,0.804,0.810222,0.813333,0.816444,0.816444,0.819556,0.822667,0.828889,0.832,0.838222,0.847556,0.853778,0.866222,0.872444,0.891111,0.909778,0.928444,0.937778,0.959556,0.981333,0.990667,0.996889,0.993778,0.993778,0.993778,0.990667,0.990667,0.990667,0.990667,0.990667,0.990667,0.990667,0.990667,0.990667,0.990667,0.990667,0.984444,0.972,0.962667,0.940889,0.912889,0.894222,0.853778,0.810222,0.788444,0.748,0.707556,0.685778,0.642222,0.592444,0.567556,0.508444,0.449333,0.418222,0.362222,0.306222,0.275111,0.216,0.184889,0.128889,0.085333,0.060444,0.051111,0.038667,0.029333,0.010667,-0.020444,-0.054667,-0.054667,-0.054667,-0.054667,-0.054667,-0.054667,-0.054667,-0.054667,-0.054667,-0.054667,-0.054667,-0.160444,-0.157333,-0.157333,-0.154222,-0.154222,-0.154222,-0.154222,-0.157333,-0.154222,-0.154222,-0.148,-0.141778,-0.138667,-0.135556,-0.132444,-0.129333,-0.126222,-0.126222,-0.123111,-0.116889,-0.113778,-0.101333,-0.095111,-0.088889,-0.085778,-0.082667,-0.082667,-0.079556,-0.076444,-0.070222,-0.064,-0.054667,-0.051556,-0.048444,-0.045333,-0.045333,-0.045333,-0.045333,-0.045333,-0.042222,-0.042222,-0.039111,-0.039111,-0.036,-0.032889,-0.029778,-0.029778,-0.023556]","[0.0002,0.0169,0.0334,0.0505,0.0665,0.0838,0.1,0.117,0.1332,0.1501,0.1668,0.184,0.2001,0.2172,0.2343,0.2504,0.2671,0.2836,0.3007,0.3168,0.3339,0.3505,0.3676,0.3837,0.4008,0.417,0.4341,0.4503,0.4671,0.4843,0.5005,0.5176,0.5338,0.5507,0.5676,0.5837,0.6009,0.6172,0.6342,0.6511,0.6674,0.6846,0.7008,0.718,0.7342,0.7514,0.7675,0.7844,0.8006,0.8179,0.8341,0.851,0.8673,0.8846,0.9009,0.9178,0.9347,0.951,0.9683,0.9844,1.0006,1.0178,1.0349,1.0511,1.0682,1.0841,1.1012,1.1181,1.1339,1.1509,1.1681,1.1843,1.2014,1.2176,1.2347,1.2509,1.2681,1.2843,1.3014,1.3182,1.3342,1.3514,1.3676,1.3848,1.4011,1.4183,1.4345,1.451,1.4683,1.4845,1.5016,1.5185,1.5345,1.5516,1.5678,1.585,1.6011,1.618,1.6352,1.6513,1.6684,1.6846,1.7015,1.7185,1.7347,1.7519,1.7682,1.7856,1.8017,1.8179,1.8351,1.8513,1.8685,1.8846,1.9015,1.9184,1.9348,1.9521,1.9683,1.9853,2.0022,2.0182,2.0353,2.0516,2.0687,2.0847,2.1016,2.1189,2.135,2.1522,2.1684,2.1856,2.2019,2.2191,2.2353,2.2525,2.2686,2.2857,2.3015,2.3183,2.3354,2.3515,2.3686,2.3853,2.4023,2.4186,2.4356,2.4517,2.4688,2.4856,2.5025,2.5186,2.5358,2.5518,2.5686,2.5857,2.6019,2.6185,2.6354,2.6524,2.6692,2.6852,2.7021,2.7192,2.7354,2.7526,2.7686,2.7855,2.8027,2.8189,2.8361,2.8524,2.8686,2.8856,2.9026,2.9187,2.9357,2.953,2.969,2.9861,3.0022,3.0194,3.0356,3.0527,3.0695,3.0865,3.1027,3.1199,3.136,3.1527,3.1696,3.1866,3.2028,3.2189,3.2362,3.2528,3.2699]","[1,1,1,1,1,1,1,1,1,1,1,1,1,1,1,1,1,1,1,1,1,1,1,1,1,1,1,1,1,1,1,1,1,1,1,1,1,1,1,1,1,1,1,1,1,1,1,1,1,1,1,1,1,1,1,1,1,1,1,1,1,1,1,1,1,1,1,1,1,1,1,1,1,1,1,1,1,1,1,1,1,1,1,1,1,1,2,2,2,2,2,2,2,2,2,2,2,2,2,2,2,2,2,2,2,2,2,2,2,2,2,2,2,2,2,2,2,2,2,2,2,2,2,2,2,2,2,2,2,2,2,2,2,2,2,2,2,2,2,2,2,2,2,2,2,2,2,2,2,2,2,2,2,2,2,2,2,2,2,2,2,2,2,2,2,2,2,2,2,2,2,2,2,2,2,2,2,2,2,2,2,2,2,2,2,2,2,2,2,2,2,2,2,2,2,2,2]",70,569.8759,4,192,0,192,0,1,229579,4,SV_73ADPjbMtd0KUBg,304,2022-03-02_15h06.07.165,implicit_time,2021.1.4,Linux x86_64,59.95563283
cursorjump,145,0,0,10,NA,0,NA,0,0,0.5,FALSE,rotation,0,"[-0.004167,-0.004167,-0.00625,-0.00625,-0.00625,-0.00625,-0.008333,-0.008333,-0.008333,-0.008333,-0.008333,-0.008333,-0.008333,-0.008333,-0.008333,-0.008333,-0.008333,-0.008333,-0.008333,-0.008333,-0.008333,-0.008333,-0.008333,-0.008333,-0.008333,-0.008333,-0.008333,-0.008333,-0.008333,-0.008333,-0.00625,-0.00625,-0.004167,-0.004167,-0.002083,-0.004167,-0.008333,-0.010417,-0.016667,-0.025,-0.03125,-0.045833,-0.066667,-0.077083,-0.1,-0.13125,-0.172917,-0.195833,-0.24375,-0.26875,-0.316667,-0.364583,-0.41875,-0.445833,-0.5,-0.525,-0.56875,-0.608333,-0.645833,-0.664583,-0.702083,-0.71875,-0.745833,-0.764583,-0.775,-0.777083,-0.779167,-0.779167,-0.772917,-0.7625,-0.74375,-0.733333,-0.708333,-0.691667,-0.654167,-0.604167,-0.547917,-0.51875,-0.466667,-0.441667,-0.39375,-0.34375,-0.314583,-0.258333,-0.197917,-0.170833,-0.122917,-0.077083,-0.05625,-0.016667,0.01875,0.035417,0.066667,0.0875,0.09375,0.097917,0.097917,0.095833,0.091667,0.0875,0.085417,0.08125,0.075,0.072917,0.06875,0.0625,0.060417,0.052083,0.041667,0.035417]","[-0.004889,-0.004889,-0.004889,-0.004889,-0.004889,-0.004889,-0.004889,-0.004889,-0.004889,-0.004889,-0.004889,-0.004889,-0.004889,-0.004889,-0.001778,-0.001778,-0.001778,-0.001778,-0.001778,-0.001778,-0.001778,-0.004889,-0.004889,-0.001778,-0.001778,-0.001778,-0.004889,-0.004889,-0.004889,-0.004889,-0.001778,-0.001778,-0.001778,-0.001778,0.001333,0.004444,0.007556,0.013778,0.02,0.032444,0.038667,0.054222,0.076,0.085333,0.110222,0.138222,0.163111,0.178667,0.206667,0.222222,0.253333,0.284444,0.315556,0.334222,0.368444,0.384,0.424444,0.464889,0.505333,0.524,0.558222,0.573778,0.598667,0.617333,0.629778,0.636,0.639111,0.642222,0.642222,0.645333,0.642222,0.639111,0.629778,0.623556,0.608,0.583111,0.552,0.533333,0.496,0.480444,0.446222,0.408889,0.393333,0.352889,0.309333,0.287556,0.244,0.203556,0.184889,0.147556,0.113333,0.094667,0.060444,0.041778,0.035556,0.029333,0.029333,0.029333,0.029333,0.029333,0.032444,0.038667,0.041778,0.041778,0.041778,0.038667,0.035556,0.029333,0.023111,0.016889]","[0.0003,0.0169,0.0339,0.0499,0.0668,0.0837,0.0999,0.1169,0.1338,0.15,0.1672,0.1835,0.2007,0.2168,0.234,0.2501,0.2671,0.2842,0.3003,0.3175,0.3336,0.3504,0.3674,0.3835,0.4005,0.4177,0.434,0.4509,0.4668,0.4838,0.5009,0.5172,0.5343,0.5501,0.5672,0.5844,0.6005,0.6176,0.6339,0.651,0.6672,0.6843,0.7005,0.7177,0.734,0.7505,0.7677,0.7839,0.801,0.8172,0.8343,0.8505,0.8678,0.884,0.9012,0.9173,0.9343,0.9505,0.9673,0.9844,1.0004,1.0173,1.0343,1.0513,1.0675,1.0841,1.1011,1.1174,1.1344,1.1512,1.1677,1.1842,1.2014,1.2177,1.2343,1.2514,1.2676,1.2848,1.301,1.3176,1.3342,1.3515,1.3677,1.3849,1.4012,1.4177,1.435,1.4512,1.4685,1.4846,1.5017,1.5175,1.5346,1.5517,1.5679,1.5851,1.6009,1.6178,1.6349,1.6521,1.6683,1.6844,1.7016,1.7178,1.7348,1.752,1.768,1.7853,1.8014,1.8185]","[1,1,1,1,1,1,1,1,1,1,1,1,1,1,1,1,1,1,1,1,1,1,1,1,1,1,1,1,1,1,1,1,1,1,1,1,1,1,1,1,1,1,1,1,1,1,1,1,1,1,1,1,1,1,1,1,1,1,1,1,1,1,1,2,2,2,2,2,2,2,2,2,2,2,2,2,2,2,2,2,2,2,2,2,2,2,2,2,2,2,2,2,2,2,2,2,2,2,2,2,2,2,2,2,2,2,2,2,2,2]",70,572.2101,4,193,0,193,0,1,229579,4,SV_73ADPjbMtd0KUBg,304,2022-03-02_15h06.07.165,implicit_time,2021.1.4,Linux x86_64,59.95563283
cursorjump,225,45,0.5,10,NA,0,NA,0,1,0.5,FALSE,rotation,1,"[0,0,0,0.002083,0.002083,0.002083,0.002083,0.002083,0.002083,0.002083,0.002083,0.002083,0.002083,0.002083,0.002083,0.002083,0.002083,0.002083,0.002083,0.002083,0.002083,0.002083,0.002083,0.002083,0.002083,0.002083,0.002083,0.002083,0.002083,0.002083,0.002083,0,-0.002083,-0.00625,-0.008333,-0.014583,-0.020833,-0.033333,-0.041667,-0.0625,-0.072917,-0.097917,-0.127083,-0.158333,-0.172917,-0.204167,-0.21875,-0.247917,-0.283333,-0.320833,-0.341667,-0.383333,-0.404167,-0.445833,-0.483333,-0.514583,-0.529167,-0.552083,-0.5625,-0.575,-0.585417,-0.59375,-0.597917,-0.60625,-0.608333,-0.610417,-0.610417,-0.610417,-0.610417,-0.610417,-0.610417,-0.6125,-0.614583,-0.616667,-0.616667,-0.614583,-0.6125,-0.602083,-0.583333,-0.558333,-0.54375,-0.516667,-0.504167,-0.479167,-0.458333,-0.45,-0.435417,-0.422917,-0.414583,-0.410417,-0.404167,-0.402083,-0.397917,-0.395833,-0.39375,-0.391667,-0.389583,-0.389583,-0.3875,-0.383333,-0.379167,-0.366667,-0.345833,-0.33125,-0.297917,-0.264583,-0.247917,-0.216667,-0.1875,-0.175,-0.154167,-0.135417,-0.127083,-0.110417,-0.09375,-0.083333,-0.070833,-0.064583,-0.0625,-0.0625,-0.0625,-0.060417,-0.060417,-0.058333,-0.05625,-0.05,-0.041667,-0.035417]","[-0.001778,-0.001778,-0.001778,-0.001778,-0.001778,-0.001778,-0.001778,-0.001778,-0.001778,-0.001778,-0.001778,-0.001778,-0.001778,-0.001778,-0.001778,-0.001778,-0.001778,-0.001778,-0.001778,-0.001778,-0.001778,-0.001778,-0.001778,-0.001778,-0.001778,-0.001778,-0.001778,-0.001778,-0.001778,-0.001778,-0.004889,-0.011111,-0.014222,-0.023556,-0.029778,-0.048444,-0.076444,-0.110667,-0.132444,-0.176,-0.194667,-0.235111,-0.278667,-0.322222,-0.347111,-0.387556,-0.406222,-0.443556,-0.484,-0.524444,-0.546222,-0.577333,-0.592889,-0.617778,-0.639556,-0.661333,-0.670667,-0.692444,-0.701778,-0.714222,-0.723556,-0.729778,-0.732889,-0.739111,-0.742222,-0.745333,-0.745333,-0.745333,-0.745333,-0.745333,-0.745333,-0.745333,-0.748444,-0.748444,-0.748444,-0.745333,-0.742222,-0.726667,-0.695556,-0.648889,-0.624,-0.571111,-0.54,-0.477778,-0.415556,-0.384444,-0.325333,-0.269333,-0.216444,-0.191556,-0.148,-0.129333,-0.098222,-0.076444,-0.067111,-0.054667,-0.045333,-0.042222,-0.036,-0.032889,-0.029778,-0.023556,-0.014222,-0.011111,-0.004889,-0.001778,-0.001778,-0.004889,-0.008,-0.004889,-0.001778,0.004444,0.007556,0.010667,0.016889,0.016889,0.023111,0.029333,0.029333,0.029333,0.029333,0.029333,0.026222,0.026222,0.023111,0.02,0.010667,0.007556]","[0.0003,0.0171,0.0333,0.0505,0.0665,0.0836,0.1,0.1171,0.1331,0.1498,0.1667,0.1836,0.2004,0.2173,0.2335,0.2505,0.2674,0.2835,0.3007,0.3169,0.3337,0.3507,0.3669,0.3839,0.4008,0.4169,0.4338,0.4507,0.467,0.4841,0.5006,0.5176,0.5337,0.5507,0.5673,0.5843,0.6004,0.6176,0.6339,0.6509,0.6672,0.6845,0.7006,0.7175,0.7344,0.7508,0.7672,0.7843,0.8008,0.8179,0.8342,0.8511,0.8674,0.8843,0.9005,0.9176,0.9345,0.9509,0.9675,0.9843,1.001,1.0174,1.0345,1.051,1.0676,1.0843,1.1015,1.1177,1.1345,1.1511,1.1681,1.1845,1.201,1.218,1.2343,1.2515,1.268,1.2847,1.3013,1.3181,1.3347,1.3511,1.368,1.3851,1.4013,1.4182,1.4347,1.4514,1.4684,1.4848,1.5013,1.5177,1.5348,1.5514,1.5682,1.5849,1.6015,1.6183,1.6348,1.6516,1.6682,1.6848,1.7018,1.7183,1.735,1.7517,1.7683,1.7847,1.8017,1.8185,1.835,1.8516,1.8682,1.8848,1.9018,1.9182,1.9354,1.9519,1.9685,1.9853,2.0019,2.0186,2.0349,2.0517,2.0685,2.085,2.1018,2.1185]","[1,1,1,1,1,1,1,1,1,1,1,1,1,1,1,1,1,1,1,1,1,1,1,1,1,1,1,1,1,1,1,1,1,1,1,1,1,1,1,1,1,1,1,1,1,1,1,1,1,1,1,1,1,1,1,1,1,1,1,1,1,1,1,1,2,2,2,2,2,2,2,2,2,2,2,2,2,2,2,2,2,2,2,2,2,2,2,2,2,2,2,2,2,2,2,2,2,2,2,2,2,2,2,2,2,2,2,2,2,2,2,2,2,2,2,2,2,2,2,2,2,2,2,2,2,2,2,2]",70,574.8459,4,194,0,194,0,1,229579,4,SV_73ADPjbMtd0KUBg,304,2022-03-02_15h06.07.165,implicit_time,2021.1.4,Linux x86_64,59.95563283
cursorjump,215,0,0,10,NA,0,NA,0,0,0.5,FALSE,rotation,0,"[-0.008333,-0.008333,-0.008333,-0.008333,-0.008333,-0.008333,-0.008333,-0.008333,-0.008333,-0.008333,-0.008333,-0.008333,-0.008333,-0.008333,-0.008333,-0.008333,-0.008333,-0.008333,-0.008333,-0.008333,-0.008333,-0.008333,-0.008333,-0.008333,-0.008333,-0.008333,-0.008333,-0.008333,-0.008333,-0.008333,-0.010417,-0.020833,-0.03125,-0.058333,-0.095833,-0.11875,-0.166667,-0.216667,-0.245833,-0.30625,-0.36875,-0.4,-0.460417,-0.489583,-0.547917,-0.60625,-0.658333,-0.68125,-0.722917,-0.754167,-0.766667,-0.7875,-0.802083,-0.808333,-0.8125,-0.8125,-0.8125,-0.808333,-0.804167,-0.797917,-0.791667,-0.78125,-0.777083,-0.7625,-0.752083,-0.727083,-0.689583,-0.64375,-0.616667,-0.566667,-0.541667,-0.49375,-0.445833,-0.397917,-0.375,-0.333333,-0.314583,-0.283333,-0.254167,-0.23125,-0.220833,-0.208333,-0.204167,-0.2,-0.195833,-0.195833,-0.195833,-0.195833,-0.197917,-0.2,-0.202083,-0.202083,-0.2,-0.191667,-0.1875,-0.175,-0.158333,-0.1375,-0.127083,-0.1125,-0.104167,-0.09375,-0.085417,-0.079167,-0.077083,-0.075,-0.072917,-0.072917,-0.072917,-0.072917,-0.072917,-0.072917,-0.070833,-0.064583,-0.05625,-0.052083,-0.047917,-0.04375,-0.039583]","[-0.026667,-0.026667,-0.026667,-0.026667,-0.026667,-0.026667,-0.026667,-0.026667,-0.026667,-0.026667,-0.026667,-0.026667,-0.026667,-0.026667,-0.026667,-0.026667,-0.026667,-0.026667,-0.026667,-0.026667,-0.026667,-0.026667,-0.026667,-0.026667,-0.026667,-0.026667,-0.026667,-0.026667,-0.026667,-0.026667,-0.026667,-0.032889,-0.036,-0.051556,-0.070222,-0.082667,-0.116889,-0.157333,-0.182222,-0.238222,-0.300444,-0.328444,-0.378222,-0.4,-0.440444,-0.480889,-0.521333,-0.54,-0.577333,-0.611556,-0.624,-0.648889,-0.670667,-0.676889,-0.683111,-0.686222,-0.683111,-0.68,-0.68,-0.673778,-0.664444,-0.655111,-0.652,-0.633333,-0.620889,-0.589778,-0.546222,-0.502667,-0.480889,-0.437333,-0.415556,-0.375111,-0.331556,-0.291111,-0.269333,-0.232,-0.216444,-0.185333,-0.154222,-0.126222,-0.116889,-0.098222,-0.095111,-0.082667,-0.073333,-0.064,-0.060889,-0.057778,-0.054667,-0.051556,-0.048444,-0.045333,-0.042222,-0.036,-0.032889,-0.026667,-0.020444,-0.014222,-0.011111,-0.008,-0.008,-0.004889,-0.001778,-0.001778,0.001333,0.001333,0.001333,0.001333,0.001333,0.001333,0.001333,0.004444,0.004444,0.004444,0.004444,0.004444,0.001333,0.001333,0.001333]","[0.0004,0.0165,0.0331,0.0499,0.0667,0.0833,0.0999,0.1164,0.1328,0.15,0.1668,0.1835,0.2005,0.2169,0.2326,0.2502,0.2667,0.2831,0.3002,0.3169,0.3328,0.3502,0.367,0.3833,0.4004,0.4167,0.4332,0.45,0.4673,0.4838,0.5004,0.517,0.5337,0.5507,0.5674,0.5841,0.6007,0.6171,0.634,0.6509,0.6671,0.6838,0.7009,0.7171,0.7338,0.7504,0.7669,0.7835,0.8004,0.8171,0.8339,0.8504,0.8672,0.8838,0.9005,0.9173,0.9339,0.9509,0.9668,0.9841,1.0006,1.0174,1.034,1.0509,1.0675,1.0842,1.1006,1.1175,1.134,1.1509,1.1671,1.1842,1.2003,1.2172,1.2345,1.2505,1.2675,1.2841,1.3007,1.3174,1.3344,1.3507,1.3678,1.3839,1.4008,1.4175,1.4342,1.4511,1.4674,1.4845,1.5007,1.5174,1.5342,1.5514,1.5675,1.5844,1.6012,1.6179,1.6342,1.6512,1.6681,1.6842,1.701,1.7179,1.7349,1.7514,1.7683,1.7843,1.801,1.8175,1.8343,1.8514,1.8678,1.8845,1.901,1.9178,1.9346,1.9513,1.9679]","[1,1,1,1,1,1,1,1,1,1,1,1,1,1,1,1,1,1,1,1,1,1,1,1,1,1,1,1,1,1,1,1,1,1,1,1,1,1,1,1,1,1,1,1,1,1,1,1,1,2,2,2,2,2,2,2,2,2,2,2,2,2,2,2,2,2,2,2,2,2,2,2,2,2,2,2,2,2,2,2,2,2,2,2,2,2,2,2,2,2,2,2,2,2,2,2,2,2,2,2,2,2,2,2,2,2,2,2,2,2,2,2,2,2,2,2,2,2,2]",70,577.3309,4,195,0,195,0,1,229579,4,SV_73ADPjbMtd0KUBg,304,2022-03-02_15h06.07.165,implicit_time,2021.1.4,Linux x86_64,59.95563283
cursorjump,45,45,0.5,10,NA,0,NA,0,1,0.5,FALSE,rotation,1,"[-0.016667,-0.016667,-0.016667,-0.016667,-0.016667,-0.016667,-0.016667,-0.014583,-0.014583,-0.0125,-0.0125,-0.0125,-0.0125,-0.0125,-0.0125,-0.0125,-0.0125,-0.0125,-0.0125,-0.0125,-0.0125,-0.0125,-0.0125,-0.0125,-0.0125,-0.0125,-0.0125,-0.0125,-0.0125,-0.0125,-0.0125,-0.0125,-0.0125,-0.0125,-0.0125,-0.0125,-0.0125,-0.0125,-0.0125,-0.010417,-0.008333,-0.002083,0.002083,0.008333,0.0125,0.016667,0.01875,0.020833,0.025,0.035417,0.041667,0.054167,0.066667,0.072917,0.091667,0.108333,0.116667,0.127083,0.129167,0.135417,0.139583,0.14375,0.145833,0.152083,0.15625,0.1625,0.172917,0.1875,0.19375,0.208333,0.214583,0.222917,0.229167,0.233333,0.235417,0.239583,0.239583,0.241667,0.241667,0.241667,0.241667,0.239583,0.239583,0.2375,0.235417,0.23125,0.229167,0.222917,0.21875,0.208333,0.2,0.191667,0.1875,0.18125,0.177083,0.16875,0.160417,0.154167,0.152083,0.147917,0.147917,0.145833,0.14375,0.141667,0.139583,0.135417,0.133333,0.133333,0.13125,0.129167,0.127083,0.125,0.120833,0.120833,0.11875,0.11875,0.11875,0.11875,0.120833,0.122917,0.13125,0.1375,0.15,0.166667,0.191667,0.210417,0.2625,0.29375,0.354167,0.414583,0.477083,0.510417,0.572917,0.602083,0.65625,0.702083,0.7375,0.752083,0.777083,0.785417,0.8,0.810417,0.816667,0.81875,0.820833,0.820833,0.827083,0.835417,0.84375,0.847917,0.852083,0.854167,0.85625,0.8625,0.870833,0.875,0.883333,0.8875,0.9,0.91875,0.947917,0.966667,0.997917,1.0125,1.03125,1.05,1.066667,1.075,1.083333,1.085417,1.085417,1.085417,1.0875,1.0875,1.0875,1.0875,1.0875,1.089583,1.089583,1.0875,1.083333,1.075,1.052083,1.014583,0.964583,0.9375,0.877083,0.845833,0.770833,0.689583,0.65,0.572917,0.50625,0.475,0.4125,0.354167,0.327083,0.285417,0.25625,0.24375,0.220833,0.191667,0.191667,0.183333,0.166667,0.158333,0.135417,0.102083,0.09375,0.072917,0.054167,0.045833,0.029167,0.016667,0.0125,0.00625,0.00625,0.004167]","[-0.001778,-0.001778,-0.001778,-0.001778,-0.001778,-0.001778,-0.001778,-0.001778,-0.001778,-0.001778,-0.001778,-0.001778,-0.001778,-0.001778,-0.001778,-0.001778,-0.001778,-0.001778,-0.001778,-0.001778,-0.001778,-0.001778,-0.001778,-0.001778,-0.001778,-0.001778,-0.001778,-0.001778,-0.001778,-0.001778,-0.001778,-0.001778,-0.001778,-0.001778,-0.001778,-0.001778,-0.001778,-0.001778,-0.001778,-0.001778,0.004444,0.010667,0.016889,0.029333,0.038667,0.063556,0.104,0.125778,0.169333,0.212889,0.237778,0.290667,0.346667,0.374667,0.430667,0.480444,0.505333,0.555111,0.58,0.623556,0.657778,0.688889,0.701333,0.726222,0.738667,0.766667,0.791556,0.813333,0.819556,0.835111,0.841333,0.853778,0.863111,0.869333,0.869333,0.872444,0.872444,0.872444,0.872444,0.872444,0.872444,0.869333,0.866222,0.863111,0.86,0.853778,0.850667,0.838222,0.828889,0.800889,0.754222,0.698222,0.667111,0.601778,0.567556,0.499111,0.424444,0.352889,0.321778,0.265778,0.240889,0.200444,0.16,0.132,0.119556,0.107111,0.100889,0.097778,0.091556,0.079111,0.069778,0.051111,0.038667,0.035556,0.035556,0.035556,0.035556,0.035556,0.035556,0.038667,0.044889,0.051111,0.060444,0.076,0.091556,0.100889,0.122667,0.132,0.147556,0.163111,0.172444,0.178667,0.188,0.194222,0.203556,0.206667,0.209778,0.209778,0.209778,0.209778,0.206667,0.203556,0.200444,0.200444,0.200444,0.200444,0.200444,0.197333,0.197333,0.197333,0.197333,0.197333,0.194222,0.194222,0.194222,0.194222,0.194222,0.191111,0.191111,0.191111,0.188,0.188,0.188,0.191111,0.191111,0.188,0.184889,0.181778,0.178667,0.178667,0.175556,0.172444,0.169333,0.166222,0.163111,0.163111,0.16,0.16,0.16,0.16,0.156889,0.153778,0.150667,0.144444,0.141333,0.138222,0.128889,0.122667,0.110222,0.088444,0.076,0.051111,0.023111,0.010667,-0.017333,-0.045333,-0.057778,-0.076444,-0.088889,-0.088889,-0.082667,-0.067111,-0.064,-0.064,-0.060889,-0.060889,-0.067111,-0.079556,-0.082667,-0.079556,-0.076444,-0.073333,-0.070222,-0.064,-0.060889,-0.051556,-0.045333,-0.039111]","[0.0007,0.0166,0.0325,0.0499,0.0659,0.0826,0.0993,0.1163,0.1332,0.1498,0.1663,0.1828,0.1995,0.2161,0.2328,0.2493,0.2662,0.2825,0.2994,0.3156,0.333,0.3499,0.3664,0.3825,0.3994,0.4159,0.4337,0.4489,0.4669,0.4834,0.5004,0.5161,0.5331,0.5501,0.5671,0.5827,0.5999,0.6164,0.6334,0.6501,0.6669,0.6903,0.7004,0.7167,0.7334,0.7505,0.7671,0.7837,0.8002,0.8169,0.8337,0.8507,0.8664,0.8833,0.9002,0.9173,0.9333,0.9502,0.9668,0.9834,1.0002,1.0172,1.033,1.0498,1.0667,1.0839,1.1006,1.117,1.1339,1.1506,1.1668,1.1835,1.2001,1.2169,1.2337,1.2506,1.2676,1.2834,1.3001,1.317,1.3334,1.3502,1.3667,1.3838,1.4005,1.4169,1.4339,1.4508,1.4676,1.4835,1.5008,1.5167,1.5338,1.5502,1.5668,1.5838,1.6007,1.6175,1.634,1.6507,1.6673,1.6841,1.7006,1.717,1.7338,1.7506,1.7674,1.7845,1.8006,1.8171,1.8336,1.8505,1.8675,1.884,1.9006,1.9173,1.9339,1.9508,1.9677,1.9842,2.0011,2.0175,2.0345,2.0512,2.0677,2.0844,2.1009,2.1176,2.1342,2.1511,2.1677,2.1845,2.2011,2.2177,2.2342,2.2509,2.2677,2.2846,2.3011,2.3175,2.3341,2.3508,2.3677,2.3847,2.4014,2.4179,2.4345,2.4512,2.4677,2.4844,2.5014,2.5182,2.5348,2.5514,2.5682,2.584,2.601,2.6177,2.6345,2.6512,2.6683,2.6854,2.7014,2.718,2.7349,2.7518,2.7685,2.7842,2.8017,2.8183,2.8351,2.852,2.8678,2.8847,2.9013,2.9181,2.9353,2.9514,2.9684,2.9855,3.0015,3.0182,3.035,3.0521,3.0691,3.0847,3.1015,3.1183,3.1355,3.1516,3.1688,3.1848,3.2015,3.2182,3.2353,3.2519,3.2686,3.2855,3.3022,3.319,3.3347,3.3515,3.3683,3.3849,3.4016,3.4182,3.435,3.4527,3.4685,3.4853,3.5019,3.5183,3.535,3.552,3.5685,3.585,3.6018,3.6185]","[1,1,1,1,1,1,1,1,1,1,1,1,1,1,1,1,1,1,1,1,1,1,1,1,1,1,1,1,1,1,1,1,1,1,1,1,1,1,1,1,1,1,1,1,1,1,1,1,1,1,1,1,1,1,1,1,1,1,1,1,1,1,1,1,1,1,1,1,1,1,1,1,1,1,1,1,1,1,1,1,1,1,1,1,1,1,1,1,1,1,1,1,1,1,1,1,1,1,1,1,1,1,1,1,1,1,1,1,1,1,1,1,1,1,1,1,1,1,1,1,1,1,1,1,1,1,1,1,1,1,1,1,1,1,1,1,1,1,1,1,1,1,1,1,1,1,1,1,1,1,1,1,1,1,1,1,1,1,1,1,2,2,2,2,2,2,2,2,2,2,2,2,2,2,2,2,2,2,2,2,2,2,2,2,2,2,2,2,2,2,2,2,2,2,2,2,2,2,2,2,2,2,2,2,2,2,2,2,2,2,2,2,2,2,2,2,2,2]",70,581.4678,4,196,0,196,0,1,229579,4,SV_73ADPjbMtd0KUBg,304,2022-03-02_15h06.07.165,implicit_time,2021.1.4,Linux x86_64,59.95563283
cursorjump,35,0,0,10,NA,0,NA,0,0,0.5,FALSE,rotation,0,"[-0.002083,-0.002083,-0.002083,-0.002083,-0.002083,-0.002083,-0.002083,0,0,0,0,0,0.002083,0.002083,0.002083,0.004167,0.004167,0.004167,0.004167,0.004167,0.00625,0.00625,0.00625,0.00625,0.008333,0.008333,0.010417,0.010417,0.010417,0.010417,0.010417,0.010417,0.010417,0.010417,0.010417,0.010417,0.014583,0.027083,0.039583,0.075,0.097917,0.15,0.20625,0.2625,0.29375,0.360417,0.395833,0.460417,0.516667,0.566667,0.591667,0.635417,0.654167,0.689583,0.716667,0.739583,0.752083,0.772917,0.78125,0.797917,0.8125,0.827083,0.835417,0.85,0.858333,0.875,0.891667,0.910417,0.91875,0.93125,0.933333,0.933333,0.927083,0.925,0.922917,0.91875,0.916667,0.908333,0.889583,0.875,0.833333,0.779167,0.720833,0.691667,0.627083,0.591667,0.514583,0.44375,0.383333,0.35625,0.3,0.272917,0.220833,0.172917,0.133333,0.116667,0.0875,0.075,0.058333,0.05,0.045833,0.041667,0.039583,0.041667,0.04375,0.047917,0.05,0.052083,0.052083,0.052083,0.047917,0.039583,0.03125,0.027083]","[0.023111,0.023111,0.023111,0.023111,0.023111,0.023111,0.023111,0.026222,0.026222,0.026222,0.026222,0.026222,0.029333,0.029333,0.029333,0.029333,0.032444,0.032444,0.032444,0.032444,0.032444,0.032444,0.032444,0.032444,0.035556,0.035556,0.035556,0.035556,0.035556,0.035556,0.035556,0.035556,0.035556,0.035556,0.035556,0.038667,0.041778,0.048,0.054222,0.072889,0.085333,0.107111,0.132,0.16,0.175556,0.209778,0.225333,0.253333,0.281333,0.306222,0.318667,0.346667,0.356,0.377778,0.390222,0.399556,0.405778,0.415111,0.418222,0.424444,0.430667,0.436889,0.436889,0.446222,0.449333,0.455556,0.461778,0.468,0.471111,0.474222,0.477333,0.477333,0.477333,0.474222,0.474222,0.474222,0.474222,0.474222,0.468,0.461778,0.449333,0.430667,0.412,0.399556,0.374667,0.359111,0.321778,0.284444,0.256444,0.240889,0.216,0.203556,0.175556,0.150667,0.125778,0.113333,0.094667,0.088444,0.079111,0.072889,0.072889,0.069778,0.072889,0.072889,0.072889,0.076,0.072889,0.069778,0.066667,0.060444,0.054222,0.041778,0.032444,0.026222]","[0.0006,0.0165,0.0328,0.0495,0.0661,0.0829,0.0998,0.1164,0.133,0.1495,0.1663,0.183,0.1995,0.2159,0.2327,0.2494,0.2663,0.283,0.2998,0.3164,0.3331,0.3498,0.3667,0.3824,0.3999,0.4163,0.433,0.4496,0.4659,0.4832,0.4993,0.5161,0.5323,0.5499,0.566,0.583,0.5997,0.6162,0.6329,0.6497,0.6667,0.6835,0.7002,0.717,0.733,0.7497,0.7665,0.7836,0.7997,0.8164,0.833,0.8498,0.8667,0.8831,0.8996,0.9168,0.9334,0.9502,0.9669,0.9833,0.9998,1.0164,1.0331,1.05,1.0669,1.0833,1.1,1.1172,1.1331,1.1503,1.1664,1.1834,1.2,1.2165,1.2334,1.2504,1.2668,1.2836,1.3003,1.3172,1.3339,1.3505,1.3673,1.3832,1.4002,1.4172,1.4336,1.4505,1.4669,1.4839,1.5006,1.5165,1.5333,1.5502,1.5669,1.5836,1.6003,1.6169,1.6336,1.6502,1.6667,1.6834,1.7001,1.7168,1.7335,1.7502,1.7669,1.7836,1.8005,1.8171,1.8338,1.8507,1.8672,1.8839]","[1,1,1,1,1,1,1,1,1,1,1,1,1,1,1,1,1,1,1,1,1,1,1,1,1,1,1,1,1,1,1,1,1,1,1,1,1,1,1,1,1,1,1,1,1,1,1,1,1,1,1,1,1,1,1,1,1,1,1,1,1,1,1,2,2,2,2,2,2,2,2,2,2,2,2,2,2,2,2,2,2,2,2,2,2,2,2,2,2,2,2,2,2,2,2,2,2,2,2,2,2,2,2,2,2,2,2,2,2,2,2,2,2,2]",70,583.8689,4,197,0,197,0,1,229579,4,SV_73ADPjbMtd0KUBg,304,2022-03-02_15h06.07.165,implicit_time,2021.1.4,Linux x86_64,59.95563283
cursorjump,315,45,0.5,10,NA,0,NA,0,1,0.5,FALSE,rotation,1,"[-0.00625,-0.00625,-0.008333,-0.008333,-0.008333,-0.008333,-0.008333,-0.008333,-0.008333,-0.008333,-0.008333,-0.008333,-0.008333,-0.008333,-0.008333,-0.008333,-0.008333,-0.008333,-0.008333,-0.008333,-0.008333,-0.008333,-0.008333,-0.010417,-0.0125,-0.0125,-0.014583,-0.014583,-0.014583,-0.014583,-0.014583,-0.014583,-0.014583,-0.014583,-0.014583,-0.014583,-0.014583,-0.014583,-0.014583,-0.014583,-0.014583,-0.014583,-0.014583,-0.0125,-0.010417,-0.008333,-0.00625,-0.002083,0.002083,0.00625,0.016667,0.027083,0.033333,0.054167,0.083333,0.102083,0.14375,0.191667,0.21875,0.277083,0.341667,0.40625,0.4375,0.491667,0.516667,0.560417,0.604167,0.641667,0.658333,0.685417,0.69375,0.708333,0.714583,0.725,0.7375,0.752083,0.758333,0.770833,0.777083,0.785417,0.791667,0.79375,0.795833,0.795833,0.795833,0.795833,0.789583,0.777083,0.764583,0.73125,0.710417,0.658333,0.604167,0.552083,0.522917,0.45625,0.420833,0.347917,0.279167,0.216667,0.1875,0.135417,0.110417,0.070833,0.045833,0.035417,0.033333,0.035417,0.0375,0.04375,0.05,0.05625,0.060417,0.066667,0.06875,0.06875,0.060417,0.045833,0.0375,0.022917,0.01875,0.010417,0.002083,-0.00625,-0.008333,-0.016667,-0.020833,-0.025,-0.025,-0.022917,-0.022917,-0.01875,-0.016667,-0.01875,-0.01875,-0.01875,-0.01875,-0.01875,-0.01875,-0.01875,-0.016667,-0.008333,-0.004167,0.0125,0.020833,0.0375,0.05,0.054167,0.0625,0.066667,0.066667,0.064583,0.0625,0.060417,0.060417,0.060417,0.060417,0.060417,0.060417,0.060417,0.058333,0.05625,0.054167,0.052083,0.05,0.045833,0.0375,0.025,0.010417,0.002083,-0.016667,-0.025,-0.04375,-0.0625,-0.079167,-0.085417,-0.1,-0.10625,-0.11875,-0.127083,-0.129167,-0.13125,-0.13125,-0.13125,-0.13125,-0.133333,-0.1375,-0.141667,-0.145833,-0.15,-0.154167,-0.158333,-0.158333,-0.158333,-0.154167,-0.15,-0.135417,-0.1125,-0.0875,-0.077083,-0.05625,-0.045833,-0.03125]","[-0.001778,-0.004889,-0.004889,-0.008,-0.011111,-0.011111,-0.011111,-0.011111,-0.011111,-0.011111,-0.011111,-0.011111,-0.011111,-0.011111,-0.011111,-0.011111,-0.011111,-0.011111,-0.011111,-0.011111,-0.011111,-0.011111,-0.011111,-0.011111,-0.008,-0.004889,-0.004889,-0.004889,-0.004889,-0.004889,-0.004889,-0.004889,-0.004889,-0.004889,-0.004889,-0.004889,-0.001778,-0.001778,-0.001778,-0.001778,-0.001778,-0.001778,-0.001778,-0.004889,-0.008,-0.011111,-0.014222,-0.017333,-0.020444,-0.020444,-0.023556,-0.023556,-0.026667,-0.029778,-0.032889,-0.036,-0.045333,-0.054667,-0.060889,-0.067111,-0.070222,-0.073333,-0.073333,-0.073333,-0.073333,-0.076444,-0.079556,-0.079556,-0.082667,-0.088889,-0.092,-0.101333,-0.104444,-0.113778,-0.126222,-0.138667,-0.148,-0.160444,-0.166667,-0.182222,-0.191556,-0.200889,-0.204,-0.207111,-0.207111,-0.207111,-0.210222,-0.210222,-0.210222,-0.207111,-0.200889,-0.185333,-0.169778,-0.160444,-0.157333,-0.144889,-0.138667,-0.129333,-0.126222,-0.132444,-0.135556,-0.148,-0.154222,-0.169778,-0.176,-0.179111,-0.179111,-0.179111,-0.179111,-0.179111,-0.188444,-0.207111,-0.222667,-0.269333,-0.303556,-0.381333,-0.462222,-0.527556,-0.555556,-0.602222,-0.627111,-0.667556,-0.711111,-0.751556,-0.770222,-0.798222,-0.810667,-0.823111,-0.829333,-0.835556,-0.841778,-0.860444,-0.872889,-0.879111,-0.882222,-0.882222,-0.882222,-0.882222,-0.882222,-0.882222,-0.885333,-0.891556,-0.897778,-0.916444,-0.928889,-0.953778,-0.978667,-0.988,-1.009778,-1.028444,-1.034667,-1.040889,-1.044,-1.044,-1.047111,-1.047111,-1.047111,-1.050222,-1.050222,-1.050222,-1.047111,-1.047111,-1.047111,-1.044,-1.037778,-1.031556,-1.006667,-0.966222,-0.910222,-0.879111,-0.810667,-0.773333,-0.698667,-0.620889,-0.546222,-0.515111,-0.459111,-0.431111,-0.387556,-0.353333,-0.337778,-0.309778,-0.284889,-0.272444,-0.250667,-0.232,-0.216444,-0.207111,-0.188444,-0.176,-0.151111,-0.123111,-0.110667,-0.085778,-0.064,-0.054667,-0.036,-0.017333,-0.004889,-0.001778,0.004444,0.004444,0.007556]","[0.0005,0.0161,0.0328,0.0496,0.0663,0.0829,0.0996,0.1163,0.1329,0.1495,0.1661,0.1827,0.1994,0.2159,0.2327,0.2493,0.2659,0.2826,0.2991,0.3164,0.333,0.3495,0.3661,0.3827,0.3994,0.4162,0.433,0.4497,0.4663,0.4826,0.4997,0.5163,0.5332,0.5498,0.566,0.583,0.5994,0.6169,0.6333,0.6498,0.6665,0.683,0.6997,0.7167,0.7333,0.75,0.7666,0.7832,0.8001,0.8168,0.8334,0.8502,0.8664,0.8829,0.9008,0.9167,0.9332,0.9497,0.9663,0.9841,0.9997,1.0172,1.0338,1.0504,1.067,1.0831,1.0996,1.1172,1.1331,1.1496,1.1666,1.183,1.2006,1.2174,1.2333,1.2498,1.2667,1.2832,1.301,1.3164,1.3339,1.3505,1.367,1.3836,1.4005,1.4172,1.4337,1.4503,1.4669,1.4833,1.5003,1.5168,1.5332,1.5505,1.5671,1.5836,1.6001,1.6171,1.6338,1.6503,1.6669,1.6836,1.7002,1.7174,1.7339,1.7504,1.7671,1.7837,1.8004,1.8172,1.8338,1.8504,1.8671,1.8838,1.9005,1.9172,1.9339,1.9505,1.9671,1.9846,2.0009,2.0174,2.034,2.0505,2.0671,2.0842,2.1005,2.1177,2.1341,2.1507,2.1673,2.184,2.2014,2.2179,2.2344,2.2509,2.2675,2.2841,2.3008,2.3175,2.3341,2.3508,2.3675,2.384,2.4008,2.4181,2.4349,2.451,2.4677,2.4845,2.5012,2.5178,2.5345,2.5512,2.568,2.5847,2.6015,2.6181,2.6348,2.6515,2.6684,2.6848,2.7014,2.7181,2.7345,2.7511,2.7677,2.7844,2.8021,2.8176,2.8353,2.8518,2.8684,2.8847,2.9014,2.918,2.9348,2.9516,2.9682,2.9847,3.0014,3.018,3.0346,3.0521,3.0685,3.085,3.1015,3.1182,3.135,3.1515,3.1681,3.1847,3.2013,3.2181,3.2349,3.2515,3.2682,3.2848,3.3015,3.3182,3.3351,3.3517,3.3682]","[1,1,1,1,1,1,1,1,1,1,1,1,1,1,1,1,1,1,1,1,1,1,1,1,1,1,1,1,1,1,1,1,1,1,1,1,1,1,1,1,1,1,1,1,1,1,1,1,1,1,1,1,1,1,1,1,1,1,1,1,1,1,1,1,1,1,1,1,1,1,1,1,1,1,1,1,1,1,1,1,1,1,1,1,1,1,1,1,1,1,1,1,1,1,1,1,1,1,1,1,1,1,1,1,1,1,1,1,1,1,1,1,1,1,1,1,1,1,1,1,1,1,1,1,1,1,1,1,1,1,1,1,1,1,1,1,1,1,1,1,1,1,1,1,1,1,2,2,2,2,2,2,2,2,2,2,2,2,2,2,2,2,2,2,2,2,2,2,2,2,2,2,2,2,2,2,2,2,2,2,2,2,2,2,2,2,2,2,2,2,2,2,2,2,2,2,2,2,2,2,2,2,2]",70,587.7555,4,198,0,198,0,1,229579,4,SV_73ADPjbMtd0KUBg,304,2022-03-02_15h06.07.165,implicit_time,2021.1.4,Linux x86_64,59.95563283
cursorjump,325,0,0,10,NA,0,NA,0,0,0.5,FALSE,rotation,0,"[0,0,0,0,0,0,0,0,0,0,0,0,0,0,0,0,0,0,0,0,0,0,0,0,0,0,0,0,0,0,0,0.002083,0.014583,0.041667,0.060417,0.104167,0.152083,0.175,0.225,0.28125,0.3125,0.372917,0.402083,0.452083,0.497917,0.541667,0.564583,0.608333,0.627083,0.654167,0.666667,0.672917,0.672917,0.675,0.675,0.672917,0.672917,0.675,0.675,0.68125,0.685417,0.702083,0.71875,0.73125,0.7375,0.752083,0.760417,0.775,0.783333,0.779167,0.772917,0.745833,0.729167,0.689583,0.64375,0.589583,0.560417,0.497917,0.466667,0.40625,0.347917,0.29375,0.270833,0.227083,0.208333,0.177083,0.154167,0.133333,0.125,0.1125,0.10625,0.097917,0.091667,0.0875,0.085417,0.083333,0.08125,0.079167,0.075,0.070833,0.06875,0.0625,0.060417,0.052083,0.04375,0.039583,0.033333]","[-0.014222,-0.014222,-0.014222,-0.014222,-0.014222,-0.014222,-0.014222,-0.014222,-0.014222,-0.014222,-0.014222,-0.014222,-0.014222,-0.014222,-0.014222,-0.014222,-0.014222,-0.014222,-0.014222,-0.014222,-0.014222,-0.014222,-0.014222,-0.014222,-0.014222,-0.014222,-0.014222,-0.014222,-0.014222,-0.014222,-0.017333,-0.017333,-0.026667,-0.045333,-0.057778,-0.092,-0.138667,-0.166667,-0.225778,-0.281778,-0.309778,-0.365778,-0.393778,-0.449778,-0.499556,-0.543111,-0.564889,-0.599111,-0.614667,-0.636444,-0.652,-0.661333,-0.667556,-0.673778,-0.68,-0.686222,-0.689333,-0.695556,-0.698667,-0.708,-0.714222,-0.729778,-0.745333,-0.757778,-0.764,-0.779556,-0.788889,-0.801333,-0.810667,-0.810667,-0.807556,-0.792,-0.782667,-0.754667,-0.717333,-0.664444,-0.630222,-0.555556,-0.512,-0.418667,-0.334667,-0.266222,-0.235111,-0.185333,-0.163556,-0.123111,-0.085778,-0.060889,-0.051556,-0.036,-0.029778,-0.020444,-0.014222,-0.011111,-0.011111,-0.008,-0.008,-0.004889,0.001333,0.007556,0.010667,0.013778,0.016889,0.016889,0.02,0.02,0.023111]","[0.0006,0.016,0.0328,0.0495,0.0662,0.0828,0.0992,0.1161,0.1328,0.1494,0.1663,0.1826,0.1998,0.2162,0.2327,0.2489,0.2666,0.283,0.2995,0.3161,0.3324,0.3499,0.3662,0.3827,0.4,0.4165,0.4331,0.4495,0.4666,0.4833,0.5,0.5167,0.5334,0.5501,0.5667,0.5835,0.5997,0.6162,0.6328,0.6496,0.6664,0.683,0.6998,0.7164,0.7332,0.7501,0.7664,0.7833,0.7998,0.8167,0.8334,0.8499,0.8665,0.8834,0.8999,0.9167,0.9332,0.9498,0.9664,0.9832,0.9999,1.0169,1.0335,1.05,1.0667,1.0834,1.0999,1.1168,1.1336,1.1503,1.167,1.1836,1.2002,1.2168,1.2336,1.2504,1.2674,1.2841,1.3007,1.3168,1.3335,1.3501,1.3669,1.3835,1.3999,1.4171,1.4339,1.4501,1.4664,1.4841,1.5009,1.517,1.5335,1.5497,1.5672,1.584,1.6,1.6166,1.6333,1.6503,1.6666,1.6836,1.7006,1.717,1.7337,1.7498,1.7676]","[1,1,1,1,1,1,1,1,1,1,1,1,1,1,1,1,1,1,1,1,1,1,1,1,1,1,1,1,1,1,1,1,1,1,1,1,1,1,1,1,1,1,1,1,1,1,1,1,1,1,1,1,1,1,1,2,2,2,2,2,2,2,2,2,2,2,2,2,2,2,2,2,2,2,2,2,2,2,2,2,2,2,2,2,2,2,2,2,2,2,2,2,2,2,2,2,2,2,2,2,2,2,2,2,2,2,2]",70,590.2906,4,199,0,199,0,1,229579,4,SV_73ADPjbMtd0KUBg,304,2022-03-02_15h06.07.165,implicit_time,2021.1.4,Linux x86_64,59.95563283
cursorjump,135,45,0.5,10,NA,0,NA,0,1,0.5,FALSE,rotation,1,"[-0.014583,-0.014583,-0.014583,-0.0125,-0.0125,-0.0125,-0.0125,-0.0125,-0.0125,-0.0125,-0.0125,-0.0125,-0.0125,-0.010417,-0.010417,-0.010417,-0.010417,-0.010417,-0.010417,-0.010417,-0.008333,-0.008333,-0.008333,-0.00625,-0.004167,-0.004167,-0.004167,-0.002083,-0.002083,-0.002083,0,0,0,0,0.002083,0.002083,0,0,-0.002083,-0.00625,-0.008333,-0.014583,-0.016667,-0.020833,-0.020833,-0.022917,-0.027083,-0.033333,-0.0375,-0.047917,-0.05625,-0.070833,-0.079167,-0.102083,-0.1125,-0.1375,-0.1625,-0.1875,-0.202083,-0.229167,-0.254167,-0.266667,-0.2875,-0.310417,-0.322917,-0.345833,-0.366667,-0.377083,-0.39375,-0.40625,-0.4125,-0.422917,-0.429167,-0.429167,-0.43125,-0.43125,-0.43125,-0.43125,-0.43125,-0.43125,-0.43125,-0.43125,-0.43125,-0.433333,-0.439583,-0.441667,-0.447917,-0.454167,-0.458333,-0.464583,-0.46875,-0.470833,-0.472917,-0.472917,-0.472917,-0.470833,-0.458333,-0.45,-0.427083,-0.395833,-0.379167,-0.335417,-0.277083,-0.24375,-0.175,-0.141667,-0.08125,-0.029167,0.01875,0.041667,0.08125,0.097917,0.122917,0.141667,0.152083,0.15625,0.158333,0.158333,0.158333,0.15625,0.152083,0.147917,0.1375,0.133333,0.129167,0.125,0.120833,0.116667,0.114583,0.114583,0.120833,0.127083,0.133333,0.133333,0.13125,0.129167,0.125,0.11875,0.10625,0.097917,0.077083,0.066667,0.045833,0.035417,0.029167,0.027083,0.022917,0.020833,0.016667,0.016667,0.016667,0.016667,0.016667,0.016667,0.016667,0.016667,0.01875,0.01875,0.022917,0.027083,0.035417,0.047917,0.06875,0.083333,0.114583,0.13125,0.166667,0.197917,0.227083,0.239583,0.258333,0.266667,0.279167,0.285417,0.2875,0.285417,0.28125,0.279167,0.277083,0.277083,0.277083,0.277083,0.277083,0.275,0.270833,0.266667,0.264583,0.260417,0.25625,0.254167,0.25,0.241667,0.2375,0.222917,0.202083,0.189583,0.164583,0.14375,0.135417,0.120833,0.110417,0.102083,0.1,0.095833,0.09375,0.089583,0.083333,0.077083,0.075,0.06875,0.064583,0.058333,0.05,0.045833,0.039583]","[0.007556,0.007556,0.010667,0.010667,0.010667,0.010667,0.010667,0.010667,0.010667,0.010667,0.010667,0.010667,0.010667,0.010667,0.010667,0.010667,0.010667,0.010667,0.010667,0.010667,0.010667,0.010667,0.010667,0.007556,0.007556,0.007556,0.007556,0.007556,0.007556,0.007556,0.007556,0.010667,0.010667,0.010667,0.010667,0.010667,0.010667,0.013778,0.02,0.023111,0.029333,0.038667,0.044889,0.066667,0.091556,0.122667,0.138222,0.172444,0.188,0.222222,0.253333,0.284444,0.3,0.328,0.343556,0.371556,0.402667,0.436889,0.455556,0.489778,0.524,0.542667,0.58,0.611111,0.626667,0.651556,0.670222,0.679556,0.695111,0.704444,0.710667,0.72,0.726222,0.726222,0.732444,0.735556,0.735556,0.735556,0.738667,0.738667,0.738667,0.738667,0.738667,0.738667,0.741778,0.741778,0.748,0.751111,0.754222,0.757333,0.760444,0.763556,0.763556,0.763556,0.763556,0.763556,0.760444,0.754222,0.744889,0.726222,0.713778,0.679556,0.636,0.611111,0.561333,0.536444,0.486667,0.44,0.390222,0.365333,0.318667,0.296889,0.262667,0.228444,0.197333,0.181778,0.16,0.150667,0.141333,0.141333,0.147556,0.156889,0.188,0.206667,0.253333,0.309333,0.384,0.427556,0.520889,0.570667,0.670222,0.763556,0.856889,0.900444,0.975111,0.996889,1.018667,1.018667,1.018667,1.018667,1.018667,1.021778,1.024889,1.024889,1.024889,1.024889,1.024889,1.024889,1.024889,1.024889,1.024889,1.024889,1.024889,1.024889,1.024889,1.024889,1.024889,1.024889,1.021778,1.018667,1.009333,0.990667,0.959556,0.940889,0.897333,0.872444,0.813333,0.748,0.679556,0.642222,0.573778,0.539556,0.477333,0.421333,0.396444,0.349778,0.306222,0.284444,0.250222,0.216,0.197333,0.16,0.125778,0.110222,0.085333,0.063556,0.051111,0.023111,-0.004889,-0.014222,-0.020444,-0.020444,-0.020444,-0.014222,-0.004889,0.001333,0.013778,0.023111,0.026222,0.026222,0.029333,0.029333,0.029333,0.029333,0.029333,0.029333,0.029333,0.029333,0.026222,0.026222,0.026222,0.023111,0.02,0.016889,0.010667]","[0.0006,0.016,0.0334,0.0496,0.0663,0.0829,0.0999,0.1162,0.133,0.1497,0.1663,0.1828,0.2007,0.2172,0.2332,0.25,0.2664,0.2835,0.2994,0.3161,0.333,0.3499,0.3666,0.3833,0.4003,0.417,0.4331,0.45,0.4666,0.4829,0.5,0.5167,0.5329,0.5499,0.567,0.5832,0.6002,0.6167,0.6334,0.6504,0.6665,0.6831,0.6999,0.7168,0.7336,0.7503,0.7672,0.7835,0.8003,0.8169,0.8337,0.8502,0.8668,0.8838,0.9,0.917,0.934,0.95,0.9669,0.9836,1.0004,1.0174,1.0336,1.0504,1.067,1.0836,1.1007,1.1174,1.1334,1.1504,1.1674,1.1836,1.2007,1.2171,1.2341,1.2503,1.2673,1.2843,1.3004,1.3174,1.3338,1.3508,1.3677,1.3838,1.4006,1.4175,1.4345,1.4504,1.4672,1.4841,1.5012,1.5172,1.534,1.551,1.5671,1.5841,1.6007,1.6175,1.6342,1.6512,1.6678,1.6846,1.7005,1.7174,1.7342,1.7511,1.768,1.7839,1.8009,1.8176,1.8346,1.8516,1.8691,1.8849,1.9009,1.9178,1.9349,1.9508,1.9677,1.9847,2.0008,2.0177,2.0345,2.0515,2.0676,2.0845,2.1013,2.1182,2.1343,2.1511,2.168,2.185,2.2009,2.2177,2.2345,2.2515,2.2676,2.2846,2.3016,2.3177,2.3345,2.3515,2.3679,2.3849,2.4011,2.4183,2.4345,2.4515,2.4683,2.4853,2.5012,2.5181,2.5348,2.5517,2.5685,2.5845,2.6015,2.6185,2.6355,2.6517,2.6684,2.6854,2.7013,2.7183,2.7352,2.7519,2.7681,2.785,2.8021,2.8183,2.8353,2.8514,2.8687,2.8848,2.9017,2.9185,2.9356,2.9517,2.9687,2.9848,3.0018,3.0188,3.0348,3.0521,3.0682,3.0851,3.1021,3.1181,3.1353,3.1524,3.1685,3.1855,3.2022,3.2192,3.2351,3.252,3.2688,3.2856,3.3025,3.3184,3.3355,3.3527,3.3689,3.3857,3.4019,3.4189,3.4356,3.4524,3.4686,3.4854,3.5024,3.5191,3.536,3.5519,3.5689]","[1,1,1,1,1,1,1,1,1,1,1,1,1,1,1,1,1,1,1,1,1,1,1,1,1,1,1,1,1,1,1,1,1,1,1,1,1,1,1,1,1,1,1,1,1,1,1,1,1,1,1,1,1,1,1,1,1,1,1,1,1,1,1,1,1,1,1,1,1,1,1,1,1,1,1,1,1,1,1,1,1,1,1,1,1,1,1,1,1,1,1,1,1,1,1,1,1,1,1,1,1,1,1,1,1,1,1,1,1,1,1,1,1,1,1,1,1,1,1,1,1,1,1,1,1,1,1,1,1,1,1,1,1,1,2,2,2,2,2,2,2,2,2,2,2,2,2,2,2,2,2,2,2,2,2,2,2,2,2,2,2,2,2,2,2,2,2,2,2,2,2,2,2,2,2,2,2,2,2,2,2,2,2,2,2,2,2,2,2,2,2,2,2,2,2,2,2,2,2,2,2,2,2,2,2,2,2,2,2,2,2,2,2,2,2]",70,594.376,4,200,0,200,0,1,229579,4,SV_73ADPjbMtd0KUBg,304,2022-03-02_15h06.07.165,implicit_time,2021.1.4,Linux x86_64,59.95563283
cursorjump,145,0,0,10,NA,0,NA,0,0,0.5,FALSE,rotation,0,"[0.027083,0.027083,0.027083,0.027083,0.027083,0.027083,0.027083,0.025,0.025,0.025,0.025,0.025,0.025,0.025,0.025,0.025,0.025,0.025,0.025,0.025,0.025,0.025,0.025,0.025,0.025,0.025,0.025,0.025,0.025,0.025,0.025,0.025,0.025,0.027083,0.027083,0.022917,0.0125,0.004167,-0.022917,-0.058333,-0.077083,-0.114583,-0.154167,-0.175,-0.222917,-0.247917,-0.297917,-0.345833,-0.389583,-0.410417,-0.458333,-0.508333,-0.535417,-0.589583,-0.641667,-0.664583,-0.70625,-0.725,-0.75625,-0.783333,-0.802083,-0.810417,-0.820833,-0.827083,-0.839583,-0.854167,-0.866667,-0.870833,-0.883333,-0.895833,-0.904167,-0.91875,-0.927083,-0.9375,-0.94375,-0.939583,-0.935417,-0.916667,-0.902083,-0.86875,-0.827083,-0.804167,-0.75,-0.683333,-0.645833,-0.55625,-0.460417,-0.385417,-0.354167,-0.302083,-0.279167,-0.2375,-0.197917,-0.1625,-0.145833,-0.116667,-0.104167,-0.083333,-0.060417,-0.0375,-0.027083,-0.014583,-0.010417,-0.00625,-0.004167,-0.004167,-0.002083,-0.002083,-0.002083,-0.002083,-0.002083,-0.002083,-0.002083,-0.004167]","[-0.014222,-0.014222,-0.014222,-0.014222,-0.014222,-0.014222,-0.017333,-0.017333,-0.017333,-0.017333,-0.017333,-0.017333,-0.017333,-0.017333,-0.017333,-0.017333,-0.017333,-0.017333,-0.017333,-0.017333,-0.017333,-0.017333,-0.017333,-0.017333,-0.017333,-0.017333,-0.017333,-0.017333,-0.017333,-0.017333,-0.017333,-0.017333,-0.017333,-0.014222,-0.014222,-0.008,0.001333,0.010667,0.029333,0.054222,0.066667,0.094667,0.125778,0.141333,0.169333,0.184889,0.212889,0.237778,0.256444,0.265778,0.278222,0.290667,0.293778,0.306222,0.318667,0.321778,0.334222,0.337333,0.349778,0.362222,0.374667,0.377778,0.387111,0.390222,0.396444,0.405778,0.412,0.418222,0.427556,0.44,0.443111,0.455556,0.461778,0.468,0.468,0.464889,0.458667,0.446222,0.44,0.424444,0.405778,0.396444,0.371556,0.343556,0.328,0.290667,0.253333,0.228444,0.216,0.200444,0.194222,0.184889,0.178667,0.166222,0.16,0.141333,0.135111,0.116444,0.100889,0.088444,0.085333,0.079111,0.076,0.076,0.072889,0.072889,0.072889,0.072889,0.072889,0.072889,0.069778,0.060444,0.054222,0.038667]","[0.0004,0.0165,0.0336,0.0497,0.067,0.083,0.1,0.1169,0.1331,0.1503,0.1672,0.1832,0.2001,0.217,0.2339,0.2497,0.2665,0.2834,0.3004,0.3174,0.3333,0.3502,0.3667,0.3838,0.4,0.4171,0.4333,0.4504,0.4666,0.4838,0.5007,0.5167,0.5337,0.5507,0.5676,0.5836,0.6005,0.6174,0.6336,0.6507,0.667,0.6838,0.7003,0.7172,0.7337,0.7503,0.7672,0.7841,0.8003,0.8176,0.8337,0.8506,0.8674,0.8837,0.9007,0.9171,0.9343,0.9504,0.9674,0.9838,1.0008,1.0171,1.0343,1.0505,1.0675,1.084,1.101,1.1174,1.1338,1.1507,1.1673,1.1838,1.2012,1.2174,1.2346,1.2508,1.2673,1.2841,1.3013,1.3175,1.3342,1.3504,1.3673,1.3843,1.4015,1.4175,1.4341,1.451,1.4674,1.4845,1.5008,1.5178,1.535,1.551,1.568,1.5842,1.6013,1.6174,1.6345,1.6516,1.6677,1.6846,1.7017,1.7178,1.7346,1.7515,1.7685,1.7847,1.8018,1.818,1.8352,1.851,1.868,1.8849]","[1,1,1,1,1,1,1,1,1,1,1,1,1,1,1,1,1,1,1,1,1,1,1,1,1,1,1,1,1,1,1,1,1,1,1,1,1,1,1,1,1,1,1,1,1,1,1,1,1,1,1,1,1,1,1,1,1,1,1,1,1,1,1,1,1,1,2,2,2,2,2,2,2,2,2,2,2,2,2,2,2,2,2,2,2,2,2,2,2,2,2,2,2,2,2,2,2,2,2,2,2,2,2,2,2,2,2,2,2,2,2,2,2,2]",70,596.7782,4,201,0,201,0,1,229579,4,SV_73ADPjbMtd0KUBg,304,2022-03-02_15h06.07.165,implicit_time,2021.1.4,Linux x86_64,59.95563283
cursorjump,225,45,0.5,10,NA,0,NA,0,1,0.5,FALSE,rotation,1,"[-0.008333,-0.008333,-0.008333,-0.008333,-0.008333,-0.008333,-0.008333,-0.008333,-0.008333,-0.008333,-0.008333,-0.008333,-0.008333,-0.008333,-0.008333,-0.008333,-0.008333,-0.008333,-0.008333,-0.008333,-0.008333,-0.008333,-0.008333,-0.008333,-0.008333,-0.008333,-0.008333,-0.008333,-0.008333,-0.008333,-0.008333,-0.008333,-0.008333,-0.008333,-0.008333,-0.008333,-0.008333,-0.008333,-0.008333,-0.008333,-0.008333,-0.010417,-0.014583,-0.022917,-0.03125,-0.035417,-0.045833,-0.05625,-0.064583,-0.06875,-0.070833,-0.070833,-0.072917,-0.077083,-0.08125,-0.091667,-0.1,-0.104167,-0.1125,-0.120833,-0.125,-0.13125,-0.1375,-0.139583,-0.14375,-0.14375,-0.145833,-0.147917,-0.147917,-0.147917,-0.147917,-0.147917,-0.147917,-0.15,-0.15625,-0.1625,-0.172917,-0.177083,-0.179167,-0.177083,-0.18125,-0.183333,-0.1875,-0.1875,-0.1875,-0.1875,-0.1875,-0.1875,-0.185417,-0.185417,-0.183333,-0.185417,-0.1875,-0.191667,-0.2,-0.204167,-0.214583,-0.229167,-0.247917,-0.258333,-0.291667,-0.3125,-0.366667,-0.433333,-0.502083,-0.5375,-0.6125,-0.652083,-0.733333,-0.810417,-0.879167,-0.9125,-0.977083,-1.010417,-1.075,-1.122917,-1.139583,-1.1375,-1.13125,-1.13125,-1.129167,-1.127083,-1.129167,-1.129167,-1.13125,-1.133333,-1.135417,-1.135417,-1.135417,-1.135417,-1.13125,-1.13125,-1.129167,-1.129167,-1.129167,-1.129167,-1.127083,-1.120833,-1.114583,-1.091667,-1.075,-1.0375,-0.99375,-0.939583,-0.908333,-0.835417,-0.797917,-0.720833,-0.652083,-0.620833,-0.558333,-0.49375,-0.4625,-0.404167,-0.358333,-0.325,-0.308333,-0.277083,-0.2625,-0.233333,-0.208333,-0.183333,-0.170833,-0.145833,-0.13125,-0.1,-0.06875,-0.039583,-0.027083,-0.010417,-0.00625,-0.004167,-0.00625,-0.016667,-0.022917,-0.033333,-0.039583,-0.054167,-0.06875,-0.079167,-0.085417,-0.09375,-0.097917,-0.104167,-0.10625,-0.110417,-0.110417,-0.110417,-0.110417,-0.104167,-0.095833,-0.085417,-0.079167,-0.060417,-0.052083,-0.0375]","[0.02,0.02,0.02,0.02,0.02,0.02,0.02,0.02,0.02,0.02,0.02,0.02,0.02,0.02,0.02,0.02,0.02,0.02,0.02,0.02,0.02,0.02,0.02,0.02,0.02,0.02,0.02,0.02,0.02,0.02,0.02,0.02,0.02,0.02,0.02,0.02,0.02,0.02,0.02,0.016889,0.004444,-0.017333,-0.032889,-0.076444,-0.135556,-0.169778,-0.247556,-0.325333,-0.396889,-0.431111,-0.499556,-0.530667,-0.592889,-0.645778,-0.667556,-0.708,-0.742222,-0.757778,-0.788889,-0.816889,-0.829333,-0.854222,-0.876,-0.885333,-0.904,-0.913333,-0.922667,-0.922667,-0.922667,-0.922667,-0.922667,-0.922667,-0.919556,-0.910222,-0.885333,-0.866667,-0.816889,-0.788889,-0.723556,-0.642667,-0.54,-0.484,-0.375111,-0.328444,-0.256889,-0.200889,-0.151111,-0.132444,-0.101333,-0.088889,-0.076444,-0.076444,-0.079556,-0.085778,-0.101333,-0.107556,-0.123111,-0.132444,-0.141778,-0.144889,-0.151111,-0.151111,-0.148,-0.144889,-0.132444,-0.126222,-0.113778,-0.110667,-0.101333,-0.098222,-0.095111,-0.092,-0.098222,-0.101333,-0.104444,-0.110667,-0.110667,-0.110667,-0.110667,-0.113778,-0.113778,-0.110667,-0.104444,-0.098222,-0.092,-0.088889,-0.085778,-0.082667,-0.079556,-0.076444,-0.073333,-0.073333,-0.073333,-0.073333,-0.073333,-0.073333,-0.073333,-0.073333,-0.076444,-0.073333,-0.070222,-0.057778,-0.036,-0.004889,0.010667,0.051111,0.072889,0.116444,0.153778,0.169333,0.197333,0.222222,0.231556,0.244,0.253333,0.262667,0.265778,0.275111,0.278222,0.281333,0.281333,0.278222,0.278222,0.275111,0.275111,0.272,0.272,0.265778,0.262667,0.256444,0.253333,0.247111,0.237778,0.222222,0.212889,0.184889,0.166222,0.125778,0.082222,0.044889,0.029333,0.010667,0.004444,0.001333,-0.001778,-0.001778,-0.001778,-0.001778,0.001333,0.001333,0.001333,0.004444,0.001333,-0.001778,-0.008,-0.017333]","[0.0001,0.0169,0.0341,0.0501,0.0673,0.0835,0.1005,0.1168,0.1337,0.1504,0.1674,0.1834,0.2004,0.2176,0.2339,0.2501,0.2671,0.2842,0.3002,0.3171,0.3341,0.3501,0.3672,0.384,0.4001,0.4174,0.4344,0.4502,0.4673,0.4844,0.5004,0.517,0.5337,0.5507,0.5676,0.5836,0.6007,0.6179,0.634,0.6509,0.6671,0.6843,0.7004,0.7173,0.7341,0.751,0.768,0.7842,0.8013,0.8172,0.8342,0.8513,0.8673,0.8844,0.9005,0.9175,0.9345,0.9516,0.9678,0.984,1.0009,1.0178,1.0342,1.0512,1.0674,1.0846,1.1016,1.1174,1.1343,1.1512,1.1681,1.1843,1.2015,1.2175,1.2343,1.2511,1.2681,1.2843,1.3014,1.3184,1.3344,1.3515,1.3676,1.3844,1.4016,1.418,1.4351,1.451,1.4682,1.4844,1.5017,1.5177,1.5347,1.5519,1.5682,1.5852,1.601,1.6178,1.6346,1.6515,1.6686,1.6847,1.7019,1.7188,1.7348,1.7519,1.7681,1.7851,1.8019,1.818,1.835,1.8521,1.8681,1.885,1.902,1.9188,1.9347,1.9518,1.9691,1.9852,2.0013,2.0184,2.0355,2.0515,2.0688,2.0848,2.1016,2.1186,2.1357,2.1519,2.1691,2.1851,2.2019,2.2188,2.2358,2.2521,2.2693,2.2853,2.3022,2.3193,2.3353,2.3522,2.3693,2.3852,2.402,2.419,2.4351,2.4523,2.4683,2.4852,2.5022,2.5192,2.5351,2.5523,2.5693,2.5852,2.6022,2.6191,2.6354,2.6526,2.6687,2.6856,2.7025,2.7194,2.7354,2.7526,2.7688,2.7859,2.8028,2.8188,2.8359,2.8521,2.8692,2.8854,2.9024,2.9193,2.9355,2.9528,2.9688,2.9857,3.0027,3.0197,3.0359,3.053,3.0692,3.0861,3.1022,3.1191,3.136,3.1531,3.1692,3.186,3.203,3.2193,3.2365,3.2526]","[1,1,1,1,1,1,1,1,1,1,1,1,1,1,1,1,1,1,1,1,1,1,1,1,1,1,1,1,1,1,1,1,1,1,1,1,1,1,1,1,1,1,1,1,1,1,1,1,1,1,1,1,1,1,1,1,1,1,1,1,1,1,1,1,1,1,1,1,1,1,1,1,1,1,1,1,1,1,1,1,1,1,1,1,1,1,1,1,1,1,1,1,1,1,1,1,1,1,1,1,1,1,1,1,1,1,1,1,1,1,1,1,2,2,2,2,2,2,2,2,2,2,2,2,2,2,2,2,2,2,2,2,2,2,2,2,2,2,2,2,2,2,2,2,2,2,2,2,2,2,2,2,2,2,2,2,2,2,2,2,2,2,2,2,2,2,2,2,2,2,2,2,2,2,2,2,2,2,2,2,2,2,2,2,2,2,2,2,2,2,2,2,2,2,2,2]",70,600.5472,4,202,0,202,0,1,229579,4,SV_73ADPjbMtd0KUBg,304,2022-03-02_15h06.07.165,implicit_time,2021.1.4,Linux x86_64,59.95563283
cursorjump,215,0,0,10,NA,0,NA,0,0,0.5,FALSE,rotation,0,"[-0.025,-0.025,-0.025,-0.025,-0.025,-0.025,-0.025,-0.025,-0.025,-0.025,-0.025,-0.025,-0.025,-0.025,-0.025,-0.025,-0.025,-0.025,-0.025,-0.025,-0.027083,-0.03125,-0.033333,-0.035417,-0.0375,-0.0375,-0.0375,-0.0375,-0.0375,-0.0375,-0.0375,-0.0375,-0.0375,-0.0375,-0.0375,-0.0375,-0.035417,-0.035417,-0.03125,-0.03125,-0.03125,-0.03125,-0.03125,-0.033333,-0.045833,-0.05625,-0.089583,-0.135417,-0.1875,-0.216667,-0.275,-0.304167,-0.364583,-0.427083,-0.489583,-0.51875,-0.575,-0.6,-0.645833,-0.679167,-0.704167,-0.710417,-0.720833,-0.725,-0.725,-0.725,-0.722917,-0.720833,-0.716667,-0.714583,-0.710417,-0.708333,-0.708333,-0.708333,-0.708333,-0.708333,-0.708333,-0.70625,-0.708333,-0.710417,-0.722917,-0.73125,-0.75,-0.76875,-0.785417,-0.79375,-0.80625,-0.8125,-0.822917,-0.827083,-0.827083,-0.825,-0.814583,-0.80625,-0.7875,-0.758333,-0.722917,-0.702083,-0.647917,-0.616667,-0.55,-0.485417,-0.43125,-0.40625,-0.366667,-0.33125,-0.314583,-0.28125,-0.245833,-0.227083,-0.19375,-0.179167,-0.158333,-0.141667,-0.133333,-0.1125,-0.09375,-0.079167,-0.075,-0.070833,-0.06875,-0.060417,-0.05,-0.039583,-0.035417,-0.033333,-0.033333,-0.033333,-0.033333,-0.03125]","[-0.011111,-0.011111,-0.011111,-0.011111,-0.011111,-0.011111,-0.011111,-0.011111,-0.011111,-0.011111,-0.011111,-0.011111,-0.011111,-0.011111,-0.011111,-0.011111,-0.011111,-0.011111,-0.011111,-0.011111,-0.011111,-0.017333,-0.020444,-0.026667,-0.026667,-0.029778,-0.029778,-0.029778,-0.029778,-0.029778,-0.029778,-0.029778,-0.029778,-0.029778,-0.029778,-0.029778,-0.026667,-0.026667,-0.026667,-0.026667,-0.026667,-0.026667,-0.026667,-0.029778,-0.039111,-0.051556,-0.079556,-0.116889,-0.157333,-0.176,-0.216444,-0.238222,-0.281778,-0.328444,-0.378222,-0.4,-0.446667,-0.468444,-0.508889,-0.54,-0.561778,-0.568,-0.577333,-0.580444,-0.580444,-0.580444,-0.580444,-0.577333,-0.574222,-0.574222,-0.571111,-0.571111,-0.571111,-0.571111,-0.571111,-0.571111,-0.571111,-0.571111,-0.571111,-0.574222,-0.580444,-0.589778,-0.608444,-0.627111,-0.648889,-0.658222,-0.68,-0.689333,-0.701778,-0.711111,-0.711111,-0.704889,-0.689333,-0.676889,-0.648889,-0.620889,-0.586667,-0.568,-0.518222,-0.490222,-0.431111,-0.378222,-0.328444,-0.309778,-0.272444,-0.244444,-0.232,-0.204,-0.172889,-0.157333,-0.132444,-0.12,-0.101333,-0.085778,-0.076444,-0.054667,-0.036,-0.023556,-0.017333,-0.014222,-0.011111,-0.001778,0.010667,0.02,0.023111,0.026222,0.026222,0.026222,0.026222,0.026222]","[0.0002,0.0169,0.0331,0.0502,0.0664,0.0835,0.1004,0.1164,0.1336,0.1497,0.1669,0.183,0.1999,0.217,0.2339,0.25,0.2672,0.2835,0.3006,0.3165,0.3337,0.3509,0.367,0.3842,0.4002,0.4172,0.4335,0.4506,0.4668,0.4837,0.5006,0.5168,0.5338,0.55,0.5673,0.5835,0.6004,0.6175,0.6335,0.6507,0.6669,0.684,0.7001,0.7172,0.7336,0.7505,0.7676,0.7836,0.8008,0.817,0.8343,0.8504,0.867,0.8843,0.9005,0.9178,0.9341,0.9504,0.9677,0.9838,1.0008,1.0171,1.0343,1.0505,1.0674,1.0845,1.1007,1.1178,1.134,1.1511,1.1672,1.1841,1.2006,1.2178,1.2341,1.2514,1.2673,1.2845,1.3006,1.3176,1.3341,1.3506,1.3675,1.3846,1.4006,1.4177,1.4344,1.4509,1.4678,1.4844,1.5014,1.5175,1.5347,1.5511,1.5675,1.5846,1.6009,1.6181,1.6344,1.651,1.668,1.6843,1.7016,1.7178,1.7345,1.7515,1.7678,1.7847,1.8018,1.8179,1.835,1.8511,1.868,1.8852,1.9013,1.9184,1.9348,1.9518,1.9678,1.9849,2.001,2.0183,2.0346,2.0518,2.0679,2.0851,2.1013,2.1183,2.1344,2.1515]","[1,1,1,1,1,1,1,1,1,1,1,1,1,1,1,1,1,1,1,1,1,1,1,1,1,1,1,1,1,1,1,1,1,1,1,1,1,1,1,1,1,1,1,1,1,1,1,1,1,1,1,1,1,1,1,1,1,1,1,1,1,1,1,1,1,1,1,1,1,1,1,1,1,1,1,1,1,1,1,1,1,1,2,2,2,2,2,2,2,2,2,2,2,2,2,2,2,2,2,2,2,2,2,2,2,2,2,2,2,2,2,2,2,2,2,2,2,2,2,2,2,2,2,2,2,2,2,2,2,2]",70,603.2161,4,203,0,203,0,1,229579,4,SV_73ADPjbMtd0KUBg,304,2022-03-02_15h06.07.165,implicit_time,2021.1.4,Linux x86_64,59.95563283
cursorjump,45,45,0.5,10,NA,0,NA,0,1,0.5,FALSE,rotation,1,"[-0.014583,-0.014583,-0.014583,-0.014583,-0.0125,-0.0125,-0.0125,-0.0125,-0.0125,-0.0125,-0.0125,-0.0125,-0.0125,-0.0125,-0.0125,-0.0125,-0.0125,-0.0125,-0.0125,-0.0125,-0.0125,-0.0125,-0.0125,-0.0125,-0.0125,-0.0125,-0.0125,-0.0125,-0.0125,-0.0125,-0.0125,-0.0125,-0.0125,-0.010417,-0.008333,-0.00625,-0.004167,-0.004167,-0.004167,-0.002083,-0.002083,-0.002083,-0.002083,-0.002083,-0.002083,-0.002083,0.002083,0.004167,0.008333,0.0125,0.014583,0.016667,0.020833,0.027083,0.04375,0.066667,0.079167,0.104167,0.125,0.133333,0.14375,0.152083,0.154167,0.158333,0.1625,0.1625,0.166667,0.170833,0.175,0.18125,0.1875,0.189583,0.19375,0.197917,0.2,0.202083,0.202083,0.204167,0.20625,0.210417,0.210417,0.20625,0.197917,0.191667,0.185417,0.185417,0.185417,0.177083,0.160417,0.15,0.13125,0.1125,0.10625,0.09375,0.079167,0.072917,0.058333,0.054167,0.05,0.05625,0.077083,0.091667,0.135417,0.164583,0.239583,0.333333,0.43125,0.475,0.554167,0.5875,0.647917,0.702083,0.75,0.76875,0.797917,0.80625,0.820833,0.8375,0.858333,0.866667,0.885417,0.89375,0.910417,0.927083,0.945833,0.952083,0.964583,0.96875,0.975,0.98125,0.989583,0.99375,0.997917,1,1,1,1.002083,1.004167,1.008333,1.008333,1.010417,1.010417,1.008333,1.00625,1.004167,1.002083,0.99375,0.979167,0.95,0.93125,0.883333,0.854167,0.791667,0.733333,0.672917,0.641667,0.56875,0.529167,0.45,0.375,0.310417,0.28125,0.227083,0.204167,0.158333,0.122917,0.108333,0.085417,0.066667,0.060417,0.045833,0.033333]","[-0.026667,-0.026667,-0.026667,-0.026667,-0.026667,-0.026667,-0.026667,-0.026667,-0.026667,-0.026667,-0.026667,-0.026667,-0.026667,-0.026667,-0.026667,-0.026667,-0.026667,-0.026667,-0.026667,-0.026667,-0.026667,-0.026667,-0.026667,-0.026667,-0.026667,-0.026667,-0.026667,-0.026667,-0.026667,-0.026667,-0.026667,-0.026667,-0.026667,-0.023556,-0.017333,-0.011111,0.004444,0.02,0.023111,0.029333,0.032444,0.035556,0.035556,0.035556,0.035556,0.035556,0.044889,0.057333,0.088444,0.132,0.16,0.219111,0.290667,0.324889,0.396444,0.461778,0.492889,0.545778,0.586222,0.604889,0.636,0.664,0.676444,0.695111,0.707556,0.713778,0.726222,0.741778,0.748,0.763556,0.779111,0.785333,0.797778,0.810222,0.813333,0.819556,0.819556,0.819556,0.813333,0.797778,0.782222,0.735556,0.664,0.617333,0.520889,0.421333,0.374667,0.287556,0.203556,0.166222,0.097778,0.051111,0.035556,0.013778,0.004444,0.001333,-0.001778,-0.001778,0.001333,0.010667,0.023111,0.029333,0.041778,0.044889,0.051111,0.054222,0.048,0.041778,0.029333,0.026222,0.023111,0.02,0.02,0.016889,0.013778,0.013778,0.007556,0.004444,-0.001778,-0.004889,-0.011111,-0.014222,-0.020444,-0.026667,-0.032889,-0.036,-0.042222,-0.042222,-0.045333,-0.045333,-0.048444,-0.048444,-0.048444,-0.051556,-0.051556,-0.051556,-0.051556,-0.051556,-0.051556,-0.051556,-0.054667,-0.054667,-0.054667,-0.054667,-0.054667,-0.054667,-0.054667,-0.054667,-0.054667,-0.054667,-0.054667,-0.051556,-0.045333,-0.029778,-0.014222,-0.004889,0.013778,0.02,0.029333,0.035556,0.038667,0.038667,0.041778,0.041778,0.041778,0.038667,0.035556,0.026222,0.016889,0.013778,0.004444,-0.004889]","[0.0002,0.0167,0.0337,0.0497,0.0666,0.0836,0.0997,0.1167,0.1331,0.1502,0.1663,0.1832,0.2003,0.2166,0.2336,0.2506,0.2667,0.2837,0.3,0.317,0.3333,0.3504,0.3665,0.3835,0.4005,0.4167,0.4337,0.4499,0.4671,0.4832,0.5004,0.5165,0.5336,0.5504,0.5674,0.5833,0.6005,0.6166,0.6335,0.6506,0.6668,0.684,0.7,0.7171,0.734,0.75,0.7672,0.7834,0.8007,0.8168,0.8339,0.8509,0.867,0.8842,0.9005,0.9176,0.9339,0.9511,0.9674,0.9835,1.0008,1.017,1.0342,1.0505,1.0677,1.0838,1.1009,1.117,1.134,1.1504,1.1675,1.1836,1.2009,1.2171,1.2342,1.2504,1.2675,1.2847,1.3008,1.3177,1.3337,1.3507,1.3679,1.384,1.4012,1.4175,1.4346,1.4508,1.4681,1.4843,1.5014,1.5174,1.5345,1.5506,1.5677,1.5848,1.6009,1.618,1.6348,1.6511,1.6683,1.6845,1.7016,1.7175,1.7344,1.7514,1.7683,1.7845,1.8017,1.8177,1.8347,1.851,1.8682,1.8845,1.9016,1.9175,1.9344,1.9516,1.9679,1.9851,2.0012,2.0184,2.0346,2.0518,2.0681,2.0851,2.101,2.1182,2.1344,2.1514,2.1685,2.1844,2.2016,2.2176,2.2347,2.2519,2.2679,2.2847,2.3017,2.3179,2.335,2.3512,2.3684,2.3854,2.4012,2.4182,2.4351,2.4516,2.4686,2.4849,2.5021,2.5183,2.5355,2.5516,2.5688,2.5848,2.6018,2.619,2.6351,2.6523,2.6684,2.6852,2.7021,2.7181,2.7351,2.7521,2.7683,2.7854,2.8016,2.8185,2.8354,2.8516]","[1,1,1,1,1,1,1,1,1,1,1,1,1,1,1,1,1,1,1,1,1,1,1,1,1,1,1,1,1,1,1,1,1,1,1,1,1,1,1,1,1,1,1,1,1,1,1,1,1,1,1,1,1,1,1,1,1,1,1,1,1,1,1,1,1,1,1,1,1,1,1,1,1,1,1,1,1,1,1,1,1,1,1,1,1,1,1,1,1,1,1,1,1,1,1,1,1,1,1,1,1,1,1,1,1,1,1,1,1,1,1,1,1,1,1,1,1,1,1,1,1,1,1,1,1,1,2,2,2,2,2,2,2,2,2,2,2,2,2,2,2,2,2,2,2,2,2,2,2,2,2,2,2,2,2,2,2,2,2,2,2,2,2,2,2,2,2,2,2,2,2,2]",70,606.5851,4,204,0,204,0,1,229579,4,SV_73ADPjbMtd0KUBg,304,2022-03-02_15h06.07.165,implicit_time,2021.1.4,Linux x86_64,59.95563283
cursorjump,35,0,0,10,NA,0,NA,0,0,0.5,FALSE,rotation,0,"[-0.008333,-0.008333,-0.008333,-0.008333,-0.008333,-0.008333,-0.008333,-0.008333,-0.008333,-0.008333,-0.010417,-0.010417,-0.010417,-0.0125,-0.0125,-0.0125,-0.0125,-0.014583,-0.014583,-0.014583,-0.016667,-0.01875,-0.01875,-0.020833,-0.020833,-0.022917,-0.022917,-0.022917,-0.022917,-0.022917,-0.022917,-0.022917,-0.022917,-0.022917,-0.022917,-0.022917,-0.022917,-0.022917,-0.022917,-0.022917,-0.022917,-0.022917,-0.022917,-0.022917,-0.022917,-0.020833,-0.016667,-0.016667,-0.016667,-0.016667,-0.016667,-0.016667,-0.016667,-0.016667,-0.014583,-0.004167,0.022917,0.04375,0.097917,0.158333,0.189583,0.25625,0.291667,0.360417,0.43125,0.50625,0.54375,0.616667,0.683333,0.7125,0.772917,0.829167,0.85625,0.895833,0.90625,0.910417,0.910417,0.910417,0.910417,0.9125,0.9125,0.910417,0.89375,0.860417,0.839583,0.795833,0.747917,0.71875,0.647917,0.558333,0.510417,0.416667,0.3375,0.302083,0.241667,0.1875,0.160417,0.116667,0.083333,0.070833,0.054167,0.047917,0.0375,0.033333,0.03125,0.03125,0.035417,0.039583,0.047917,0.052083,0.054167,0.05625,0.05625,0.054167,0.041667,0.025,0.0125]","[-0.014222,-0.014222,-0.014222,-0.014222,-0.014222,-0.014222,-0.014222,-0.014222,-0.014222,-0.014222,-0.011111,-0.011111,-0.011111,-0.011111,-0.011111,-0.011111,-0.011111,-0.011111,-0.011111,-0.011111,-0.011111,-0.011111,-0.011111,-0.011111,-0.014222,-0.014222,-0.014222,-0.014222,-0.014222,-0.014222,-0.014222,-0.014222,-0.014222,-0.014222,-0.014222,-0.014222,-0.014222,-0.014222,-0.014222,-0.014222,-0.014222,-0.014222,-0.014222,-0.014222,-0.014222,-0.014222,-0.014222,-0.014222,-0.014222,-0.014222,-0.014222,-0.014222,-0.014222,-0.011111,-0.011111,-0.001778,0.016889,0.029333,0.060444,0.100889,0.122667,0.172444,0.197333,0.250222,0.3,0.346667,0.368444,0.408889,0.446222,0.464889,0.499111,0.530222,0.542667,0.561333,0.567556,0.567556,0.567556,0.567556,0.567556,0.567556,0.567556,0.564444,0.561333,0.545778,0.536444,0.514667,0.489778,0.474222,0.433778,0.374667,0.343556,0.281333,0.234667,0.216,0.181778,0.156889,0.144444,0.119556,0.104,0.100889,0.091556,0.088444,0.085333,0.082222,0.079111,0.079111,0.082222,0.082222,0.085333,0.088444,0.088444,0.088444,0.085333,0.079111,0.066667,0.048,0.032444]","[0.0002,0.0168,0.034,0.0502,0.0672,0.0834,0.1002,0.1171,0.1333,0.1505,0.1668,0.1837,0.2001,0.2171,0.2333,0.2506,0.2665,0.2835,0.3003,0.3174,0.3335,0.3506,0.3668,0.3838,0.4008,0.4169,0.434,0.4501,0.4673,0.4834,0.5004,0.5175,0.5337,0.551,0.5672,0.5844,0.6005,0.6177,0.6338,0.6508,0.6677,0.6836,0.7005,0.7177,0.7339,0.751,0.7671,0.784,0.801,0.8172,0.8343,0.8504,0.8673,0.8842,0.9013,0.9175,0.9345,0.9513,0.9672,0.9843,1.0015,1.0177,1.0339,1.0511,1.0672,1.0842,1.1013,1.1176,1.1346,1.1508,1.1678,1.1882,1.2021,1.2179,1.234,1.2511,1.2675,1.2846,1.3007,1.3181,1.3342,1.3514,1.3676,1.3847,1.4009,1.4179,1.4345,1.451,1.4679,1.4849,1.5011,1.5184,1.5345,1.5516,1.5681,1.5851,1.6013,1.6185,1.6346,1.6514,1.6683,1.6845,1.7017,1.7178,1.735,1.7512,1.7684,1.7844,1.8012,1.8184,1.8352,1.8512,1.868,1.8849,1.9012,1.9182,1.935]","[1,1,1,1,1,1,1,1,1,1,1,1,1,1,1,1,1,1,1,1,1,1,1,1,1,1,1,1,1,1,1,1,1,1,1,1,1,1,1,1,1,1,1,1,1,1,1,1,1,1,1,1,1,1,1,1,1,1,1,1,1,1,1,1,1,1,1,1,1,1,1,2,2,2,2,2,2,2,2,2,2,2,2,2,2,2,2,2,2,2,2,2,2,2,2,2,2,2,2,2,2,2,2,2,2,2,2,2,2,2,2,2,2,2,2,2,2]",70,609.037,4,205,0,205,0,1,229579,4,SV_73ADPjbMtd0KUBg,304,2022-03-02_15h06.07.165,implicit_time,2021.1.4,Linux x86_64,59.95563283
cursorjump,315,45,0.5,10,NA,0,NA,0,1,0.5,FALSE,rotation,1,"[-0.016667,-0.016667,-0.016667,-0.016667,-0.016667,-0.016667,-0.016667,-0.016667,-0.01875,-0.01875,-0.020833,-0.020833,-0.020833,-0.020833,-0.020833,-0.022917,-0.022917,-0.022917,-0.022917,-0.022917,-0.022917,-0.022917,-0.022917,-0.022917,-0.022917,-0.022917,-0.022917,-0.022917,-0.020833,-0.020833,-0.01875,-0.016667,-0.014583,-0.0125,-0.0125,-0.010417,-0.010417,-0.010417,-0.010417,-0.010417,-0.008333,-0.008333,-0.00625,-0.00625,-0.00625,-0.00625,-0.00625,-0.00625,-0.00625,-0.004167,-0.002083,0.002083,0.00625,0.008333,0.010417,0.0125,0.014583,0.020833,0.035417,0.04375,0.064583,0.079167,0.085417,0.09375,0.102083,0.104167,0.1125,0.122917,0.133333,0.139583,0.15,0.154167,0.1625,0.166667,0.16875,0.170833,0.170833,0.172917,0.177083,0.183333,0.189583,0.191667,0.195833,0.197917,0.202083,0.204167,0.204167,0.20625,0.208333,0.208333,0.208333,0.208333,0.208333,0.208333,0.208333,0.20625,0.204167,0.204167,0.204167,0.204167,0.204167,0.204167,0.204167,0.202083,0.195833,0.179167,0.152083,0.135417,0.089583,0.0625,-0.00625,-0.077083,-0.13125,-0.147917,-0.158333,-0.158333,-0.15625,-0.158333,-0.164583,-0.16875,-0.179167,-0.19375,-0.202083,-0.222917,-0.2375,-0.241667,-0.24375,-0.24375,-0.24375,-0.241667,-0.2375,-0.233333,-0.225,-0.21875,-0.20625,-0.189583,-0.166667,-0.154167,-0.127083,-0.110417,-0.08125,-0.060417,-0.052083,-0.05,-0.05,-0.05,-0.05,-0.05,-0.054167,-0.05625,-0.060417,-0.060417,-0.058333,-0.052083,-0.047917,-0.047917,-0.04375,-0.035417,-0.03125]","[-0.014222,-0.014222,-0.014222,-0.014222,-0.014222,-0.014222,-0.014222,-0.014222,-0.017333,-0.017333,-0.020444,-0.020444,-0.020444,-0.020444,-0.020444,-0.020444,-0.023556,-0.023556,-0.023556,-0.023556,-0.023556,-0.023556,-0.023556,-0.023556,-0.023556,-0.023556,-0.023556,-0.023556,-0.020444,-0.020444,-0.020444,-0.017333,-0.014222,-0.014222,-0.014222,-0.014222,-0.011111,-0.011111,-0.011111,-0.014222,-0.017333,-0.017333,-0.020444,-0.026667,-0.026667,-0.026667,-0.026667,-0.026667,-0.029778,-0.032889,-0.036,-0.045333,-0.057778,-0.070222,-0.098222,-0.144889,-0.169778,-0.222667,-0.272444,-0.297333,-0.350222,-0.412444,-0.446667,-0.515111,-0.577333,-0.608444,-0.667556,-0.723556,-0.770222,-0.792,-0.832444,-0.848,-0.876,-0.894667,-0.907111,-0.910222,-0.913333,-0.916444,-0.922667,-0.928889,-0.941333,-0.944444,-0.950667,-0.956889,-0.963111,-0.972444,-0.975556,-0.981778,-0.991111,-0.994222,-1.000444,-1.003556,-1.009778,-1.016,-1.025333,-1.031556,-1.040889,-1.047111,-1.050222,-1.050222,-1.050222,-1.050222,-1.047111,-1.044,-1.034667,-1.019111,-0.997333,-0.988,-0.96,-0.941333,-0.894667,-0.826222,-0.748444,-0.708,-0.645778,-0.624,-0.577333,-0.524444,-0.468444,-0.443556,-0.406222,-0.384444,-0.372,-0.337778,-0.300444,-0.281778,-0.250667,-0.238222,-0.219556,-0.197778,-0.176,-0.163556,-0.141778,-0.132444,-0.110667,-0.088889,-0.073333,-0.067111,-0.057778,-0.054667,-0.054667,-0.057778,-0.057778,-0.057778,-0.057778,-0.057778,-0.057778,-0.057778,-0.054667,-0.051556,-0.045333,-0.042222,-0.036,-0.032889,-0.029778,-0.029778,-0.026667,-0.023556,-0.023556]","[0.0003,0.017,0.0335,0.0506,0.0668,0.0841,0.1002,0.1174,0.1335,0.1507,0.1668,0.1836,0.2008,0.2171,0.2342,0.2505,0.267,0.284,0.3003,0.3174,0.3337,0.3507,0.3675,0.3843,0.4005,0.4176,0.4337,0.4507,0.4671,0.4838,0.5008,0.5173,0.5344,0.5507,0.5678,0.584,0.6011,0.6171,0.6341,0.651,0.6673,0.6843,0.7007,0.7179,0.7341,0.751,0.7679,0.7841,0.8008,0.8177,0.8343,0.8513,0.8674,0.8846,0.9011,0.9182,0.9344,0.9512,0.968,0.9844,1.0013,1.0174,1.0346,1.051,1.068,1.0844,1.1015,1.1178,1.1347,1.1512,1.1679,1.185,1.2014,1.2178,1.235,1.2515,1.2681,1.2845,1.3013,1.3179,1.335,1.3515,1.3681,1.3849,1.4013,1.4184,1.4347,1.4516,1.4685,1.4851,1.5017,1.5184,1.5348,1.5516,1.5681,1.5847,1.6014,1.6182,1.635,1.6518,1.6682,1.685,1.7018,1.718,1.7353,1.7516,1.7685,1.7852,1.8019,1.8182,1.835,1.8519,1.8687,1.8854,1.9019,1.9186,1.935,1.9524,1.9687,1.9849,2.0018,2.0188,2.0353,2.052,2.0687,2.0855,2.1018,2.1185,2.1354,2.1522,2.1687,2.1854,2.2021,2.219,2.2356,2.2523,2.269,2.2857,2.3024,2.319,2.3357,2.3524,2.3691,2.3856,2.4023,2.4187,2.4354,2.4524,2.469,2.4856,2.5025,2.519,2.5357,2.5522,2.5691,2.5859,2.6026,2.619,2.636]","[1,1,1,1,1,1,1,1,1,1,1,1,1,1,1,1,1,1,1,1,1,1,1,1,1,1,1,1,1,1,1,1,1,1,1,1,1,1,1,1,1,1,1,1,1,1,1,1,1,1,1,1,1,1,1,1,1,1,1,1,1,1,1,1,1,1,1,1,1,1,1,1,1,1,1,1,1,1,1,1,2,2,2,2,2,2,2,2,2,2,2,2,2,2,2,2,2,2,2,2,2,2,2,2,2,2,2,2,2,2,2,2,2,2,2,2,2,2,2,2,2,2,2,2,2,2,2,2,2,2,2,2,2,2,2,2,2,2,2,2,2,2,2,2,2,2,2,2,2,2,2,2,2,2,2,2,2,2,2]",80,612.1902,4,206,0,206,0,1,229579,4,SV_73ADPjbMtd0KUBg,304,2022-03-02_15h06.07.165,implicit_time,2021.1.4,Linux x86_64,59.95563283
cursorjump,325,0,0,10,NA,0,NA,0,0,0.5,FALSE,rotation,0,"[-0.008333,-0.008333,-0.008333,-0.008333,-0.008333,-0.008333,-0.008333,-0.008333,-0.008333,-0.008333,-0.008333,-0.008333,-0.008333,-0.008333,-0.008333,-0.008333,-0.008333,-0.008333,-0.008333,-0.008333,-0.008333,-0.008333,-0.008333,-0.008333,-0.008333,-0.008333,-0.008333,-0.008333,-0.008333,-0.008333,-0.008333,-0.008333,-0.008333,-0.008333,-0.008333,-0.008333,-0.008333,-0.00625,0.002083,0.022917,0.052083,0.06875,0.1125,0.135417,0.191667,0.25,0.28125,0.3375,0.3875,0.410417,0.452083,0.489583,0.508333,0.541667,0.575,0.589583,0.616667,0.641667,0.65,0.666667,0.679167,0.683333,0.691667,0.69375,0.695833,0.697917,0.70625,0.7125,0.725,0.735417,0.739583,0.741667,0.745833,0.747917,0.754167,0.75625,0.754167,0.741667,0.714583,0.69375,0.645833,0.59375,0.566667,0.508333,0.447917,0.416667,0.35,0.289583,0.2625,0.21875,0.183333,0.166667,0.1375,0.108333,0.09375,0.070833,0.05625,0.05,0.04375,0.0375,0.0375,0.035417]","[-0.011111,-0.011111,-0.011111,-0.011111,-0.011111,-0.011111,-0.011111,-0.011111,-0.011111,-0.011111,-0.011111,-0.011111,-0.011111,-0.011111,-0.011111,-0.011111,-0.011111,-0.011111,-0.011111,-0.011111,-0.011111,-0.011111,-0.011111,-0.011111,-0.011111,-0.011111,-0.011111,-0.011111,-0.011111,-0.011111,-0.011111,-0.011111,-0.011111,-0.011111,-0.011111,-0.011111,-0.011111,-0.014222,-0.020444,-0.036,-0.060889,-0.076444,-0.12,-0.144889,-0.197778,-0.250667,-0.272444,-0.312889,-0.353333,-0.372,-0.412444,-0.456,-0.477778,-0.518222,-0.561778,-0.583556,-0.624,-0.655111,-0.670667,-0.698667,-0.723556,-0.732889,-0.748444,-0.754667,-0.757778,-0.764,-0.773333,-0.779556,-0.792,-0.804444,-0.807556,-0.813778,-0.82,-0.82,-0.826222,-0.829333,-0.829333,-0.816889,-0.792,-0.773333,-0.732889,-0.683111,-0.655111,-0.589778,-0.515111,-0.471556,-0.390667,-0.319111,-0.291111,-0.247556,-0.204,-0.182222,-0.135556,-0.092,-0.076444,-0.057778,-0.045333,-0.039111,-0.032889,-0.026667,-0.023556,-0.020444]","[0.0003,0.0167,0.0322,0.0489,0.0658,0.0826,0.0994,0.1162,0.1329,0.1495,0.1662,0.1828,0.1995,0.2163,0.233,0.2496,0.2664,0.2829,0.299,0.3156,0.3329,0.3492,0.3661,0.3824,0.3998,0.4165,0.4335,0.4503,0.4658,0.4829,0.4998,0.5164,0.5327,0.5501,0.5669,0.5825,0.5992,0.616,0.6327,0.6495,0.6663,0.6832,0.7001,0.7167,0.7326,0.7499,0.7665,0.7832,0.7998,0.8167,0.8336,0.8496,0.8668,0.8837,0.8995,0.9171,0.9329,0.9501,0.9669,0.9829,0.9999,1.0168,1.0336,1.0497,1.0671,1.0834,1.1004,1.1167,1.1336,1.1506,1.1665,1.1834,1.2003,1.2173,1.2334,1.2508,1.2667,1.2837,1.3007,1.3166,1.3341,1.3503,1.3673,1.3831,1.4002,1.4173,1.4336,1.451,1.467,1.4845,1.5005,1.5174,1.5337,1.5506,1.5672,1.5839,1.6005,1.6174,1.6342,1.6508,1.6666,1.6842]","[1,1,1,1,1,1,1,1,1,1,1,1,1,1,1,1,1,1,1,1,1,1,1,1,1,1,1,1,1,1,1,1,1,1,1,1,1,1,1,1,1,1,1,1,1,1,1,1,1,1,1,1,1,1,1,1,1,1,1,2,2,2,2,2,2,2,2,2,2,2,2,2,2,2,2,2,2,2,2,2,2,2,2,2,2,2,2,2,2,2,2,2,2,2,2,2,2,2,2,2,2,2]",80,614.3921,4,207,0,207,0,1,229579,4,SV_73ADPjbMtd0KUBg,304,2022-03-02_15h06.07.165,implicit_time,2021.1.4,Linux x86_64,59.95563283
cursorjump,225,45,0.5,10,NA,0,NA,0,1,0.5,FALSE,rotation,1,"[0.014583,0.014583,0.014583,0.014583,0.014583,0.014583,0.014583,0.014583,0.014583,0.014583,0.014583,0.014583,0.014583,0.014583,0.014583,0.014583,0.014583,0.014583,0.014583,0.014583,0.014583,0.014583,0.014583,0.014583,0.014583,0.014583,0.014583,0.014583,0.014583,0.014583,0.014583,0.014583,0.014583,0.014583,0.014583,0.014583,0.014583,0.014583,0.014583,0.014583,0.014583,0.014583,0.014583,0.014583,0.014583,0.014583,0.014583,0.014583,0.014583,0.014583,0.014583,0.014583,0.014583,0.014583,0.014583,0.014583,0.014583,0.014583,0.014583,0.014583,0.014583,0.014583,0.014583,0.014583,0.0125,0.008333,0.004167,0.002083,-0.004167,-0.010417,-0.022917,-0.039583,-0.05625,-0.064583,-0.08125,-0.091667,-0.11875,-0.15,-0.18125,-0.195833,-0.227083,-0.245833,-0.2875,-0.335417,-0.383333,-0.40625,-0.454167,-0.479167,-0.535417,-0.595833,-0.65625,-0.683333,-0.739583,-0.766667,-0.820833,-0.872917,-0.920833,-0.94375,-0.985417,-1.004167,-1.0375,-1.066667,-1.09375,-1.104167,-1.122917,-1.13125,-1.139583,-1.139583,-1.139583,-1.139583,-1.139583,-1.139583,-1.139583,-1.139583,-1.139583,-1.139583,-1.1375,-1.1375,-1.1375,-1.1375,-1.1375,-1.1375,-1.135417,-1.133333,-1.120833,-1.110417,-1.04375,-1.016667,-0.952083,-0.91875,-0.845833,-0.804167,-0.716667,-0.627083,-0.541667,-0.504167,-0.43125,-0.397917,-0.335417,-0.283333,-0.24375,-0.229167,-0.2125,-0.20625,-0.204167,-0.20625,-0.2125,-0.214583,-0.227083,-0.239583,-0.24375,-0.241667,-0.225,-0.214583,-0.1875,-0.160417,-0.145833,-0.120833,-0.104167,-0.097917,-0.091667,-0.089583,-0.089583,-0.0875,-0.089583,-0.089583,-0.095833,-0.10625,-0.110417,-0.120833,-0.125,-0.127083,-0.127083,-0.122917,-0.11875,-0.10625,-0.0875,-0.075,-0.052083,-0.039583,-0.035417,-0.033333,-0.033333,-0.033333,-0.033333,-0.033333,-0.033333,-0.033333,-0.033333,-0.033333,-0.03125,-0.029167,-0.029167,-0.025,-0.025,-0.025,-0.025,-0.025,-0.025,-0.025,-0.025,-0.025,-0.025,-0.025,-0.025,-0.025,-0.022917,-0.020833]","[0.007556,0.007556,0.007556,0.007556,0.007556,0.007556,0.007556,0.007556,0.007556,0.007556,0.007556,0.007556,0.007556,0.007556,0.007556,0.007556,0.007556,0.007556,0.007556,0.007556,0.007556,0.007556,0.007556,0.007556,0.007556,0.007556,0.007556,0.007556,0.007556,0.007556,0.007556,0.007556,0.007556,0.007556,0.007556,0.007556,0.007556,0.007556,0.007556,0.007556,0.007556,0.007556,0.007556,0.007556,0.007556,0.007556,0.007556,0.007556,0.007556,0.007556,0.007556,0.007556,0.007556,0.007556,0.007556,0.007556,0.007556,0.007556,0.007556,0.007556,0.007556,0.007556,0.007556,0.007556,0.010667,0.02,0.035556,0.041778,0.060444,0.069778,0.088444,0.110222,0.132,0.141333,0.163111,0.169333,0.184889,0.197333,0.209778,0.212889,0.225333,0.228444,0.231556,0.228444,0.222222,0.222222,0.219111,0.216,0.212889,0.206667,0.197333,0.191111,0.178667,0.172444,0.163111,0.156889,0.150667,0.144444,0.135111,0.128889,0.122667,0.116444,0.113333,0.110222,0.107111,0.104,0.100889,0.100889,0.100889,0.100889,0.100889,0.100889,0.100889,0.100889,0.100889,0.100889,0.100889,0.100889,0.100889,0.100889,0.100889,0.097778,0.097778,0.097778,0.104,0.110222,0.150667,0.166222,0.197333,0.216,0.253333,0.268889,0.3,0.321778,0.334222,0.337333,0.340444,0.340444,0.334222,0.328,0.318667,0.312444,0.306222,0.296889,0.293778,0.281333,0.268889,0.262667,0.250222,0.234667,0.231556,0.225333,0.219111,0.216,0.203556,0.184889,0.172444,0.144444,0.113333,0.097778,0.069778,0.044889,0.035556,0.013778,-0.004889,-0.011111,-0.026667,-0.032889,-0.036,-0.036,-0.032889,-0.029778,-0.029778,-0.026667,-0.026667,-0.023556,-0.023556,-0.023556,-0.029778,-0.036,-0.036,-0.036,-0.039111,-0.039111,-0.039111,-0.039111,-0.039111,-0.039111,-0.039111,-0.039111,-0.039111,-0.039111,-0.036,-0.036,-0.036,-0.036,-0.036,-0.036,-0.036,-0.036,-0.036,-0.036,-0.036,-0.036,-0.036,-0.036,-0.036,-0.036]","[0.0007,0.016,0.0325,0.05,0.0666,0.0829,0.0996,0.1155,0.1325,0.1498,0.1664,0.1832,0.1997,0.2163,0.2332,0.2501,0.2664,0.2834,0.3,0.3168,0.3337,0.3503,0.3664,0.3833,0.4002,0.4166,0.4336,0.45,0.4663,0.4828,0.4996,0.5159,0.533,0.5492,0.5667,0.5837,0.6001,0.6163,0.6329,0.65,0.6665,0.6836,0.7,0.7174,0.7326,0.7504,0.7665,0.7831,0.7999,0.8171,0.8335,0.8495,0.8675,0.8833,0.9003,0.9167,0.933,0.9499,0.967,0.9838,1.0009,1.0167,1.0333,1.05,1.0669,1.0835,1.1003,1.117,1.1335,1.1502,1.1671,1.1837,1.2004,1.2169,1.2336,1.2502,1.2672,1.2843,1.3001,1.3177,1.3344,1.3503,1.3676,1.384,1.4007,1.4172,1.4336,1.4504,1.4674,1.484,1.5006,1.5173,1.534,1.5507,1.5673,1.584,1.6008,1.6174,1.6341,1.651,1.6676,1.6842,1.7009,1.7174,1.734,1.7506,1.7675,1.7843,1.801,1.8175,1.8343,1.8511,1.8678,1.8844,1.9012,1.9171,1.934,1.9509,1.9676,1.9845,2.001,2.0175,2.0341,2.0512,2.0681,2.084,2.1009,2.1177,2.135,2.151,2.1681,2.1839,2.201,2.2176,2.2343,2.2511,2.2684,2.2841,2.3011,2.3176,2.3345,2.3516,2.3673,2.3843,2.401,2.4179,2.4349,2.4516,2.4682,2.4851,2.5009,2.5185,2.5352,2.5509,2.5678,2.5847,2.6014,2.6181,2.6353,2.6511,2.6682,2.6852,2.7017,2.7186,2.7346,2.7517,2.7686,2.7855,2.8023,2.8182,2.8353,2.8523,2.8681,2.885,2.9016,2.9184,2.9352,2.9517,2.9685,2.9854,3.0016,3.0185,3.0357,3.0518,3.0688,3.0855,3.1024,3.1184,3.1349,3.1516,3.1681,3.1856,3.2018,3.2183,3.2349,3.2518,3.2682,3.2847,3.3018,3.3185,3.3352,3.3518,3.3685,3.385,3.4015,3.4189,3.4352,3.4519]","[1,1,1,1,1,1,1,1,1,1,1,1,1,1,1,1,1,1,1,1,1,1,1,1,1,1,1,1,1,1,1,1,1,1,1,1,1,1,1,1,1,1,1,1,1,1,1,1,1,1,1,1,1,1,1,1,1,1,1,1,1,1,1,1,1,1,1,1,1,1,1,1,1,1,1,1,1,1,1,1,1,1,1,1,1,1,1,1,1,1,1,1,1,1,1,1,1,1,2,2,2,2,2,2,2,2,2,2,2,2,2,2,2,2,2,2,2,2,2,2,2,2,2,2,2,2,2,2,2,2,2,2,2,2,2,2,2,2,2,2,2,2,2,2,2,2,2,2,2,2,2,2,2,2,2,2,2,2,2,2,2,2,2,2,2,2,2,2,2,2,2,2,2,2,2,2,2,2,2,2,2,2,2,2,2,2,2,2,2,2,2,2,2,2,2,2,2,2,2,2,2,2,2,2,2,2,2,2]",80,618.3614,4,208,0,208,0,1,229579,4,SV_73ADPjbMtd0KUBg,304,2022-03-02_15h06.07.165,implicit_time,2021.1.4,Linux x86_64,59.95563283
cursorjump,235,0,0,10,NA,0,NA,0,0,0.5,FALSE,rotation,0,"[-0.010417,-0.008333,-0.00625,-0.002083,0,0.00625,0.010417,0.016667,0.016667,0.01875,0.01875,0.01875,0.01875,0.01875,0.01875,0.01875,0.01875,0.01875,0.01875,0.01875,0.01875,0.01875,0.01875,0.01875,0.01875,0.01875,0.01875,0.01875,0.01875,0.01875,0.01875,0.01875,0.01875,0.01875,0.01875,0.01875,0.01875,0.01875,0.01875,0.01875,0.01875,0.01875,0.01875,0.01875,0.01875,0.01875,0.016667,0.016667,0.0125,0.008333,-0.00625,-0.027083,-0.039583,-0.064583,-0.091667,-0.10625,-0.139583,-0.179167,-0.21875,-0.2375,-0.270833,-0.285417,-0.314583,-0.3375,-0.360417,-0.36875,-0.3875,-0.39375,-0.410417,-0.425,-0.433333,-0.45,-0.464583,-0.472917,-0.489583,-0.504167,-0.51875,-0.522917,-0.527083,-0.527083,-0.527083,-0.527083,-0.525,-0.522917,-0.516667,-0.5125,-0.502083,-0.489583,-0.48125,-0.4625,-0.441667,-0.43125,-0.408333,-0.38125,-0.36875,-0.3375,-0.30625,-0.291667,-0.260417,-0.229167,-0.2125,-0.183333,-0.15625,-0.14375,-0.122917,-0.102083,-0.09375,-0.079167,-0.066667,-0.0625,-0.058333,-0.05625,-0.054167,-0.054167,-0.054167,-0.054167,-0.054167,-0.054167,-0.054167,-0.054167,-0.052083,-0.05,-0.04375,-0.041667,-0.039583,-0.0375,-0.033333]","[-0.023556,-0.023556,-0.026667,-0.026667,-0.026667,-0.026667,-0.026667,-0.026667,-0.026667,-0.026667,-0.026667,-0.026667,-0.026667,-0.026667,-0.026667,-0.026667,-0.026667,-0.026667,-0.026667,-0.026667,-0.026667,-0.026667,-0.026667,-0.026667,-0.026667,-0.026667,-0.026667,-0.026667,-0.026667,-0.026667,-0.026667,-0.026667,-0.026667,-0.026667,-0.026667,-0.026667,-0.026667,-0.026667,-0.026667,-0.026667,-0.026667,-0.026667,-0.026667,-0.026667,-0.026667,-0.026667,-0.029778,-0.032889,-0.042222,-0.051556,-0.073333,-0.110667,-0.135556,-0.182222,-0.235111,-0.26,-0.319111,-0.378222,-0.434222,-0.462222,-0.508889,-0.527556,-0.564889,-0.602222,-0.642667,-0.664444,-0.704889,-0.723556,-0.760889,-0.798222,-0.813778,-0.848,-0.882222,-0.897778,-0.922667,-0.944444,-0.963111,-0.969333,-0.975556,-0.975556,-0.975556,-0.975556,-0.975556,-0.972444,-0.963111,-0.96,-0.944444,-0.919556,-0.904,-0.869778,-0.826222,-0.801333,-0.757778,-0.708,-0.683111,-0.633333,-0.583556,-0.558667,-0.508889,-0.456,-0.431111,-0.375111,-0.325333,-0.300444,-0.256889,-0.210222,-0.188444,-0.148,-0.113778,-0.101333,-0.082667,-0.073333,-0.070222,-0.067111,-0.067111,-0.067111,-0.067111,-0.067111,-0.064,-0.060889,-0.051556,-0.048444,-0.036,-0.029778,-0.026667,-0.020444,-0.017333]","[0.0007,0.0164,0.0331,0.0492,0.0661,0.0831,0.0996,0.1154,0.1327,0.1494,0.1658,0.1823,0.1992,0.2158,0.232,0.2496,0.2661,0.2828,0.2993,0.3157,0.3323,0.3492,0.3659,0.3826,0.3993,0.4158,0.4332,0.4491,0.4658,0.4826,0.4994,0.5157,0.5329,0.5496,0.5662,0.5832,0.5999,0.6162,0.6332,0.6496,0.6662,0.6828,0.6999,0.7166,0.7332,0.7499,0.7665,0.7832,0.7999,0.816,0.833,0.8495,0.8662,0.8831,0.8997,0.9162,0.9331,0.9499,0.9663,0.9835,0.9994,1.0163,1.0333,1.0498,1.0663,1.0832,1.0997,1.1165,1.1335,1.1502,1.1662,1.1833,1.2002,1.2169,1.2337,1.2503,1.2663,1.2831,1.3,1.3173,1.3332,1.3497,1.3674,1.3833,1.3999,1.4168,1.4335,1.4506,1.4667,1.4836,1.5004,1.5171,1.5338,1.5505,1.5673,1.5841,1.5999,1.617,1.6341,1.6507,1.6667,1.6836,1.7007,1.7174,1.7341,1.7504,1.7672,1.7841,1.8003,1.8169,1.8337,1.8503,1.867,1.8835,1.9002,1.9169,1.9337,1.9503,1.9673,1.9839,2.0005,2.017,2.0336,2.0503,2.0669,2.0836,2.1008]","[1,1,1,1,1,1,1,1,1,1,1,1,1,1,1,1,1,1,1,1,1,1,1,1,1,1,1,1,1,1,1,1,1,1,1,1,1,1,1,1,1,1,1,1,1,1,1,1,1,1,1,1,1,1,1,1,1,1,1,1,1,1,1,1,1,1,1,1,1,1,1,2,2,2,2,2,2,2,2,2,2,2,2,2,2,2,2,2,2,2,2,2,2,2,2,2,2,2,2,2,2,2,2,2,2,2,2,2,2,2,2,2,2,2,2,2,2,2,2,2,2,2,2,2,2,2,2]",80,620.98,4,209,0,209,0,1,229579,4,SV_73ADPjbMtd0KUBg,304,2022-03-02_15h06.07.165,implicit_time,2021.1.4,Linux x86_64,59.95563283
cursorjump,45,45,0.5,10,NA,0,NA,0,1,0.5,FALSE,rotation,1,"[-0.020833,-0.020833,-0.020833,-0.020833,-0.01875,-0.01875,-0.01875,-0.01875,-0.01875,-0.01875,-0.01875,-0.01875,-0.01875,-0.01875,-0.01875,-0.01875,-0.01875,-0.01875,-0.01875,-0.01875,-0.01875,-0.01875,-0.01875,-0.01875,-0.01875,-0.01875,-0.01875,-0.01875,-0.01875,-0.01875,-0.01875,-0.01875,-0.01875,-0.01875,-0.01875,-0.01875,-0.01875,-0.01875,-0.01875,-0.01875,-0.01875,-0.014583,0,0.03125,0.08125,0.110417,0.172917,0.204167,0.26875,0.339583,0.416667,0.454167,0.529167,0.5625,0.629167,0.6875,0.739583,0.764583,0.808333,0.827083,0.8625,0.89375,0.91875,0.927083,0.939583,0.945833,0.958333,0.972917,0.983333,0.9875,0.99375,0.995833,1.002083,1.008333,1.0125,1.01875,1.022917,1.025,1.025,1.025,1.025,1.025,1.022917,1.020833,1.008333,0.98125,0.9625,0.9125,0.858333,0.827083,0.764583,0.695833,0.658333,0.5875,0.520833,0.466667,0.441667,0.39375,0.370833,0.327083,0.2875,0.270833,0.239583,0.21875,0.208333,0.185417,0.158333,0.133333,0.122917,0.10625,0.1,0.08125,0.0625,0.052083,0.0375,0.025,0.01875,0.0125,0.004167,-0.004167,-0.008333,-0.014583,-0.016667,-0.014583,-0.0125]","[-0.011111,-0.011111,-0.014222,-0.014222,-0.014222,-0.014222,-0.014222,-0.014222,-0.014222,-0.014222,-0.014222,-0.014222,-0.014222,-0.017333,-0.017333,-0.017333,-0.017333,-0.017333,-0.017333,-0.017333,-0.017333,-0.017333,-0.017333,-0.017333,-0.017333,-0.017333,-0.017333,-0.017333,-0.017333,-0.017333,-0.017333,-0.017333,-0.017333,-0.017333,-0.017333,-0.017333,-0.017333,-0.017333,-0.017333,-0.017333,-0.014222,-0.014222,-0.011111,-0.001778,0.007556,0.010667,0.013778,0.016889,0.016889,0.016889,0.02,0.02,0.026222,0.029333,0.032444,0.035556,0.035556,0.035556,0.035556,0.035556,0.032444,0.026222,0.02,0.016889,0.010667,0.007556,0.004444,-0.001778,-0.004889,-0.008,-0.011111,-0.014222,-0.017333,-0.020444,-0.023556,-0.023556,-0.026667,-0.026667,-0.026667,-0.026667,-0.026667,-0.026667,-0.026667,-0.026667,-0.026667,-0.026667,-0.023556,-0.017333,-0.008,-0.001778,0.010667,0.02,0.023111,0.026222,0.026222,0.023111,0.023111,0.016889,0.013778,0.007556,0.001333,-0.004889,-0.011111,-0.020444,-0.023556,-0.039111,-0.060889,-0.079556,-0.085778,-0.095111,-0.101333,-0.110667,-0.12,-0.123111,-0.123111,-0.12,-0.12,-0.113778,-0.107556,-0.101333,-0.095111,-0.073333,-0.060889,-0.039111,-0.020444]","[0.0006,0.0168,0.0335,0.0506,0.0663,0.0838,0.0997,0.1172,0.1336,0.1503,0.1671,0.1837,0.1998,0.217,0.2334,0.2501,0.2667,0.2832,0.3003,0.3169,0.3333,0.3496,0.3665,0.3838,0.4004,0.4169,0.4332,0.4504,0.4669,0.4831,0.5002,0.5173,0.5338,0.5503,0.5665,0.5842,0.6003,0.6171,0.6332,0.6509,0.6671,0.6837,0.7003,0.7178,0.7343,0.7508,0.767,0.7834,0.8011,0.8177,0.834,0.8505,0.8671,0.8845,0.9003,0.9173,0.934,0.9504,0.9668,0.9839,1.0004,1.0179,1.0344,1.0505,1.0668,1.0841,1.1004,1.1173,1.134,1.1509,1.1676,1.1842,1.2009,1.2173,1.2339,1.251,1.2675,1.284,1.3006,1.3173,1.3341,1.3508,1.3674,1.384,1.4007,1.4174,1.4341,1.4507,1.4674,1.4842,1.501,1.5175,1.5341,1.5509,1.5674,1.5847,1.6011,1.6178,1.6344,1.651,1.6677,1.6844,1.7013,1.7178,1.7344,1.7511,1.7679,1.7846,1.8016,1.8181,1.8346,1.8513,1.868,1.8846,1.9013,1.918,1.9346,1.9513,1.968,1.9847,2.0014,2.018,2.0346,2.0512,2.0679]","[1,1,1,1,1,1,1,1,1,1,1,1,1,1,1,1,1,1,1,1,1,1,1,1,1,1,1,1,1,1,1,1,1,1,1,1,1,1,1,1,1,1,1,1,1,1,1,1,1,1,1,1,1,1,1,1,1,1,1,1,1,1,1,1,1,1,2,2,2,2,2,2,2,2,2,2,2,2,2,2,2,2,2,2,2,2,2,2,2,2,2,2,2,2,2,2,2,2,2,2,2,2,2,2,2,2,2,2,2,2,2,2,2,2,2,2,2,2,2,2,2,2,2,2,2]",90,623.5649,4,210,0,210,0,1,229579,4,SV_73ADPjbMtd0KUBg,304,2022-03-02_15h06.07.165,implicit_time,2021.1.4,Linux x86_64,59.95563283
cursorjump,55,0,0,10,NA,0,NA,0,0,0.5,FALSE,rotation,0,"[-0.008333,-0.008333,-0.008333,-0.00625,-0.00625,-0.00625,-0.00625,-0.00625,-0.004167,-0.004167,-0.004167,-0.002083,-0.002083,0,0.002083,0.002083,0.00625,0.00625,0.008333,0.010417,0.0125,0.0125,0.0125,0.0125,0.0125,0.0125,0.0125,0.0125,0.0125,0.0125,0.0125,0.0125,0.0125,0.0125,0.01875,0.025,0.045833,0.075,0.104167,0.11875,0.15,0.183333,0.202083,0.235417,0.270833,0.2875,0.327083,0.364583,0.383333,0.414583,0.441667,0.454167,0.485417,0.520833,0.541667,0.5875,0.608333,0.652083,0.691667,0.73125,0.747917,0.770833,0.775,0.775,0.775,0.775,0.777083,0.777083,0.775,0.760417,0.73125,0.691667,0.66875,0.620833,0.591667,0.522917,0.452083,0.383333,0.354167,0.3,0.277083,0.229167,0.185417,0.147917,0.133333,0.10625,0.095833,0.075,0.05625,0.041667,0.035417,0.03125,0.03125,0.03125,0.03125,0.03125,0.03125,0.03125,0.03125,0.029167,0.025,0.014583]","[0.001333,0.001333,0.004444,0.004444,0.004444,0.004444,0.004444,0.004444,0.004444,0.004444,0.004444,0.004444,0.007556,0.007556,0.007556,0.010667,0.010667,0.010667,0.013778,0.013778,0.013778,0.013778,0.013778,0.013778,0.013778,0.013778,0.013778,0.013778,0.013778,0.013778,0.013778,0.013778,0.013778,0.013778,0.02,0.023111,0.038667,0.057333,0.085333,0.104,0.144444,0.197333,0.225333,0.281333,0.328,0.352889,0.393333,0.427556,0.443111,0.464889,0.486667,0.496,0.520889,0.552,0.567556,0.598667,0.611111,0.639111,0.667111,0.695111,0.707556,0.723111,0.726222,0.726222,0.723111,0.726222,0.726222,0.726222,0.723111,0.716889,0.695111,0.667111,0.648444,0.608,0.583111,0.517778,0.44,0.365333,0.334222,0.284444,0.265778,0.231556,0.200444,0.175556,0.163111,0.147556,0.141333,0.125778,0.110222,0.094667,0.091556,0.085333,0.082222,0.082222,0.079111,0.076,0.076,0.069778,0.066667,0.057333,0.048,0.035556]","[0.0006,0.0165,0.0332,0.0497,0.0662,0.0839,0.1005,0.1171,0.1332,0.1497,0.1662,0.1841,0.1996,0.2173,0.2332,0.2497,0.2665,0.2833,0.3001,0.3168,0.3335,0.3497,0.3665,0.3837,0.4002,0.4164,0.4333,0.4497,0.4672,0.4837,0.5004,0.517,0.5335,0.55,0.5667,0.5834,0.6001,0.6167,0.6334,0.6502,0.6669,0.6836,0.7002,0.717,0.7338,0.7504,0.7673,0.7842,0.8011,0.8177,0.8341,0.8506,0.8674,0.8842,0.9011,0.9177,0.9345,0.9511,0.9669,0.9847,1.0009,1.0175,1.0342,1.0508,1.0677,1.0843,1.1009,1.1171,1.1337,1.1504,1.1673,1.184,1.2008,1.2177,1.2344,1.2513,1.268,1.2838,1.3006,1.3174,1.3344,1.3505,1.3673,1.3842,1.4009,1.4176,1.4344,1.4514,1.468,1.4844,1.501,1.5177,1.5345,1.5511,1.5678,1.5845,1.6011,1.6179,1.6345,1.6514,1.6681,1.6846]","[1,1,1,1,1,1,1,1,1,1,1,1,1,1,1,1,1,1,1,1,1,1,1,1,1,1,1,1,1,1,1,1,1,1,1,1,1,1,1,1,1,1,1,1,1,1,1,1,1,1,1,1,1,1,1,1,1,1,2,2,2,2,2,2,2,2,2,2,2,2,2,2,2,2,2,2,2,2,2,2,2,2,2,2,2,2,2,2,2,2,2,2,2,2,2,2,2,2,2,2,2,2]",90,625.7667,4,211,0,211,0,1,229579,4,SV_73ADPjbMtd0KUBg,304,2022-03-02_15h06.07.165,implicit_time,2021.1.4,Linux x86_64,59.95563283
cursorjump,315,45,0.5,10,NA,0,NA,0,1,0.5,FALSE,rotation,1,"[-0.004167,-0.004167,-0.004167,-0.004167,-0.004167,-0.004167,-0.004167,-0.004167,-0.004167,-0.004167,-0.004167,-0.004167,-0.004167,-0.004167,-0.004167,-0.004167,-0.004167,-0.004167,-0.004167,-0.004167,-0.004167,-0.004167,-0.004167,-0.004167,-0.004167,-0.004167,-0.004167,-0.004167,-0.004167,-0.004167,-0.004167,-0.004167,-0.004167,-0.004167,-0.004167,-0.004167,-0.004167,-0.004167,-0.004167,-0.004167,-0.004167,-0.004167,-0.004167,-0.004167,-0.004167,-0.004167,-0.004167,-0.00625,-0.008333,-0.014583,-0.020833,-0.022917,-0.027083,-0.03125,-0.0375,-0.041667,-0.041667,-0.039583,-0.035417,-0.035417,-0.033333,-0.033333,-0.029167,-0.027083,-0.025,-0.025,-0.020833,-0.01875,-0.010417,0,0.004167,0.00625,0.00625,0.00625,0.004167,0.004167,0.002083,0.002083,0.002083,0.002083,0.002083,0.002083,0.002083,0.002083,0.004167,0.004167,0.004167,0,-0.014583,-0.022917,-0.039583,-0.047917,-0.060417,-0.079167,-0.104167,-0.116667,-0.127083,-0.127083,-0.129167,-0.133333,-0.135417,-0.135417,-0.133333,-0.13125,-0.127083,-0.125,-0.120833,-0.116667,-0.1125,-0.1125,-0.114583,-0.11875,-0.11875,-0.116667,-0.1125,-0.110417,-0.10625,-0.1,-0.09375,-0.089583,-0.079167,-0.070833,-0.06875,-0.064583,-0.0625,-0.0625,-0.05625,-0.047917,-0.04375,-0.035417]","[-0.001778,-0.001778,-0.001778,-0.001778,-0.001778,-0.001778,-0.001778,-0.001778,-0.001778,-0.001778,-0.001778,-0.001778,-0.001778,-0.001778,-0.001778,-0.001778,-0.001778,-0.001778,-0.001778,-0.001778,-0.001778,-0.001778,-0.001778,-0.001778,-0.001778,-0.001778,-0.001778,-0.001778,-0.001778,-0.001778,-0.001778,-0.001778,-0.001778,-0.001778,-0.001778,-0.001778,-0.001778,-0.001778,-0.001778,-0.001778,-0.001778,-0.001778,-0.001778,-0.001778,-0.001778,-0.001778,-0.004889,-0.011111,-0.026667,-0.064,-0.129333,-0.169778,-0.256889,-0.303556,-0.390667,-0.480889,-0.521333,-0.599111,-0.664444,-0.692444,-0.745333,-0.770222,-0.816889,-0.851111,-0.876,-0.882222,-0.897778,-0.910222,-0.935111,-0.963111,-0.984889,-0.994222,-1.003556,-1.003556,-1.003556,-1.003556,-1.000444,-1.000444,-1.000444,-1.000444,-1.000444,-1.000444,-1.000444,-1.000444,-1.003556,-1.006667,-1.009778,-1.003556,-0.988,-0.972444,-0.941333,-0.922667,-0.876,-0.801333,-0.698667,-0.642667,-0.552444,-0.515111,-0.456,-0.393778,-0.325333,-0.291111,-0.235111,-0.213333,-0.179111,-0.144889,-0.107556,-0.088889,-0.054667,-0.042222,-0.014222,0.013778,0.038667,0.048,0.057333,0.060444,0.063556,0.060444,0.057333,0.054222,0.048,0.035556,0.029333,0.02,0.013778,0.010667,0.007556,0.004444,0.001333,-0.004889]","[0.0006,0.0165,0.0323,0.0492,0.0659,0.0825,0.0989,0.1154,0.1328,0.1492,0.1659,0.1823,0.1989,0.2161,0.233,0.2495,0.2659,0.2821,0.2995,0.3157,0.3329,0.349,0.3654,0.3828,0.3992,0.4156,0.4333,0.4492,0.4653,0.4828,0.4994,0.5154,0.532,0.5495,0.566,0.5821,0.5998,0.6166,0.6331,0.6496,0.666,0.6825,0.7,0.7168,0.7334,0.7499,0.7666,0.7831,0.7996,0.8161,0.8336,0.8491,0.8663,0.8825,0.8994,0.9163,0.9324,0.9496,0.9657,0.9833,0.9998,1.0163,1.0325,1.0492,1.0659,1.0828,1.0994,1.1163,1.1325,1.1493,1.1664,1.1827,1.2002,1.2163,1.2332,1.2494,1.2663,1.2832,1.2993,1.3163,1.3332,1.3497,1.3667,1.3828,1.3995,1.4162,1.4331,1.4497,1.4663,1.4833,1.4996,1.5166,1.5341,1.5503,1.5664,1.5835,1.6004,1.6165,1.6333,1.6496,1.6665,1.6833,1.7001,1.7164,1.7332,1.7498,1.7667,1.7834,1.8002,1.8164,1.8335,1.8499,1.8668,1.8836,1.8998,1.9167,1.9335,1.95,1.9669,1.9839,2.0002,2.0172,2.0334,2.0505,2.0671,2.0832,2.1003,2.1173,2.1336,2.1507]","[1,1,1,1,1,1,1,1,1,1,1,1,1,1,1,1,1,1,1,1,1,1,1,1,1,1,1,1,1,1,1,1,1,1,1,1,1,1,1,1,1,1,1,1,1,1,1,1,1,1,1,1,1,1,1,1,1,1,1,1,1,1,1,1,1,1,1,1,1,2,2,2,2,2,2,2,2,2,2,2,2,2,2,2,2,2,2,2,2,2,2,2,2,2,2,2,2,2,2,2,2,2,2,2,2,2,2,2,2,2,2,2,2,2,2,2,2,2,2,2,2,2,2,2,2,2,2,2,2,2]",100,628.4351,4,212,0,212,0,1,229579,4,SV_73ADPjbMtd0KUBg,304,2022-03-02_15h06.07.165,implicit_time,2021.1.4,Linux x86_64,59.95563283
cursorjump,305,0,0,10,NA,0,NA,0,0,0.5,FALSE,rotation,0,"[-0.022917,-0.022917,-0.022917,-0.022917,-0.022917,-0.022917,-0.022917,-0.022917,-0.020833,-0.016667,-0.016667,-0.0125,-0.010417,-0.008333,-0.00625,-0.004167,-0.004167,-0.004167,-0.004167,-0.004167,-0.004167,-0.004167,-0.004167,-0.004167,-0.004167,-0.004167,-0.004167,-0.004167,-0.004167,-0.004167,-0.004167,-0.00625,-0.0125,-0.016667,-0.01875,-0.020833,-0.020833,-0.022917,-0.022917,-0.022917,-0.022917,-0.022917,-0.022917,-0.020833,-0.020833,-0.01875,-0.020833,-0.025,-0.027083,-0.035417,-0.04375,-0.045833,-0.052083,-0.05625,-0.058333,-0.058333,-0.052083,-0.047917,-0.039583,-0.0375,-0.035417,-0.033333,-0.01875,-0.008333,0.01875,0.0375,0.045833,0.0625,0.079167,0.0875,0.102083,0.110417,0.114583,0.11875,0.125,0.129167,0.135417,0.133333,0.127083,0.097917,0.05625,0.035417,0.002083,-0.022917,-0.03125,-0.039583,-0.0375,-0.033333,-0.025,-0.01875,-0.016667,-0.016667,-0.01875,-0.020833,-0.025,-0.029167,-0.033333,-0.033333,-0.033333,-0.033333,-0.033333,-0.03125,-0.03125,-0.03125,-0.029167,-0.027083]","[0.010667,0.010667,0.010667,0.010667,0.010667,0.010667,0.010667,0.010667,0.010667,0.013778,0.016889,0.02,0.02,0.023111,0.023111,0.026222,0.026222,0.026222,0.026222,0.026222,0.026222,0.026222,0.026222,0.026222,0.026222,0.026222,0.026222,0.026222,0.023111,0.016889,0.010667,-0.008,-0.032889,-0.064,-0.076444,-0.095111,-0.101333,-0.104444,-0.107556,-0.107556,-0.107556,-0.110667,-0.113778,-0.129333,-0.157333,-0.176,-0.225778,-0.288,-0.325333,-0.396889,-0.471556,-0.505778,-0.574222,-0.639556,-0.673778,-0.739111,-0.798222,-0.823111,-0.857333,-0.869778,-0.872889,-0.879111,-0.894667,-0.907111,-0.932,-0.953778,-0.966222,-0.984889,-1.003556,-1.016,-1.031556,-1.044,-1.044,-1.047111,-1.053333,-1.053333,-1.056444,-1.050222,-1.037778,-0.994222,-0.928889,-0.888444,-0.801333,-0.711111,-0.664444,-0.577333,-0.499556,-0.465333,-0.403111,-0.347111,-0.319111,-0.269333,-0.219556,-0.197778,-0.160444,-0.129333,-0.104444,-0.095111,-0.076444,-0.070222,-0.057778,-0.051556,-0.048444,-0.042222,-0.032889,-0.029778]","[0.0003,0.0166,0.0336,0.0506,0.0665,0.0836,0.0997,0.1167,0.1338,0.1499,0.1668,0.1839,0.1999,0.2167,0.2337,0.2503,0.2665,0.2836,0.3003,0.3171,0.334,0.3502,0.367,0.3837,0.4003,0.4168,0.4339,0.4508,0.4666,0.4836,0.5005,0.5175,0.5337,0.5505,0.5675,0.5836,0.6005,0.6169,0.6339,0.6508,0.6668,0.6838,0.7007,0.7176,0.7336,0.7506,0.7674,0.7845,0.8005,0.8175,0.8337,0.8509,0.8671,0.884,0.9009,0.9173,0.9344,0.9508,0.9675,0.984,1.0009,1.018,1.0338,1.0509,1.0675,1.0846,1.1005,1.1174,1.1346,1.1505,1.1676,1.1847,1.2008,1.2178,1.2343,1.2508,1.268,1.2841,1.3011,1.3176,1.3345,1.351,1.3675,1.3843,1.4009,1.4178,1.4343,1.4515,1.4675,1.4844,1.5014,1.5183,1.5342,1.551,1.5679,1.5848,1.6016,1.6176,1.6347,1.6517,1.6679,1.685,1.7012,1.7182,1.7352,1.7513]","[1,1,1,1,1,1,1,1,1,1,1,1,1,1,1,1,1,1,1,1,1,1,1,1,1,1,1,1,1,1,1,1,1,1,1,1,1,1,1,1,1,1,1,1,1,1,1,1,1,1,1,1,1,1,1,1,1,1,1,1,1,1,1,1,1,1,2,2,2,2,2,2,2,2,2,2,2,2,2,2,2,2,2,2,2,2,2,2,2,2,2,2,2,2,2,2,2,2,2,2,2,2,2,2,2,2]",100,630.7029,4,213,0,213,0,1,229579,4,SV_73ADPjbMtd0KUBg,304,2022-03-02_15h06.07.165,implicit_time,2021.1.4,Linux x86_64,59.95563283
cursorjump,135,45,0.5,10,NA,0,NA,0,1,0.5,FALSE,rotation,1,"[-0.004167,-0.004167,-0.004167,-0.004167,-0.004167,-0.004167,-0.004167,-0.004167,-0.004167,-0.004167,-0.004167,-0.004167,-0.004167,-0.004167,-0.004167,-0.004167,-0.004167,-0.004167,-0.004167,-0.004167,-0.004167,-0.004167,-0.004167,-0.004167,-0.004167,-0.004167,-0.004167,-0.004167,-0.004167,-0.004167,-0.004167,-0.004167,-0.004167,-0.004167,-0.004167,-0.004167,-0.004167,-0.004167,-0.004167,-0.004167,-0.004167,-0.004167,-0.004167,-0.004167,-0.004167,-0.004167,-0.004167,-0.004167,-0.004167,-0.004167,-0.004167,-0.004167,-0.004167,-0.004167,-0.004167,-0.004167,-0.004167,-0.004167,-0.004167,-0.004167,-0.004167,-0.004167,-0.004167,-0.002083,0,0.008333,0.016667,0.025,0.029167,0.039583,0.045833,0.06875,0.09375,0.114583,0.122917,0.139583,0.15,0.166667,0.18125,0.19375,0.2,0.2125,0.216667,0.227083,0.235417,0.24375,0.247917,0.258333,0.2625,0.266667,0.266667,0.2625,0.258333,0.241667,0.233333,0.2125,0.195833,0.179167,0.172917,0.1625,0.160417,0.158333,0.160417,0.172917,0.185417,0.210417,0.222917,0.252083,0.28125,0.3125,0.327083,0.354167,0.366667,0.39375,0.408333,0.435417,0.458333,0.472917,0.479167,0.485417,0.489583,0.489583,0.491667,0.491667,0.491667,0.491667,0.491667,0.49375,0.502083,0.514583,0.51875,0.520833,0.520833,0.520833,0.520833,0.522917,0.525,0.522917,0.50625,0.49375,0.464583,0.4375,0.425,0.395833,0.360417,0.34375,0.310417,0.2875,0.277083,0.25625,0.233333,0.222917,0.204167,0.195833,0.19375,0.191667,0.1875,0.1875,0.185417,0.18125,0.179167,0.166667,0.145833,0.135417,0.110417,0.0875,0.075,0.05625,0.04375,0.039583]","[0.007556,0.007556,0.007556,0.007556,0.007556,0.007556,0.007556,0.007556,0.007556,0.007556,0.007556,0.007556,0.007556,0.007556,0.007556,0.007556,0.007556,0.007556,0.007556,0.007556,0.007556,0.007556,0.007556,0.007556,0.007556,0.007556,0.007556,0.007556,0.007556,0.007556,0.007556,0.007556,0.007556,0.007556,0.007556,0.007556,0.007556,0.007556,0.007556,0.007556,0.007556,0.007556,0.007556,0.007556,0.007556,0.007556,0.007556,0.007556,0.007556,0.007556,0.007556,0.007556,0.007556,0.007556,0.007556,0.007556,0.007556,0.007556,0.007556,0.007556,0.007556,0.007556,0.007556,0.010667,0.016889,0.035556,0.063556,0.100889,0.122667,0.166222,0.191111,0.244,0.293778,0.337333,0.359111,0.396444,0.415111,0.449333,0.477333,0.496,0.505333,0.527111,0.536444,0.561333,0.58,0.598667,0.604889,0.620444,0.623556,0.629778,0.632889,0.626667,0.620444,0.604889,0.592444,0.570667,0.552,0.536444,0.530222,0.520889,0.520889,0.520889,0.533333,0.552,0.564444,0.589333,0.598667,0.623556,0.654667,0.692,0.710667,0.744889,0.763556,0.791556,0.807111,0.832,0.853778,0.866222,0.872444,0.875556,0.878667,0.878667,0.881778,0.881778,0.881778,0.881778,0.881778,0.881778,0.891111,0.903556,0.906667,0.906667,0.903556,0.903556,0.903556,0.903556,0.900444,0.888,0.856889,0.832,0.769778,0.698222,0.657778,0.573778,0.486667,0.44,0.352889,0.281333,0.247111,0.184889,0.119556,0.088444,0.038667,0.016889,0.010667,0.004444,-0.004889,-0.011111,-0.023556,-0.029778,-0.032889,-0.029778,-0.023556,-0.020444,-0.017333,-0.008,-0.004889,0.007556,0.010667,0.010667]","[0.0001,0.0169,0.0339,0.0501,0.0673,0.0834,0.1005,0.1167,0.1336,0.1508,0.1668,0.1838,0.1998,0.2168,0.2338,0.2505,0.2665,0.2836,0.3007,0.3174,0.3334,0.3503,0.3668,0.3838,0.4007,0.4165,0.4337,0.4507,0.4675,0.4836,0.5004,0.5174,0.5342,0.5502,0.5672,0.584,0.6003,0.6175,0.6336,0.6507,0.6676,0.6837,0.7004,0.7173,0.7342,0.7504,0.7675,0.7838,0.8008,0.8176,0.8346,0.8506,0.8675,0.8838,0.9007,0.9175,0.9345,0.9507,0.9679,0.9841,1.0012,1.0175,1.0346,1.0506,1.0675,1.0845,1.1007,1.1177,1.1346,1.1506,1.1675,1.1845,1.2014,1.2174,1.2343,1.2514,1.2675,1.2844,1.3017,1.3176,1.3346,1.3518,1.3679,1.3848,1.4009,1.4179,1.4342,1.4513,1.4676,1.4845,1.5014,1.5183,1.5343,1.5515,1.5677,1.5846,1.6017,1.6178,1.6351,1.6512,1.6683,1.6844,1.7014,1.7186,1.7347,1.751,1.7679,1.7848,1.8018,1.8179,1.8351,1.8512,1.868,1.8849,1.9011,1.9182,1.9353,1.9515,1.9687,1.9847,2.0016,2.0185,2.0354,2.0514,2.0685,2.0853,2.1013,2.1185,2.1349,2.1521,2.1681,2.185,2.2018,2.2187,2.2348,2.2516,2.2686,2.2849,2.3016,2.3185,2.3358,2.3519,2.3682,2.3851,2.402,2.419,2.4352,2.4524,2.4682,2.4851,2.502,2.5191,2.5351,2.5521,2.569,2.5851,2.6023,2.6185,2.6355,2.6524,2.6692,2.6852,2.7022,2.7192,2.7354,2.7526,2.7685,2.7855,2.8024,2.8186]","[1,1,1,1,1,1,1,1,1,1,1,1,1,1,1,1,1,1,1,1,1,1,1,1,1,1,1,1,1,1,1,1,1,1,1,1,1,1,1,1,1,1,1,1,1,1,1,1,1,1,1,1,1,1,1,1,1,1,1,1,1,1,1,1,1,1,1,1,1,1,1,1,1,1,1,1,1,1,1,1,1,1,1,1,1,1,1,1,1,1,1,1,1,1,1,1,1,1,1,1,1,1,1,1,1,1,1,1,1,1,1,1,1,1,1,1,2,2,2,2,2,2,2,2,2,2,2,2,2,2,2,2,2,2,2,2,2,2,2,2,2,2,2,2,2,2,2,2,2,2,2,2,2,2,2,2,2,2,2,2,2,2,2,2,2,2,2,2,2,2]",100,634.0387,4,214,0,214,0,1,229579,4,SV_73ADPjbMtd0KUBg,304,2022-03-02_15h06.07.165,implicit_time,2021.1.4,Linux x86_64,59.95563283
cursorjump,125,0,0,10,NA,0,NA,0,0,0.5,FALSE,rotation,0,"[0.010417,0.010417,0.010417,0.010417,0.010417,0.010417,0.0125,0.0125,0.0125,0.014583,0.014583,0.014583,0.014583,0.014583,0.016667,0.016667,0.016667,0.016667,0.016667,0.016667,0.016667,0.016667,0.01875,0.01875,0.01875,0.01875,0.01875,0.01875,0.01875,0.01875,0.01875,0.01875,0.020833,0.020833,0.020833,0.020833,0.020833,0.020833,0.025,0.035417,0.052083,0.064583,0.089583,0.102083,0.127083,0.147917,0.1625,0.16875,0.172917,0.175,0.172917,0.166667,0.1625,0.154167,0.145833,0.141667,0.133333,0.122917,0.116667,0.102083,0.09375,0.089583,0.0875,0.0875,0.089583,0.1,0.120833,0.15,0.170833,0.222917,0.254167,0.322917,0.389583,0.445833,0.470833,0.510417,0.529167,0.552083,0.566667,0.56875,0.564583,0.55,0.539583,0.510417,0.477083,0.447917,0.439583,0.425,0.41875,0.40625,0.39375,0.3875,0.3875,0.402083,0.414583,0.45,0.479167,0.510417,0.53125,0.579167,0.608333,0.660417,0.702083,0.733333,0.747917,0.764583,0.76875,0.76875,0.76875,0.76875,0.76875,0.766667,0.766667,0.75625,0.735417,0.702083,0.683333,0.633333,0.602083,0.525,0.439583,0.395833,0.316667,0.25,0.220833,0.177083,0.160417,0.1375,0.120833,0.10625,0.102083,0.089583,0.08125,0.077083,0.06875,0.060417,0.05625,0.05,0.039583,0.035417,0.029167,0.022917]","[-0.014222,-0.014222,-0.014222,-0.014222,-0.014222,-0.014222,-0.017333,-0.017333,-0.017333,-0.017333,-0.017333,-0.020444,-0.020444,-0.020444,-0.020444,-0.020444,-0.020444,-0.020444,-0.020444,-0.020444,-0.020444,-0.020444,-0.020444,-0.020444,-0.023556,-0.023556,-0.023556,-0.023556,-0.023556,-0.023556,-0.023556,-0.023556,-0.023556,-0.023556,-0.023556,-0.023556,-0.023556,-0.023556,-0.020444,-0.014222,-0.011111,-0.011111,-0.014222,-0.017333,-0.023556,-0.032889,-0.045333,-0.048444,-0.051556,-0.051556,-0.051556,-0.048444,-0.048444,-0.045333,-0.045333,-0.045333,-0.042222,-0.039111,-0.039111,-0.029778,-0.020444,-0.017333,-0.017333,-0.017333,-0.017333,-0.020444,-0.029778,-0.048444,-0.064,-0.104444,-0.132444,-0.197778,-0.269333,-0.337778,-0.368889,-0.431111,-0.462222,-0.515111,-0.555556,-0.571111,-0.592889,-0.605333,-0.605333,-0.602222,-0.583556,-0.564889,-0.555556,-0.543111,-0.536889,-0.524444,-0.512,-0.505778,-0.505778,-0.515111,-0.524444,-0.549333,-0.577333,-0.614667,-0.636444,-0.686222,-0.708,-0.748444,-0.779556,-0.807556,-0.82,-0.835556,-0.838667,-0.838667,-0.835556,-0.835556,-0.835556,-0.835556,-0.835556,-0.832444,-0.823111,-0.798222,-0.782667,-0.732889,-0.701778,-0.624,-0.530667,-0.480889,-0.390667,-0.309778,-0.278667,-0.228889,-0.213333,-0.191556,-0.179111,-0.166667,-0.160444,-0.148,-0.132444,-0.126222,-0.113778,-0.098222,-0.088889,-0.073333,-0.057778,-0.051556,-0.042222,-0.032889]","[0.0003,0.0167,0.0326,0.0496,0.0667,0.0826,0.0999,0.117,0.1331,0.1501,0.167,0.1829,0.1999,0.2167,0.233,0.2498,0.2666,0.2834,0.2995,0.3168,0.3328,0.3498,0.367,0.3832,0.4003,0.4162,0.4334,0.4503,0.4665,0.4836,0.4997,0.5167,0.534,0.5502,0.5664,0.5836,0.5997,0.6167,0.6337,0.6499,0.667,0.6834,0.7002,0.7172,0.7334,0.7505,0.7667,0.7839,0.8004,0.8168,0.8338,0.85,0.8672,0.8835,0.9007,0.917,0.9342,0.9506,0.9667,0.984,1.0002,1.0172,1.0342,1.0503,1.0674,1.0835,1.1005,1.1175,1.1338,1.1508,1.1671,1.1836,1.2006,1.2177,1.2341,1.2506,1.2677,1.2838,1.3008,1.317,1.3341,1.3505,1.3675,1.3837,1.4007,1.4176,1.434,1.4512,1.4673,1.4844,1.5007,1.5178,1.5341,1.5512,1.567,1.5841,1.6013,1.6172,1.6342,1.6507,1.6678,1.6842,1.7012,1.7174,1.7348,1.751,1.768,1.784,1.8009,1.8179,1.834,1.8512,1.8673,1.8843,1.9013,1.9175,1.9346,1.951,1.9681,1.9846,2.0008,2.0179,2.0344,2.051,2.0681,2.0851,2.1012,2.1181,2.1351,2.1511,2.1679,2.1848,2.2017,2.2179,2.2351,2.2511,2.2678,2.2848,2.3018,2.3182,2.3344,2.3517]","[1,1,1,1,1,1,1,1,1,1,1,1,1,1,1,1,1,1,1,1,1,1,1,1,1,1,1,1,1,1,1,1,1,1,1,1,1,1,1,1,1,1,1,1,1,1,1,1,1,1,1,1,1,1,1,1,1,1,1,1,1,1,1,1,1,1,1,1,1,1,1,1,1,1,1,1,1,1,1,1,1,1,1,1,1,1,1,1,1,1,1,1,1,1,1,1,1,1,1,1,1,2,2,2,2,2,2,2,2,2,2,2,2,2,2,2,2,2,2,2,2,2,2,2,2,2,2,2,2,2,2,2,2,2,2,2,2,2,2,2,2,2]",100,636.9081,4,215,0,215,0,1,229579,4,SV_73ADPjbMtd0KUBg,304,2022-03-02_15h06.07.165,implicit_time,2021.1.4,Linux x86_64,59.95563283
cursorjump,225,45,0.5,10,15,45,89,1,1,0.5,FALSE,rotation,1,"[-0.004167,0,0,0.002083,0.004167,0.004167,0.004167,0.004167,0.004167,0.00625,0.00625,0.00625,0.008333,0.008333,0.008333,0.010417,0.010417,0.010417,0.010417,0.010417,0.010417,0.0125,0.0125,0.0125,0.0125,0.0125,0.0125,0.0125,0.0125,0.014583,0.014583,0.014583,0.016667,0.016667,0.016667,0.016667,0.014583,0.0125,0,-0.01875,-0.029167,-0.054167,-0.083333,-0.1,-0.139583,-0.179167,-0.197917,-0.2375,-0.272917,-0.2875,-0.31875,-0.341667,-0.352083,-0.36875,-0.383333,-0.391667,-0.40625,-0.420833,-0.4375,-0.445833,-0.466667,-0.477083,-0.497917,-0.520833,-0.53125,-0.552083,-0.570833,-0.577083,-0.583333,-0.583333,-0.58125,-0.577083,-0.570833,-0.570833,-0.570833,-0.56875,-0.570833,-0.570833,-0.570833,-0.570833,-0.570833,-0.570833,-0.570833,-0.570833,-0.570833,-0.570833,-0.56875,-0.564583,-0.55625,-0.541667,-0.525,-0.516667,-0.5,-0.491667,-0.479167,-0.472917,-0.46875,-0.466667,-0.4625,-0.454167,-0.45,-0.435417,-0.41875,-0.408333,-0.385417,-0.3625,-0.352083,-0.335417,-0.325,-0.322917,-0.3125,-0.3,-0.291667,-0.28125,-0.277083,-0.277083,-0.277083,-0.277083,-0.266667,-0.239583,-0.210417,-0.2,-0.191667,-0.189583,-0.189583,-0.189583,-0.189583,-0.191667,-0.202083,-0.210417,-0.229167,-0.252083,-0.279167,-0.295833,-0.335417,-0.383333,-0.4125,-0.475,-0.539583,-0.572917,-0.639583,-0.704167,-0.735417,-0.795833,-0.852083,-0.879167,-0.927083,-0.96875,-0.9875,-1.016667,-1.03125,-1.05625,-1.077083,-1.091667,-1.09375,-1.09375,-1.09375,-1.095833,-1.097917,-1.1,-1.1,-1.102083,-1.102083,-1.102083,-1.102083,-1.102083,-1.102083,-1.1,-1.1,-1.09375,-1.079167,-1.05625,-1.041667,-1.008333,-0.9875,-0.941667,-0.8875,-0.827083,-0.795833,-0.729167,-0.695833,-0.629167,-0.560417,-0.489583,-0.45625,-0.391667,-0.3625,-0.310417,-0.266667,-0.235417,-0.222917,-0.20625,-0.2,-0.185417,-0.172917,-0.164583,-0.1625,-0.1625,-0.1625,-0.158333,-0.141667,-0.114583,-0.1,-0.08125,-0.075,-0.066667,-0.058333,-0.045833,-0.0375,-0.01875,-0.0125,-0.004167,-0.002083,-0.002083,0,0.002083,0.002083,0.002083,0.002083,0.002083,0.002083,0.002083,0.002083,0.004167,0.008333,0.008333,0.010417,0.010417]","[0.001333,0.001333,-0.001778,-0.001778,-0.001778,-0.001778,-0.001778,-0.004889,-0.004889,-0.004889,-0.004889,-0.004889,-0.004889,-0.004889,-0.004889,-0.008,-0.008,-0.008,-0.008,-0.008,-0.008,-0.008,-0.008,-0.008,-0.008,-0.008,-0.008,-0.008,-0.008,-0.008,-0.008,-0.011111,-0.011111,-0.011111,-0.011111,-0.011111,-0.014222,-0.017333,-0.036,-0.057778,-0.073333,-0.107556,-0.151111,-0.172889,-0.219556,-0.266222,-0.291111,-0.334667,-0.381333,-0.4,-0.440444,-0.474667,-0.490222,-0.521333,-0.552444,-0.568,-0.596,-0.620889,-0.642667,-0.655111,-0.676889,-0.686222,-0.704889,-0.720444,-0.726667,-0.739111,-0.745333,-0.748444,-0.751556,-0.751556,-0.751556,-0.748444,-0.745333,-0.745333,-0.742222,-0.745333,-0.745333,-0.745333,-0.745333,-0.745333,-0.745333,-0.745333,-0.745333,-0.745333,-0.745333,-0.745333,-0.742222,-0.742222,-0.732889,-0.717333,-0.692444,-0.68,-0.655111,-0.642667,-0.630222,-0.620889,-0.611556,-0.608444,-0.599111,-0.586667,-0.577333,-0.558667,-0.533778,-0.518222,-0.487111,-0.456,-0.443556,-0.418667,-0.403111,-0.4,-0.384444,-0.368889,-0.359556,-0.347111,-0.344,-0.344,-0.340889,-0.337778,-0.312889,-0.269333,-0.228889,-0.213333,-0.200889,-0.197778,-0.197778,-0.197778,-0.197778,-0.197778,-0.200889,-0.200889,-0.207111,-0.213333,-0.219556,-0.222667,-0.232,-0.238222,-0.241333,-0.247556,-0.253778,-0.26,-0.266222,-0.275556,-0.278667,-0.284889,-0.291111,-0.294222,-0.303556,-0.309778,-0.312889,-0.322222,-0.325333,-0.331556,-0.337778,-0.340889,-0.340889,-0.340889,-0.340889,-0.340889,-0.334667,-0.328444,-0.325333,-0.322222,-0.322222,-0.322222,-0.322222,-0.322222,-0.322222,-0.322222,-0.322222,-0.325333,-0.322222,-0.319111,-0.319111,-0.309778,-0.303556,-0.284889,-0.263111,-0.235111,-0.219556,-0.194667,-0.185333,-0.166667,-0.144889,-0.12,-0.107556,-0.085778,-0.076444,-0.060889,-0.048444,-0.039111,-0.036,-0.026667,-0.026667,-0.020444,-0.020444,-0.017333,-0.017333,-0.017333,-0.017333,-0.017333,-0.017333,-0.011111,-0.011111,-0.014222,-0.017333,-0.020444,-0.026667,-0.036,-0.045333,-0.057778,-0.064,-0.070222,-0.070222,-0.073333,-0.073333,-0.073333,-0.073333,-0.073333,-0.073333,-0.073333,-0.073333,-0.073333,-0.073333,-0.070222,-0.060889,-0.054667,-0.045333,-0.039111]","[0.0015,0.0157,0.0329,0.0491,0.0663,0.0823,0.0992,0.1161,0.1331,0.1494,0.1663,0.1822,0.1992,0.2161,0.2332,0.2494,0.2662,0.283,0.3,0.3162,0.3333,0.3493,0.3662,0.3831,0.3998,0.4165,0.4328,0.45,0.4661,0.483,0.4999,0.5168,0.533,0.55,0.5661,0.5829,0.5998,0.6167,0.6335,0.6494,0.6664,0.6835,0.6994,0.7163,0.7333,0.7502,0.7661,0.7831,0.8,0.817,0.833,0.8501,0.8662,0.8832,0.9004,0.9165,0.9337,0.9497,0.9667,0.9837,0.9995,1.0163,1.0334,1.0506,1.0664,1.0832,1.1001,1.1173,1.1334,1.1504,1.1664,1.1833,1.2001,1.2171,1.2333,1.2505,1.2666,1.2836,1.2999,1.3172,1.3333,1.3504,1.3671,1.384,1.3998,1.4168,1.434,1.4499,1.4667,1.4839,1.5,1.5173,1.5332,1.5501,1.5669,1.5838,1.6006,1.6174,1.6335,1.6505,1.6675,1.6836,1.7005,1.7177,1.7339,1.7508,1.7678,1.7841,1.8011,1.8173,1.8334,1.8506,1.8677,1.8838,1.901,1.9173,1.9344,1.9502,1.9671,1.9839,2.0009,2.017,2.0341,2.0511,2.067,2.084,2.1009,2.118,2.1342,2.1504,2.1673,2.1844,2.2007,2.218,2.2342,2.2514,2.2674,2.2844,2.3014,2.3175,2.3345,2.3513,2.3673,2.3845,2.4007,2.4179,2.4341,2.4512,2.4676,2.4846,2.5015,2.5176,2.5346,2.5514,2.5676,2.5847,2.6007,2.6178,2.635,2.6509,2.668,2.6849,2.701,2.718,2.7343,2.7511,2.7679,2.785,2.8012,2.8185,2.8346,2.8516,2.8677,2.8848,2.9017,2.9179,2.935,2.9519,2.9679,2.9851,3.0012,3.0184,3.0344,3.0513,3.0681,3.0851,3.1013,3.1186,3.1347,3.1515,3.1685,3.1846,3.2017,3.2179,3.2349,3.2512,3.2682,3.2851,3.3021,3.3183,3.3352,3.3521,3.369,3.385,3.4021,3.4184,3.4353,3.4522,3.4684,3.4854,3.5015,3.5184,3.5353,3.5522,3.5682,3.5852,3.6022,3.6185,3.6358,3.6519,3.6687,3.6858,3.7019,3.7189,3.7359,3.7518,3.7689,3.7849]","[1,1,1,1,1,1,1,1,1,1,1,1,1,1,1,1,1,1,1,1,1,1,1,1,1,1,1,1,1,1,1,1,1,1,1,1,1,1,1,1,1,1,1,1,1,1,1,1,1,1,1,1,1,1,1,1,1,1,1,1,1,1,1,1,1,1,1,1,1,1,1,1,1,1,1,1,1,1,1,1,1,1,1,1,1,1,1,1,1,1,1,1,1,1,1,1,1,1,1,1,1,1,1,1,1,1,1,1,1,1,1,1,1,1,1,1,1,1,1,1,1,1,1,1,1,1,1,1,1,1,1,1,1,1,1,1,1,1,1,1,1,1,1,1,1,1,2,2,2,2,2,2,2,2,2,2,2,2,2,2,2,2,2,2,2,2,2,2,2,2,2,2,2,2,2,2,2,2,2,2,2,2,2,2,2,2,2,2,2,2,2,2,2,2,2,2,2,2,2,2,2,2,2,2,2,2,2,2,2,2,2,2,2,2,2,2,2,2,2,2,2,2,2,2,2,2,2,2]",100,709.0107,4,216,0,216,0,1,229579,4,SV_73ADPjbMtd0KUBg,304,2022-03-02_15h06.07.165,implicit_time,2021.1.4,Linux x86_64,59.95563283
cursorjump,215,0,0,10,NA,0,NA,0,0,0.5,FALSE,rotation,0,"[-0.004167,-0.004167,-0.004167,-0.004167,-0.004167,-0.004167,-0.004167,-0.004167,-0.004167,-0.004167,-0.002083,-0.002083,-0.002083,-0.002083,-0.002083,-0.002083,-0.002083,-0.002083,-0.002083,-0.002083,-0.002083,-0.002083,-0.002083,-0.002083,-0.002083,-0.002083,-0.002083,-0.002083,-0.002083,-0.002083,-0.002083,-0.004167,-0.008333,-0.014583,-0.0375,-0.052083,-0.089583,-0.135417,-0.183333,-0.20625,-0.254167,-0.279167,-0.335417,-0.39375,-0.45,-0.477083,-0.53125,-0.583333,-0.608333,-0.660417,-0.70625,-0.727083,-0.764583,-0.777083,-0.791667,-0.79375,-0.79375,-0.79375,-0.79375,-0.79375,-0.79375,-0.791667,-0.779167,-0.766667,-0.7375,-0.71875,-0.677083,-0.629167,-0.572917,-0.54375,-0.477083,-0.44375,-0.377083,-0.320833,-0.277083,-0.258333,-0.222917,-0.20625,-0.177083,-0.15625,-0.141667,-0.135417,-0.127083,-0.116667,-0.1125,-0.104167,-0.1,-0.1,-0.097917,-0.097917,-0.095833,-0.091667,-0.085417,-0.08125,-0.072917,-0.066667,-0.064583,-0.05625,-0.041667,-0.033333,-0.01875]","[-0.017333,-0.014222,-0.014222,-0.014222,-0.014222,-0.014222,-0.014222,-0.014222,-0.014222,-0.014222,-0.014222,-0.014222,-0.014222,-0.014222,-0.014222,-0.014222,-0.017333,-0.017333,-0.017333,-0.017333,-0.017333,-0.017333,-0.017333,-0.017333,-0.017333,-0.017333,-0.014222,-0.014222,-0.014222,-0.014222,-0.014222,-0.014222,-0.017333,-0.023556,-0.042222,-0.057778,-0.095111,-0.138667,-0.179111,-0.200889,-0.247556,-0.275556,-0.334667,-0.390667,-0.443556,-0.468444,-0.518222,-0.571111,-0.596,-0.648889,-0.698667,-0.720444,-0.757778,-0.776444,-0.792,-0.795111,-0.792,-0.792,-0.792,-0.792,-0.792,-0.792,-0.785778,-0.776444,-0.745333,-0.726667,-0.689333,-0.648889,-0.602222,-0.574222,-0.518222,-0.487111,-0.431111,-0.384444,-0.340889,-0.319111,-0.281778,-0.263111,-0.228889,-0.200889,-0.176,-0.166667,-0.154222,-0.138667,-0.132444,-0.123111,-0.116889,-0.113778,-0.113778,-0.110667,-0.107556,-0.101333,-0.092,-0.088889,-0.079556,-0.070222,-0.067111,-0.060889,-0.045333,-0.039111,-0.023556]","[0.0002,0.0169,0.0331,0.0502,0.0664,0.0835,0.0996,0.1167,0.1339,0.15,0.1671,0.1832,0.2,0.217,0.2332,0.2501,0.2673,0.2833,0.3,0.3171,0.3332,0.3503,0.3674,0.3834,0.4002,0.417,0.434,0.4498,0.4671,0.4842,0.5,0.5169,0.5338,0.5508,0.5668,0.5837,0.6007,0.6171,0.6334,0.6502,0.6677,0.6838,0.7007,0.717,0.7343,0.7503,0.767,0.784,0.8005,0.8175,0.8337,0.8507,0.8677,0.8836,0.9008,0.9169,0.934,0.9505,0.9676,0.9838,1.0009,1.017,1.034,1.0512,1.0676,1.0838,1.1007,1.1172,1.1344,1.1505,1.1676,1.1839,1.2009,1.2173,1.2343,1.2506,1.2678,1.2839,1.301,1.318,1.3341,1.3511,1.3672,1.3841,1.4011,1.4173,1.4347,1.4509,1.468,1.484,1.5009,1.518,1.5342,1.5512,1.5681,1.5841,1.601,1.6178,1.6348,1.651,1.668]","[1,1,1,1,1,1,1,1,1,1,1,1,1,1,1,1,1,1,1,1,1,1,1,1,1,1,1,1,1,1,1,1,1,1,1,1,1,1,1,1,1,1,1,1,1,1,1,1,1,1,2,2,2,2,2,2,2,2,2,2,2,2,2,2,2,2,2,2,2,2,2,2,2,2,2,2,2,2,2,2,2,2,2,2,2,2,2,2,2,2,2,2,2,2,2,2,2,2,2,2,2]",100,711.196,4,217,0,217,0,1,229579,4,SV_73ADPjbMtd0KUBg,304,2022-03-02_15h06.07.165,implicit_time,2021.1.4,Linux x86_64,59.95563283
cursorjump,135,45,0.5,10,NA,0,NA,0,1,0.5,FALSE,rotation,1,"[-0.00625,-0.00625,-0.00625,-0.00625,-0.00625,-0.00625,-0.00625,-0.00625,-0.00625,-0.00625,-0.00625,-0.00625,-0.008333,-0.008333,-0.008333,-0.008333,-0.008333,-0.008333,-0.008333,-0.008333,-0.00625,-0.00625,-0.00625,-0.00625,-0.00625,-0.00625,-0.00625,-0.00625,-0.00625,-0.00625,-0.00625,-0.00625,-0.00625,-0.00625,-0.00625,-0.00625,-0.00625,-0.00625,-0.00625,-0.00625,-0.00625,-0.00625,-0.00625,-0.00625,-0.00625,-0.00625,-0.010417,-0.020833,-0.029167,-0.064583,-0.11875,-0.147917,-0.210417,-0.26875,-0.297917,-0.360417,-0.427083,-0.460417,-0.51875,-0.572917,-0.6,-0.65,-0.695833,-0.716667,-0.754167,-0.785417,-0.8,-0.825,-0.847917,-0.85625,-0.866667,-0.875,-0.879167,-0.8875,-0.895833,-0.897917,-0.9,-0.9,-0.897917,-0.891667,-0.875,-0.8625,-0.81875,-0.75625,-0.722917,-0.65625,-0.595833,-0.566667,-0.508333,-0.445833,-0.414583,-0.352083,-0.295833,-0.270833,-0.23125,-0.2,-0.1875,-0.170833,-0.158333,-0.15625,-0.15625,-0.158333,-0.158333,-0.164583,-0.172917,-0.177083,-0.183333,-0.1875,-0.1875,-0.189583,-0.189583,-0.189583,-0.189583,-0.189583,-0.189583,-0.1875,-0.1875,-0.185417,-0.18125,-0.175,-0.170833,-0.15625,-0.147917,-0.135417,-0.125,-0.116667,-0.110417,-0.097917,-0.091667,-0.0875,-0.085417,-0.085417,-0.083333,-0.083333,-0.08125,-0.08125,-0.08125,-0.079167,-0.079167,-0.079167,-0.077083,-0.075,-0.072917,-0.070833,-0.070833,-0.06875,-0.06875,-0.06875,-0.072917,-0.08125,-0.0875,-0.102083,-0.108333,-0.120833,-0.13125,-0.1375,-0.139583,-0.14375,-0.145833,-0.15,-0.152083,-0.152083,-0.152083,-0.15,-0.147917,-0.14375,-0.14375,-0.14375,-0.14375,-0.14375,-0.14375,-0.141667,-0.133333,-0.125,-0.11875,-0.104167,-0.09375,-0.06875,-0.033333,-0.0125,0.033333,0.075,0.108333,0.125,0.158333,0.175,0.204167,0.227083,0.241667,0.247917,0.254167,0.258333,0.258333,0.258333,0.254167,0.25,0.235417,0.225,0.195833,0.1625,0.133333,0.120833,0.095833,0.0875,0.070833,0.058333,0.047917,0.045833,0.039583,0.0375,0.035417,0.033333,0.033333,0.033333,0.033333,0.03125,0.027083]","[-0.001778,-0.001778,-0.001778,-0.001778,-0.001778,-0.001778,-0.001778,-0.001778,-0.001778,-0.001778,-0.001778,-0.001778,-0.001778,-0.001778,-0.001778,-0.001778,-0.001778,-0.001778,-0.001778,-0.001778,-0.001778,-0.001778,-0.001778,-0.001778,-0.001778,-0.001778,-0.001778,-0.001778,-0.001778,-0.004889,-0.004889,-0.004889,-0.004889,-0.004889,-0.004889,-0.004889,-0.004889,-0.004889,-0.004889,-0.004889,-0.004889,-0.004889,-0.004889,-0.004889,-0.004889,-0.004889,-0.004889,-0.004889,-0.008,-0.020444,-0.036,-0.042222,-0.054667,-0.067111,-0.073333,-0.085778,-0.101333,-0.110667,-0.123111,-0.135556,-0.144889,-0.160444,-0.179111,-0.188444,-0.197778,-0.204,-0.204,-0.204,-0.200889,-0.200889,-0.197778,-0.194667,-0.191556,-0.188444,-0.185333,-0.182222,-0.182222,-0.182222,-0.182222,-0.179111,-0.172889,-0.166667,-0.138667,-0.104444,-0.088889,-0.060889,-0.032889,-0.014222,0.026222,0.072889,0.094667,0.132,0.163111,0.172444,0.191111,0.203556,0.209778,0.219111,0.225333,0.225333,0.225333,0.225333,0.225333,0.222222,0.219111,0.216,0.216,0.212889,0.212889,0.212889,0.212889,0.212889,0.212889,0.212889,0.212889,0.212889,0.216,0.222222,0.240889,0.268889,0.287556,0.334222,0.362222,0.415111,0.468,0.520889,0.545778,0.589333,0.611111,0.642222,0.670222,0.695111,0.707556,0.726222,0.735556,0.748,0.757333,0.766667,0.772889,0.782222,0.788444,0.797778,0.804,0.807111,0.807111,0.810222,0.810222,0.819556,0.835111,0.86,0.875556,0.903556,0.916,0.940889,0.959556,0.978222,0.984444,1,1.003111,1.015556,1.021778,1.021778,1.021778,1.021778,1.021778,1.021778,1.021778,1.021778,1.021778,1.021778,1.021778,1.021778,1.015556,1,0.984444,0.947111,0.925333,0.872444,0.807111,0.772889,0.701333,0.629778,0.558222,0.527111,0.464889,0.436889,0.377778,0.324889,0.284444,0.272,0.250222,0.244,0.237778,0.237778,0.231556,0.228444,0.216,0.209778,0.194222,0.184889,0.181778,0.178667,0.172444,0.166222,0.156889,0.147556,0.138222,0.128889,0.116444,0.110222,0.100889,0.094667,0.085333,0.076,0.054222,0.041778,0.016889]","[0.0002,0.0169,0.0334,0.0505,0.0666,0.0834,0.1003,0.1171,0.1342,0.1501,0.1669,0.1834,0.2005,0.2173,0.2334,0.2506,0.2666,0.2836,0.3006,0.3177,0.3338,0.3508,0.3669,0.3839,0.4008,0.4171,0.4343,0.4505,0.4673,0.4843,0.5004,0.5176,0.5336,0.5508,0.5671,0.5843,0.6007,0.6177,0.6338,0.6508,0.6681,0.6843,0.7004,0.7176,0.7338,0.7511,0.7672,0.7844,0.8005,0.8177,0.8339,0.8508,0.8679,0.8847,0.9007,0.9179,0.9339,0.9512,0.9687,0.9839,1.0009,1.0181,1.0343,1.0515,1.0678,1.085,1.1012,1.1183,1.1346,1.1514,1.1675,1.1845,1.2017,1.2179,1.235,1.2513,1.2683,1.2843,1.3031,1.3182,1.3342,1.3512,1.3681,1.3851,1.4014,1.4185,1.4401,1.4512,1.4678,1.4847,1.5011,1.5184,1.5344,1.5514,1.5686,1.5846,1.6016,1.6177,1.6347,1.6516,1.6679,1.6852,1.7013,1.7184,1.7344,1.7513,1.7683,1.7855,1.8016,1.8186,1.8345,1.8514,1.8682,1.8853,1.9012,1.9183,1.9353,1.9524,1.9683,1.9852,2.0022,2.018,2.0349,2.0518,2.0689,2.0851,2.1023,2.1184,2.1356,2.1518,2.169,2.1851,2.202,2.2182,2.2358,2.2518,2.269,2.2852,2.3025,2.3186,2.3354,2.3524,2.3686,2.3858,2.4017,2.4187,2.4356,2.4527,2.4688,2.4858,2.5018,2.5189,2.5351,2.5523,2.5695,2.5856,2.6027,2.6186,2.6355,2.6527,2.669,2.6861,2.7021,2.7191,2.7352,2.7525,2.7685,2.7856,2.802,2.819,2.8354,2.8526,2.8687,2.886,2.9022,2.9194,2.9355,2.9524,2.9694,2.9854,3.0025,3.0193,3.0363,3.0524,3.0695,3.0857,3.1029,3.1191,3.1362,3.1523,3.1693,3.1865,3.2029,3.2189,3.2358,3.2528,3.269,3.2862,3.3032,3.3192,3.3363,3.3524,3.3696,3.3856,3.4026,3.4195,3.4366,3.4528,3.47,3.486,3.5032,3.5214,3.5367,3.5527,3.5701,3.5861,3.6031]","[1,1,1,1,1,1,1,1,1,1,1,1,1,1,1,1,1,1,1,1,1,1,1,1,1,1,1,1,1,1,1,1,1,1,1,1,1,1,1,1,1,1,1,1,1,1,1,1,1,1,1,1,1,1,1,1,1,1,1,1,1,1,1,1,1,1,1,1,1,1,1,1,1,1,1,1,1,1,1,1,1,1,1,1,1,1,1,1,1,1,1,1,1,1,1,1,1,1,1,1,1,1,1,1,1,1,1,1,1,1,1,1,1,1,1,1,1,1,1,1,1,1,1,1,1,1,1,1,1,1,1,1,1,1,1,1,1,1,1,1,1,1,1,1,1,1,1,1,1,1,1,1,1,1,2,2,2,2,2,2,2,2,2,2,2,2,2,2,2,2,2,2,2,2,2,2,2,2,2,2,2,2,2,2,2,2,2,2,2,2,2,2,2,2,2,2,2,2,2,2,2,2,2,2,2,2,2,2,2,2,2,2,2,2,2,2,2]",100,715.3165,4,218,0,218,0,1,229579,4,SV_73ADPjbMtd0KUBg,304,2022-03-02_15h06.07.165,implicit_time,2021.1.4,Linux x86_64,59.95563283
cursorjump,145,0,0,10,NA,0,NA,0,0,0.5,FALSE,rotation,0,"[-0.004167,-0.004167,-0.004167,-0.004167,-0.004167,-0.004167,-0.004167,-0.004167,-0.004167,-0.004167,-0.002083,-0.002083,-0.002083,-0.002083,-0.002083,-0.002083,-0.002083,-0.002083,-0.002083,-0.002083,-0.002083,-0.002083,-0.002083,-0.002083,-0.002083,-0.002083,-0.002083,-0.002083,-0.002083,-0.002083,-0.002083,-0.002083,-0.002083,-0.002083,-0.002083,-0.002083,-0.002083,-0.00625,-0.022917,-0.047917,-0.0625,-0.097917,-0.139583,-0.160417,-0.202083,-0.241667,-0.2625,-0.308333,-0.360417,-0.385417,-0.439583,-0.49375,-0.520833,-0.570833,-0.614583,-0.633333,-0.664583,-0.691667,-0.704167,-0.727083,-0.747917,-0.75625,-0.772917,-0.7875,-0.79375,-0.804167,-0.816667,-0.822917,-0.833333,-0.839583,-0.845833,-0.852083,-0.854167,-0.85625,-0.85625,-0.85625,-0.847917,-0.827083,-0.79375,-0.775,-0.725,-0.695833,-0.629167,-0.560417,-0.491667,-0.458333,-0.395833,-0.366667,-0.308333,-0.25625,-0.20625,-0.185417,-0.147917,-0.133333,-0.114583,-0.102083,-0.09375,-0.091667,-0.085417,-0.083333,-0.08125,-0.079167,-0.079167,-0.079167,-0.079167,-0.079167,-0.079167,-0.077083,-0.06875,-0.060417,-0.04375,-0.025]","[-0.039111,-0.039111,-0.039111,-0.039111,-0.039111,-0.039111,-0.039111,-0.039111,-0.039111,-0.036,-0.036,-0.036,-0.036,-0.036,-0.036,-0.036,-0.036,-0.036,-0.036,-0.036,-0.036,-0.036,-0.036,-0.036,-0.036,-0.036,-0.036,-0.036,-0.036,-0.036,-0.036,-0.036,-0.036,-0.036,-0.036,-0.036,-0.036,-0.032889,-0.026667,-0.008,0.004444,0.035556,0.069778,0.088444,0.135111,0.184889,0.206667,0.250222,0.284444,0.303111,0.334222,0.371556,0.387111,0.421333,0.452444,0.468,0.496,0.520889,0.530222,0.548889,0.561333,0.570667,0.58,0.592444,0.598667,0.611111,0.626667,0.636,0.648444,0.654667,0.667111,0.679556,0.688889,0.692,0.692,0.692,0.692,0.685778,0.670222,0.660889,0.629778,0.614222,0.58,0.542667,0.502222,0.483556,0.436889,0.412,0.362222,0.309333,0.259556,0.237778,0.194222,0.175556,0.147556,0.128889,0.116444,0.110222,0.100889,0.094667,0.091556,0.088444,0.088444,0.088444,0.088444,0.088444,0.088444,0.082222,0.069778,0.060444,0.038667,0.013778]","[0.0002,0.0163,0.0337,0.0497,0.067,0.084,0.1002,0.1175,0.1337,0.1499,0.167,0.1841,0.2002,0.2174,0.2335,0.2503,0.2672,0.2834,0.3005,0.3167,0.3339,0.3501,0.3672,0.3836,0.4008,0.4169,0.4342,0.4503,0.4675,0.4836,0.5007,0.5166,0.5337,0.5505,0.5677,0.5838,0.601,0.617,0.6338,0.6508,0.6669,0.6842,0.7005,0.7175,0.7336,0.7505,0.7678,0.784,0.8006,0.8178,0.8339,0.8512,0.8674,0.8839,0.9011,0.9174,0.9338,0.9508,0.9672,0.9843,1.0064,1.0178,1.0341,1.0507,1.0674,1.0839,1.1011,1.1174,1.1342,1.1508,1.1672,1.1843,1.2008,1.2177,1.2348,1.2508,1.2681,1.2843,1.3008,1.3174,1.3345,1.3513,1.3675,1.3848,1.401,1.4179,1.4344,1.451,1.4676,1.4847,1.5008,1.5181,1.5342,1.5512,1.5684,1.5847,1.6019,1.6182,1.6343,1.6515,1.6683,1.6844,1.7016,1.7184,1.7343,1.7512,1.7682,1.7851,1.8013,1.8184,1.8346,1.8519]","[1,1,1,1,1,1,1,1,1,1,1,1,1,1,1,1,1,1,1,1,1,1,1,1,1,1,1,1,1,1,1,1,1,1,1,1,1,1,1,1,1,1,1,1,1,1,1,1,1,1,1,1,1,1,1,1,1,1,1,1,1,1,2,2,2,2,2,2,2,2,2,2,2,2,2,2,2,2,2,2,2,2,2,2,2,2,2,2,2,2,2,2,2,2,2,2,2,2,2,2,2,2,2,2,2,2,2,2,2,2,2,2]",100,717.6846,4,219,0,219,0,1,229579,4,SV_73ADPjbMtd0KUBg,304,2022-03-02_15h06.07.165,implicit_time,2021.1.4,Linux x86_64,59.95563283
cursorjump,45,45,0.5,10,NA,0,NA,0,1,0.5,FALSE,rotation,1,"[0.002083,0.002083,0.002083,0.002083,0.002083,0.002083,0.002083,0.002083,0.002083,0.002083,0.002083,0.002083,0.002083,0.002083,0.002083,0.002083,0.002083,0.002083,0.002083,0.002083,0.002083,0.002083,0.002083,0.002083,0.002083,0.002083,0.002083,0.002083,0.002083,0.002083,0.002083,0.002083,0.002083,0.002083,0.002083,0.002083,0.002083,0.004167,0.004167,0.008333,0.014583,0.03125,0.04375,0.085417,0.1125,0.172917,0.235417,0.295833,0.320833,0.372917,0.4,0.45625,0.514583,0.570833,0.597917,0.645833,0.666667,0.704167,0.727083,0.739583,0.74375,0.745833,0.747917,0.747917,0.747917,0.745833,0.74375,0.741667,0.739583,0.7375,0.735417,0.733333,0.735417,0.74375,0.754167,0.789583,0.829167,0.85,0.885417,0.91875,0.935417,0.972917,1.0125,1.03125,1.064583,1.091667,1.102083,1.1125,1.1125,1.1125,1.1125,1.1125,1.1125,1.1125,1.10625,1.102083,1.08125,1.047917,1.025,0.964583,0.895833,0.858333,0.783333,0.7,0.658333,0.577083,0.495833,0.458333,0.3875,0.322917,0.295833,0.245833,0.20625,0.189583,0.160417,0.1375,0.129167,0.1125,0.104167,0.1,0.09375,0.083333,0.079167,0.06875,0.060417,0.058333,0.052083,0.047917,0.045833,0.039583,0.029167,0.025,0.0125]","[-0.017333,-0.017333,-0.017333,-0.017333,-0.017333,-0.017333,-0.017333,-0.017333,-0.017333,-0.017333,-0.017333,-0.017333,-0.017333,-0.017333,-0.017333,-0.017333,-0.017333,-0.017333,-0.017333,-0.017333,-0.017333,-0.017333,-0.017333,-0.017333,-0.017333,-0.017333,-0.017333,-0.017333,-0.017333,-0.017333,-0.017333,-0.017333,-0.017333,-0.017333,-0.017333,-0.017333,-0.017333,-0.017333,-0.017333,-0.020444,-0.020444,-0.017333,-0.017333,-0.014222,-0.011111,-0.004889,-0.001778,-0.001778,-0.001778,-0.001778,-0.001778,-0.004889,-0.008,-0.004889,-0.004889,0.001333,0.004444,0.007556,0.010667,0.013778,0.013778,0.013778,0.013778,0.013778,0.013778,0.013778,0.013778,0.013778,0.010667,0.007556,0.004444,0.004444,0.001333,0.001333,-0.001778,-0.001778,0.004444,0.007556,0.013778,0.02,0.02,0.023111,0.023111,0.026222,0.026222,0.023111,0.02,0.016889,0.016889,0.016889,0.016889,0.013778,0.010667,0.004444,-0.001778,-0.004889,-0.008,-0.008,-0.008,-0.004889,-0.001778,-0.001778,0.004444,0.013778,0.02,0.026222,0.023111,0.016889,-0.004889,-0.029778,-0.042222,-0.067111,-0.079556,-0.085778,-0.088889,-0.095111,-0.098222,-0.104444,-0.113778,-0.116889,-0.12,-0.116889,-0.113778,-0.107556,-0.098222,-0.095111,-0.082667,-0.073333,-0.067111,-0.054667,-0.042222,-0.036,-0.023556]","[0.0001,0.0169,0.033,0.0519,0.0671,0.0833,0.1005,0.1165,0.1336,0.1505,0.1666,0.1838,0.1999,0.217,0.2339,0.2502,0.2674,0.2835,0.3004,0.3172,0.3332,0.3503,0.3675,0.3836,0.4007,0.4168,0.4337,0.45,0.4668,0.4838,0.5009,0.5167,0.5336,0.5508,0.5669,0.5839,0.5999,0.6173,0.6344,0.6506,0.6668,0.6839,0.7011,0.7172,0.7344,0.7505,0.7674,0.7844,0.8004,0.8173,0.8345,0.8507,0.867,0.8842,0.901,0.917,0.9341,0.9504,0.9676,0.9844,1.0005,1.0176,1.0337,1.051,1.0671,1.0843,1.1011,1.1172,1.1345,1.1507,1.1679,1.1839,1.2009,1.2182,1.2342,1.2515,1.2674,1.2843,1.3012,1.3174,1.3345,1.3508,1.368,1.3842,1.4012,1.4174,1.4341,1.4512,1.4676,1.4845,1.5015,1.5177,1.5349,1.5511,1.5683,1.5842,1.6011,1.6181,1.6342,1.6515,1.6676,1.6846,1.7017,1.7177,1.735,1.7511,1.768,1.785,1.8011,1.8183,1.8346,1.8517,1.8676,1.8845,1.9017,1.9179,1.9351,1.9513,1.9685,1.9844,2.0015,2.0185,2.0347,2.0518,2.068,2.0849,2.1021,2.1183,2.1347,2.152,2.1682,2.185,2.202]","[1,1,1,1,1,1,1,1,1,1,1,1,1,1,1,1,1,1,1,1,1,1,1,1,1,1,1,1,1,1,1,1,1,1,1,1,1,1,1,1,1,1,1,1,1,1,1,1,1,1,1,1,1,1,1,1,1,1,1,1,1,1,1,1,1,1,1,1,1,1,1,1,1,1,1,1,1,1,1,1,1,2,2,2,2,2,2,2,2,2,2,2,2,2,2,2,2,2,2,2,2,2,2,2,2,2,2,2,2,2,2,2,2,2,2,2,2,2,2,2,2,2,2,2,2,2,2,2,2,2,2,2,2]",110,720.4033,4,220,0,220,0,1,229579,4,SV_73ADPjbMtd0KUBg,304,2022-03-02_15h06.07.165,implicit_time,2021.1.4,Linux x86_64,59.95563283
cursorjump,35,0,0,10,NA,0,NA,0,0,0.5,FALSE,rotation,0,"[0.00625,0.010417,0.0125,0.016667,0.01875,0.020833,0.022917,0.025,0.027083,0.027083,0.029167,0.03125,0.03125,0.033333,0.035417,0.035417,0.0375,0.0375,0.0375,0.0375,0.0375,0.0375,0.0375,0.0375,0.0375,0.0375,0.0375,0.0375,0.0375,0.039583,0.04375,0.05625,0.08125,0.120833,0.14375,0.197917,0.227083,0.289583,0.360417,0.429167,0.4625,0.525,0.554167,0.614583,0.66875,0.69375,0.73125,0.764583,0.779167,0.804167,0.827083,0.839583,0.860417,0.875,0.88125,0.89375,0.908333,0.916667,0.935417,0.947917,0.947917,0.947917,0.947917,0.947917,0.947917,0.947917,0.947917,0.941667,0.929167,0.916667,0.88125,0.829167,0.772917,0.741667,0.677083,0.641667,0.570833,0.50625,0.477083,0.422917,0.370833,0.345833,0.302083,0.264583,0.252083,0.227083,0.20625,0.195833,0.18125,0.172917,0.16875,0.166667,0.164583,0.164583,0.164583,0.164583,0.160417,0.158333,0.147917,0.139583,0.125,0.110417,0.095833,0.089583,0.075,0.06875,0.060417,0.05625,0.05625,0.05625,0.058333,0.058333,0.058333,0.058333,0.058333,0.060417,0.058333,0.05625,0.05,0.04375,0.039583]","[0.001333,0.004444,0.004444,0.007556,0.007556,0.010667,0.010667,0.010667,0.013778,0.013778,0.013778,0.013778,0.013778,0.016889,0.016889,0.016889,0.016889,0.016889,0.016889,0.016889,0.016889,0.016889,0.016889,0.016889,0.016889,0.016889,0.016889,0.016889,0.016889,0.02,0.02,0.026222,0.038667,0.060444,0.072889,0.104,0.122667,0.166222,0.212889,0.256444,0.275111,0.312444,0.328,0.356,0.380889,0.393333,0.412,0.427556,0.436889,0.449333,0.461778,0.468,0.477333,0.483556,0.486667,0.492889,0.499111,0.502222,0.511556,0.517778,0.517778,0.517778,0.520889,0.520889,0.520889,0.520889,0.520889,0.520889,0.514667,0.511556,0.492889,0.471111,0.44,0.424444,0.384,0.362222,0.315556,0.275111,0.256444,0.225333,0.194222,0.181778,0.156889,0.135111,0.125778,0.110222,0.094667,0.088444,0.079111,0.072889,0.069778,0.066667,0.066667,0.066667,0.066667,0.066667,0.066667,0.063556,0.060444,0.057333,0.048,0.041778,0.032444,0.026222,0.016889,0.013778,0.010667,0.007556,0.007556,0.007556,0.007556,0.010667,0.010667,0.010667,0.010667,0.010667,0.010667,0.007556,0.004444,0.001333,-0.001778]","[0.0002,0.0162,0.0331,0.0494,0.0666,0.0829,0.0993,0.1163,0.1325,0.1498,0.1663,0.1834,0.1995,0.2163,0.2332,0.2496,0.2663,0.2834,0.2996,0.3163,0.3332,0.3495,0.3663,0.383,0.4001,0.4165,0.433,0.4499,0.4664,0.4834,0.4999,0.5167,0.5332,0.55,0.5665,0.5833,0.5998,0.6167,0.6333,0.65,0.6667,0.6835,0.7,0.7169,0.7336,0.7501,0.7669,0.7836,0.8002,0.8171,0.8336,0.8503,0.8671,0.8837,0.9003,0.9168,0.9336,0.9506,0.9669,0.984,1,1.0172,1.0337,1.0505,1.0667,1.0838,1.1001,1.1173,1.1337,1.1504,1.1675,1.1837,1.2009,1.2173,1.2341,1.2509,1.2676,1.284,1.3005,1.3175,1.3341,1.3508,1.3675,1.3839,1.4006,1.4175,1.4342,1.451,1.4673,1.4839,1.5008,1.5173,1.5339,1.5507,1.5672,1.5839,1.6009,1.6177,1.6341,1.6511,1.6675,1.684,1.7009,1.718,1.7343,1.7511,1.7677,1.7843,1.801,1.8179,1.8346,1.8511,1.8677,1.8843,1.9011,1.918,1.9347,1.9512,1.9681,1.9848,2.0013]","[1,1,1,1,1,1,1,1,1,1,1,1,1,1,1,1,1,1,1,1,1,1,1,1,1,1,1,1,1,1,1,1,1,1,1,1,1,1,1,1,1,1,1,1,1,1,1,1,1,1,1,2,2,2,2,2,2,2,2,2,2,2,2,2,2,2,2,2,2,2,2,2,2,2,2,2,2,2,2,2,2,2,2,2,2,2,2,2,2,2,2,2,2,2,2,2,2,2,2,2,2,2,2,2,2,2,2,2,2,2,2,2,2,2,2,2,2,2,2,2,2]",110,722.9219,4,221,0,221,0,1,229579,4,SV_73ADPjbMtd0KUBg,304,2022-03-02_15h06.07.165,implicit_time,2021.1.4,Linux x86_64,59.95563283
cursorjump,315,45,0.5,10,NA,0,NA,0,1,0.5,FALSE,rotation,1,"[0.027083,0.027083,0.027083,0.027083,0.027083,0.027083,0.025,0.022917,0.020833,0.014583,0.008333,0.00625,0.002083,0.002083,0.002083,0.002083,0.002083,0.002083,0.002083,0.002083,0.002083,0.002083,0.002083,0.002083,0.002083,0.002083,0.002083,0.002083,0.002083,0.002083,0.002083,0.002083,0.002083,0.002083,0.002083,0.002083,0.002083,0.002083,0.002083,0.002083,0.002083,0.002083,0.002083,0.002083,0.002083,0.002083,0.002083,0.002083,0.004167,0.004167,0.008333,0.0125,0.010417,0.00625,-0.00625,-0.010417,-0.01875,-0.020833,-0.027083,-0.03125,-0.045833,-0.052083,-0.066667,-0.079167,-0.085417,-0.089583,-0.095833,-0.1,-0.10625,-0.1125,-0.11875,-0.120833,-0.129167,-0.135417,-0.14375,-0.154167,-0.160417,-0.164583,-0.16875,-0.16875,-0.170833,-0.170833,-0.170833,-0.170833,-0.16875,-0.16875,-0.16875,-0.166667,-0.164583,-0.166667,-0.175,-0.183333,-0.202083,-0.21875,-0.227083,-0.233333,-0.24375,-0.247917,-0.247917,-0.239583,-0.233333,-0.225,-0.222917,-0.222917,-0.222917,-0.222917,-0.222917,-0.222917,-0.225,-0.225,-0.225,-0.225,-0.225,-0.222917,-0.216667,-0.208333,-0.202083,-0.185417,-0.177083,-0.164583,-0.154167,-0.15,-0.139583,-0.129167,-0.125,-0.116667,-0.10625,-0.097917,-0.091667,-0.083333,-0.079167,-0.06875,-0.0625,-0.05625,-0.054167,-0.054167,-0.054167,-0.054167,-0.052083,-0.052083,-0.052083,-0.052083,-0.052083,-0.052083,-0.045833,-0.04375,-0.035417,-0.03125]","[-0.011111,-0.011111,-0.011111,-0.011111,-0.011111,-0.011111,-0.011111,-0.011111,-0.011111,-0.011111,-0.011111,-0.011111,-0.011111,-0.011111,-0.011111,-0.014222,-0.014222,-0.014222,-0.014222,-0.014222,-0.014222,-0.014222,-0.014222,-0.014222,-0.014222,-0.014222,-0.014222,-0.014222,-0.014222,-0.014222,-0.014222,-0.011111,-0.011111,-0.011111,-0.011111,-0.011111,-0.011111,-0.011111,-0.011111,-0.011111,-0.011111,-0.011111,-0.011111,-0.011111,-0.011111,-0.014222,-0.014222,-0.014222,-0.017333,-0.023556,-0.042222,-0.079556,-0.129333,-0.157333,-0.222667,-0.26,-0.337778,-0.412444,-0.474667,-0.502667,-0.555556,-0.580444,-0.630222,-0.683111,-0.732889,-0.757778,-0.807556,-0.832444,-0.882222,-0.928889,-0.972444,-0.991111,-1.025333,-1.037778,-1.056444,-1.068889,-1.078222,-1.084444,-1.087556,-1.090667,-1.090667,-1.090667,-1.090667,-1.090667,-1.090667,-1.090667,-1.087556,-1.084444,-1.081333,-1.078222,-1.062667,-1.050222,-1.016,-0.966222,-0.904,-0.869778,-0.782667,-0.736,-0.639556,-0.555556,-0.518222,-0.446667,-0.378222,-0.347111,-0.294222,-0.256889,-0.241333,-0.216444,-0.188444,-0.172889,-0.144889,-0.12,-0.113778,-0.098222,-0.085778,-0.060889,-0.042222,-0.014222,-0.001778,0.007556,0.007556,0.007556,-0.001778,-0.014222,-0.020444,-0.039111,-0.054667,-0.060889,-0.064,-0.064,-0.060889,-0.057778,-0.051556,-0.045333,-0.045333,-0.042222,-0.042222,-0.042222,-0.042222,-0.042222,-0.042222,-0.042222,-0.042222,-0.042222,-0.036,-0.032889,-0.029778,-0.023556]","[0.0003,0.0164,0.0329,0.05,0.0668,0.0834,0.099,0.1159,0.1327,0.1495,0.1663,0.1835,0.2002,0.2167,0.2331,0.25,0.2667,0.2833,0.3001,0.3167,0.3328,0.3495,0.3668,0.3832,0.4001,0.416,0.4337,0.4501,0.467,0.4839,0.4992,0.517,0.5336,0.5503,0.567,0.5839,0.6004,0.6165,0.6335,0.6503,0.6671,0.6839,0.7004,0.7172,0.7337,0.7505,0.7672,0.7839,0.7998,0.8162,0.834,0.8509,0.8673,0.8831,0.8999,0.9167,0.9336,0.9508,0.9665,0.9836,1,1.0166,1.0331,1.0502,1.0672,1.0844,1.0999,1.1171,1.134,1.151,1.1668,1.1837,1.2005,1.2171,1.2338,1.2504,1.2674,1.2843,1.3002,1.3169,1.3336,1.3503,1.3669,1.3837,1.4002,1.4165,1.4336,1.4505,1.4672,1.4838,1.5008,1.5173,1.5341,1.5504,1.5673,1.5842,1.6007,1.6176,1.6344,1.6505,1.6671,1.6838,1.7005,1.7177,1.7337,1.7508,1.7673,1.7838,1.8005,1.8173,1.8342,1.8508,1.8675,1.884,1.9008,1.9181,1.9344,1.9508,1.9676,1.9841,2.0007,2.0175,2.0343,2.0517,2.0673,2.0842,2.1013,2.1182,2.1341,2.1513,2.1679,2.1846,2.2013,2.2183,2.2341,2.2512,2.2681,2.2847,2.3007,2.3178,2.3347,2.3507,2.3675,2.3841,2.4013,2.4181,2.434,2.4511]","[1,1,1,1,1,1,1,1,1,1,1,1,1,1,1,1,1,1,1,1,1,1,1,1,1,1,1,1,1,1,1,1,1,1,1,1,1,1,1,1,1,1,1,1,1,1,1,1,1,1,1,1,1,1,1,1,1,1,1,1,1,1,1,1,1,1,1,1,1,1,2,2,2,2,2,2,2,2,2,2,2,2,2,2,2,2,2,2,2,2,2,2,2,2,2,2,2,2,2,2,2,2,2,2,2,2,2,2,2,2,2,2,2,2,2,2,2,2,2,2,2,2,2,2,2,2,2,2,2,2,2,2,2,2,2,2,2,2,2,2,2,2,2,2,2,2,2,2]",120,725.8909,4,222,0,222,0,1,229579,4,SV_73ADPjbMtd0KUBg,304,2022-03-02_15h06.07.165,implicit_time,2021.1.4,Linux x86_64,59.95563283
cursorjump,325,0,0,10,NA,0,NA,0,0,0.5,FALSE,rotation,0,"[0.00625,0.004167,0.004167,0.004167,0.004167,0.004167,0.004167,0.004167,0.004167,0.004167,0.004167,0.004167,0.004167,0.004167,0.004167,0.004167,0.004167,0.004167,0.004167,0.004167,0.004167,0.004167,0.004167,0.004167,0.004167,0.004167,0.004167,0.004167,0.004167,0.004167,0.004167,0.004167,0.004167,0.004167,0.004167,0.004167,0.00625,0.0125,0.01875,0.047917,0.09375,0.152083,0.185417,0.25625,0.333333,0.370833,0.44375,0.502083,0.525,0.564583,0.595833,0.608333,0.629167,0.647917,0.658333,0.675,0.68125,0.695833,0.704167,0.7125,0.71875,0.735417,0.754167,0.764583,0.779167,0.783333,0.79375,0.808333,0.822917,0.829167,0.833333,0.83125,0.8125,0.775,0.722917,0.69375,0.625,0.589583,0.508333,0.43125,0.360417,0.329167,0.277083,0.254167,0.2125,0.177083,0.145833,0.13125,0.102083,0.089583,0.06875,0.054167,0.045833,0.041667,0.039583,0.0375,0.0375,0.0375,0.0375,0.035417,0.033333,0.029167,0.025,0.01875,0.014583,0.0125,0.010417,0.010417,0.00625]","[0.016889,0.016889,0.016889,0.016889,0.016889,0.016889,0.016889,0.016889,0.016889,0.016889,0.016889,0.016889,0.016889,0.016889,0.016889,0.016889,0.016889,0.016889,0.016889,0.016889,0.016889,0.016889,0.016889,0.016889,0.016889,0.016889,0.016889,0.016889,0.016889,0.016889,0.016889,0.016889,0.016889,0.016889,0.016889,0.016889,0.013778,0.013778,0.010667,-0.001778,-0.026667,-0.067111,-0.092,-0.151111,-0.219556,-0.253778,-0.325333,-0.387556,-0.412444,-0.452889,-0.490222,-0.505778,-0.533778,-0.558667,-0.574222,-0.599111,-0.608444,-0.624,-0.633333,-0.642667,-0.645778,-0.661333,-0.68,-0.686222,-0.701778,-0.708,-0.720444,-0.736,-0.751556,-0.757778,-0.760889,-0.760889,-0.754667,-0.732889,-0.698667,-0.676889,-0.617778,-0.583556,-0.499556,-0.406222,-0.309778,-0.263111,-0.179111,-0.141778,-0.085778,-0.042222,-0.008,0.007556,0.035556,0.048,0.066667,0.082222,0.094667,0.097778,0.104,0.107111,0.107111,0.110222,0.110222,0.110222,0.110222,0.107111,0.097778,0.082222,0.069778,0.063556,0.051111,0.048,0.038667]","[0.0006,0.0167,0.0328,0.0503,0.0661,0.0829,0.0993,0.1162,0.1328,0.1497,0.1665,0.1832,0.1994,0.2167,0.2332,0.2501,0.2658,0.2836,0.2992,0.316,0.3328,0.3496,0.367,0.3831,0.3995,0.4165,0.4334,0.4503,0.4672,0.4831,0.4999,0.5165,0.5332,0.5497,0.5673,0.5829,0.6,0.6167,0.6334,0.6501,0.6669,0.6841,0.6998,0.7169,0.7339,0.7505,0.7671,0.7839,0.8003,0.8172,0.834,0.8504,0.867,0.884,0.9005,0.9175,0.9332,0.9506,0.9673,0.9842,1.0009,1.0168,1.0336,1.0507,1.0676,1.0838,1.1009,1.1169,1.134,1.1507,1.1676,1.1837,1.2009,1.2169,1.234,1.2509,1.2679,1.2841,1.3,1.318,1.334,1.3508,1.368,1.3842,1.4012,1.4171,1.4341,1.4511,1.4677,1.4844,1.5003,1.5173,1.5341,1.5511,1.5679,1.5839,1.6012,1.617,1.6343,1.6512,1.6673,1.6845,1.701,1.7179,1.7346,1.7515,1.7673,1.7844,1.8015]","[1,1,1,1,1,1,1,1,1,1,1,1,1,1,1,1,1,1,1,1,1,1,1,1,1,1,1,1,1,1,1,1,1,1,1,1,1,1,1,1,1,1,1,1,1,1,1,1,1,1,1,1,1,1,1,1,1,1,1,2,2,2,2,2,2,2,2,2,2,2,2,2,2,2,2,2,2,2,2,2,2,2,2,2,2,2,2,2,2,2,2,2,2,2,2,2,2,2,2,2,2,2,2,2,2,2,2,2,2]",120,728.2099,4,223,0,223,0,1,229579,4,SV_73ADPjbMtd0KUBg,304,2022-03-02_15h06.07.165,implicit_time,2021.1.4,Linux x86_64,59.95563283
cursorjump,45,45,0.5,10,15,135,179,1,1,0.5,FALSE,rotation,1,"[-0.008333,-0.008333,-0.008333,-0.008333,-0.008333,-0.008333,-0.008333,-0.008333,-0.008333,-0.008333,-0.008333,-0.008333,-0.008333,-0.008333,-0.008333,-0.008333,-0.008333,-0.008333,-0.008333,-0.008333,-0.008333,-0.008333,-0.008333,-0.008333,-0.008333,-0.008333,-0.008333,-0.008333,-0.008333,-0.008333,-0.008333,-0.008333,-0.008333,-0.008333,-0.008333,-0.008333,-0.008333,-0.008333,-0.008333,-0.008333,-0.008333,-0.008333,-0.008333,-0.008333,-0.008333,-0.00625,-0.004167,-0.002083,-0.002083,-0.002083,-0.002083,-0.002083,-0.002083,-0.002083,-0.002083,-0.002083,-0.002083,-0.002083,-0.002083,-0.002083,-0.002083,-0.002083,-0.002083,-0.002083,-0.002083,-0.002083,-0.002083,0,0,0.002083,0.00625,0.00625,0.008333,0.008333,0.008333,0.008333,0.008333,0.008333,0.008333,0.008333,0.008333,0.008333,0.008333,0.008333,0.00625,0.00625,0.008333,0.00625,0.00625,0.00625,0.00625,0.008333,0.008333,0.008333,0.008333,0.010417,0.010417,0.010417,0.010417,0.010417,0.016667,0.020833,0.041667,0.058333,0.104167,0.160417,0.222917,0.258333,0.333333,0.372917,0.45625,0.535417,0.604167,0.635417,0.691667,0.716667,0.766667,0.810417,0.85,0.866667,0.89375,0.90625,0.9375,0.977083,1.014583,1.03125,1.047917,1.05625,1.05625,1.05625,1.05625,1.05625,1.05625,1.05625,1.054167,1.054167,1.05625,1.058333,1.066667,1.072917,1.075,1.075,1.075,1.070833,1.05,1.014583,0.99375,0.94375,0.916667,0.860417,0.797917,0.764583,0.6875,0.614583,0.579167,0.514583,0.45625,0.4,0.372917,0.325,0.304167,0.275,0.25,0.239583,0.216667,0.195833,0.1875,0.170833,0.158333,0.145833,0.141667,0.1375,0.1375,0.139583,0.139583,0.133333,0.127083,0.116667,0.110417,0.097917,0.085417,0.075,0.06875,0.0625,0.0625,0.058333,0.05625,0.054167,0.052083,0.047917,0.045833,0.04375,0.041667,0.039583,0.039583,0.0375,0.035417,0.033333]","[-0.004889,-0.004889,-0.004889,-0.004889,-0.004889,-0.004889,-0.004889,-0.004889,-0.004889,-0.004889,-0.004889,-0.004889,-0.004889,-0.004889,-0.004889,-0.004889,-0.004889,-0.004889,-0.004889,-0.004889,-0.004889,-0.004889,-0.004889,-0.004889,-0.004889,-0.004889,-0.004889,-0.004889,-0.004889,-0.004889,-0.004889,-0.004889,-0.004889,-0.004889,-0.004889,-0.004889,-0.004889,-0.004889,-0.004889,-0.004889,-0.004889,-0.004889,-0.004889,-0.004889,-0.004889,-0.004889,-0.004889,-0.004889,-0.008,-0.008,-0.008,-0.008,-0.008,-0.008,-0.008,-0.008,-0.008,-0.008,-0.008,-0.008,-0.008,-0.008,-0.008,-0.008,-0.008,-0.008,-0.008,-0.008,-0.008,-0.008,-0.008,-0.008,-0.008,-0.008,-0.008,-0.008,-0.008,-0.008,-0.008,-0.008,-0.008,-0.008,-0.008,-0.008,-0.008,-0.008,-0.008,-0.008,-0.008,-0.008,-0.008,-0.011111,-0.011111,-0.011111,-0.011111,-0.011111,-0.011111,-0.011111,-0.011111,-0.011111,-0.011111,-0.011111,-0.011111,-0.008,0.001333,0.010667,0.016889,0.023111,0.029333,0.032444,0.038667,0.044889,0.048,0.051111,0.060444,0.066667,0.082222,0.094667,0.110222,0.113333,0.122667,0.128889,0.138222,0.153778,0.163111,0.166222,0.169333,0.169333,0.169333,0.169333,0.169333,0.169333,0.169333,0.166222,0.163111,0.156889,0.150667,0.147556,0.141333,0.138222,0.138222,0.138222,0.138222,0.138222,0.141333,0.138222,0.135111,0.122667,0.110222,0.082222,0.041778,0.02,-0.026667,-0.067111,-0.082667,-0.113778,-0.148,-0.182222,-0.197778,-0.225778,-0.235111,-0.247556,-0.26,-0.266222,-0.275556,-0.278667,-0.278667,-0.275556,-0.272444,-0.269333,-0.266222,-0.247556,-0.238222,-0.210222,-0.185333,-0.169778,-0.163556,-0.148,-0.141778,-0.126222,-0.110667,-0.098222,-0.095111,-0.082667,-0.076444,-0.057778,-0.045333,-0.036,-0.036,-0.032889,-0.029778,-0.029778,-0.026667,-0.026667,-0.026667,-0.026667,-0.023556,-0.023556]","[0.0009,0.0166,0.0324,0.0494,0.0667,0.0828,0.0999,0.1161,0.1331,0.1493,0.1661,0.1831,0.1996,0.2167,0.2325,0.2497,0.2667,0.2829,0.3,0.3161,0.3328,0.3498,0.3667,0.3828,0.3999,0.4163,0.4331,0.45,0.467,0.4829,0.5002,0.5162,0.5333,0.5495,0.5668,0.5831,0.6002,0.6162,0.6331,0.6501,0.667,0.6829,0.7002,0.7173,0.7334,0.7504,0.7665,0.7836,0.8006,0.8165,0.8336,0.8499,0.867,0.884,0.9002,0.9174,0.9335,0.9501,0.9672,0.9841,1.0002,1.017,1.034,1.05,1.067,1.0842,1.1003,1.1175,1.1335,1.1505,1.1676,1.1837,1.2006,1.2174,1.2336,1.2508,1.2669,1.284,1.3002,1.3175,1.3338,1.351,1.3672,1.3843,1.4004,1.4174,1.4336,1.4507,1.4677,1.4838,1.5007,1.5176,1.5338,1.5509,1.5678,1.5837,1.6006,1.6176,1.6346,1.6507,1.6678,1.6839,1.7008,1.7178,1.7339,1.7511,1.7673,1.7843,1.8006,1.8179,1.834,1.8511,1.868,1.8842,1.9012,1.9174,1.9341,1.9512,1.9674,1.9846,2.0016,2.0177,2.0349,2.051,2.068,2.0849,2.1009,2.118,2.1342,2.1514,2.1675,2.1843,2.2013,2.2182,2.2344,2.2514,2.2676,2.2848,2.301,2.3181,2.3352,2.3514,2.3685,2.3843,2.4012,2.4183,2.4345,2.4515,2.4676,2.4847,2.5017,2.5179,2.5351,2.5513,2.5685,2.5843,2.6013,2.6185,2.6347,2.6518,2.6679,2.6847,2.7017,2.7179,2.7352,2.7512,2.7681,2.7852,2.8013,2.8186,2.8346,2.8515,2.8684,2.8855,2.9014,2.9184,2.9356,2.9516,2.9686,2.9858,3.0019,3.019,3.0351,3.0522,3.0681,3.0855,3.1016,3.1189,3.135,3.1522,3.1684,3.1856,3.2018,3.219,3.2351,3.2523,3.2685,3.2856]","[1,1,1,1,1,1,1,1,1,1,1,1,1,1,1,1,1,1,1,1,1,1,1,1,1,1,1,1,1,1,1,1,1,1,1,1,1,1,1,1,1,1,1,1,1,1,1,1,1,1,1,1,1,1,1,1,1,1,1,1,1,1,1,1,1,1,1,1,1,1,1,1,1,1,1,1,1,1,1,1,1,1,1,1,1,1,1,1,1,1,1,1,1,1,1,1,1,1,1,1,1,1,1,1,1,1,1,1,1,1,1,1,1,1,1,1,1,1,1,1,1,1,1,2,2,2,2,2,2,2,2,2,2,2,2,2,2,2,2,2,2,2,2,2,2,2,2,2,2,2,2,2,2,2,2,2,2,2,2,2,2,2,2,2,2,2,2,2,2,2,2,2,2,2,2,2,2,2,2,2,2,2,2,2,2,2,2,2,2,2,2,2,2,2,2,2,2,2]",120,751.3099,4,224,0,224,0,1,229579,4,SV_73ADPjbMtd0KUBg,304,2022-03-02_15h06.07.165,implicit_time,2021.1.4,Linux x86_64,59.95563283
cursorjump,55,0,0,10,NA,0,NA,0,0,0.5,FALSE,rotation,0,"[0,0,0,0,0,0,0,0,0,0,0,0,0,0,0,0,0,0,0,0,0,0,0,0,0,0,0,0,0,0,0,0.002083,0.00625,0.020833,0.033333,0.064583,0.10625,0.129167,0.185417,0.247917,0.28125,0.35,0.41875,0.452083,0.520833,0.5875,0.61875,0.672917,0.720833,0.74375,0.7875,0.820833,0.83125,0.839583,0.839583,0.839583,0.839583,0.839583,0.839583,0.835417,0.822917,0.8125,0.785417,0.766667,0.722917,0.666667,0.595833,0.558333,0.483333,0.447917,0.383333,0.325,0.270833,0.24375,0.19375,0.172917,0.135417,0.104167,0.075,0.060417,0.035417]","[-0.011111,-0.011111,-0.011111,-0.011111,-0.011111,-0.011111,-0.011111,-0.011111,-0.011111,-0.011111,-0.011111,-0.011111,-0.011111,-0.011111,-0.014222,-0.014222,-0.014222,-0.014222,-0.014222,-0.014222,-0.011111,-0.011111,-0.011111,-0.011111,-0.011111,-0.011111,-0.011111,-0.011111,-0.011111,-0.011111,-0.011111,-0.011111,-0.011111,0.001333,0.010667,0.041778,0.088444,0.113333,0.178667,0.247111,0.281333,0.343556,0.402667,0.433778,0.483556,0.527111,0.545778,0.576889,0.601778,0.614222,0.632889,0.651556,0.654667,0.657778,0.657778,0.657778,0.657778,0.657778,0.657778,0.657778,0.657778,0.654667,0.642222,0.632889,0.604889,0.567556,0.511556,0.477333,0.405778,0.371556,0.309333,0.256444,0.206667,0.181778,0.138222,0.122667,0.091556,0.069778,0.044889,0.035556,0.013778]","[0.0001,0.017,0.0332,0.0503,0.0673,0.0835,0.0997,0.1167,0.1331,0.1503,0.1665,0.1836,0.2004,0.2167,0.234,0.2501,0.2671,0.2832,0.3003,0.3173,0.3336,0.3505,0.3667,0.3839,0.4,0.417,0.4337,0.4508,0.467,0.4842,0.5003,0.5174,0.5336,0.5505,0.5677,0.5839,0.6003,0.6174,0.6336,0.6507,0.6672,0.6837,0.7009,0.7173,0.7336,0.7509,0.7673,0.7844,0.8005,0.8174,0.8339,0.8505,0.8672,0.8838,0.9011,0.9174,0.9346,0.9507,0.9672,0.9844,1.0005,1.0174,1.0341,1.0508,1.0672,1.0845,1.1008,1.1179,1.134,1.1512,1.1675,1.1841,1.2007,1.2179,1.2349,1.2511,1.2683,1.2844,1.3006,1.3179,1.3341]","[1,1,1,1,1,1,1,1,1,1,1,1,1,1,1,1,1,1,1,1,1,1,1,1,1,1,1,1,1,1,1,1,1,1,1,1,1,1,1,1,1,1,1,1,1,1,1,1,1,2,2,2,2,2,2,2,2,2,2,2,2,2,2,2,2,2,2,2,2,2,2,2,2,2,2,2,2,2,2,2,2]",120,753.1599,4,225,0,225,0,1,229579,4,SV_73ADPjbMtd0KUBg,304,2022-03-02_15h06.07.165,implicit_time,2021.1.4,Linux x86_64,59.95563283
cursorjump,135,45,0.5,10,NA,0,NA,0,1,0.5,FALSE,rotation,1,"[-0.004167,-0.002083,-0.002083,-0.002083,-0.002083,-0.002083,-0.002083,-0.002083,-0.002083,-0.002083,-0.002083,-0.002083,-0.002083,-0.002083,-0.002083,-0.002083,-0.002083,-0.002083,0,0,0.002083,0.002083,0.002083,0.004167,0.004167,0.00625,0.00625,0.008333,0.008333,0.008333,0.008333,0.008333,0.008333,0.008333,0.008333,0.008333,0.008333,0.008333,0.008333,0.008333,0.008333,0.008333,0.008333,0.008333,0.008333,0.008333,0.008333,0.008333,0.00625,0,-0.014583,-0.035417,-0.05,-0.0875,-0.110417,-0.158333,-0.214583,-0.275,-0.30625,-0.370833,-0.404167,-0.464583,-0.49375,-0.547917,-0.597917,-0.639583,-0.658333,-0.69375,-0.710417,-0.739583,-0.770833,-0.797917,-0.8125,-0.839583,-0.870833,-0.8875,-0.920833,-0.954167,-0.966667,-0.991667,-1.002083,-1.020833,-1.033333,-1.041667,-1.041667,-1.041667,-1.033333,-1.025,-1.00625,-0.979167,-0.958333,-0.904167,-0.8375,-0.802083,-0.733333,-0.664583,-0.627083,-0.552083,-0.472917,-0.4375,-0.375,-0.325,-0.30625,-0.272917,-0.245833,-0.235417,-0.222917,-0.214583,-0.214583,-0.214583,-0.21875,-0.222917,-0.233333,-0.24375,-0.247917,-0.254167,-0.252083,-0.245833,-0.222917,-0.18125,-0.158333,-0.116667,-0.0875,-0.075,-0.054167,-0.039583,-0.033333]","[-0.004889,-0.004889,-0.004889,-0.004889,-0.004889,-0.004889,-0.004889,-0.004889,-0.004889,-0.004889,-0.004889,-0.004889,-0.004889,-0.004889,-0.004889,-0.004889,-0.004889,-0.004889,-0.004889,-0.004889,-0.004889,-0.004889,-0.004889,-0.004889,-0.004889,-0.004889,-0.004889,-0.004889,-0.004889,-0.004889,-0.004889,-0.004889,-0.004889,-0.004889,-0.004889,-0.004889,-0.004889,-0.004889,-0.004889,-0.004889,-0.004889,-0.004889,-0.004889,-0.004889,-0.004889,-0.004889,-0.004889,-0.004889,-0.004889,-0.004889,-0.004889,-0.008,-0.008,-0.014222,-0.017333,-0.023556,-0.032889,-0.045333,-0.054667,-0.070222,-0.076444,-0.088889,-0.095111,-0.107556,-0.116889,-0.12,-0.123111,-0.126222,-0.126222,-0.126222,-0.126222,-0.123111,-0.126222,-0.126222,-0.126222,-0.126222,-0.123111,-0.123111,-0.12,-0.12,-0.12,-0.12,-0.12,-0.12,-0.12,-0.12,-0.12,-0.12,-0.116889,-0.107556,-0.098222,-0.073333,-0.045333,-0.032889,-0.001778,0.032444,0.054222,0.097778,0.141333,0.156889,0.181778,0.200444,0.206667,0.222222,0.234667,0.240889,0.247111,0.247111,0.247111,0.240889,0.231556,0.225333,0.209778,0.191111,0.181778,0.156889,0.135111,0.125778,0.104,0.079111,0.066667,0.044889,0.023111,0.013778,-0.001778,-0.014222,-0.017333]","[0.0002,0.016,0.0332,0.0492,0.0663,0.0827,0.0996,0.1168,0.1328,0.15,0.1658,0.1828,0.1999,0.2162,0.2329,0.2494,0.2667,0.2829,0.3,0.3162,0.3331,0.3502,0.366,0.383,0.4002,0.4164,0.4335,0.4498,0.467,0.4831,0.5003,0.5166,0.5337,0.5498,0.5667,0.5837,0.5997,0.6169,0.633,0.6502,0.6665,0.6835,0.6996,0.7168,0.733,0.7502,0.7665,0.7833,0.8001,0.8171,0.8331,0.8504,0.8665,0.8837,0.8998,0.917,0.9331,0.95,0.967,0.9836,1.0007,1.017,1.0332,1.0504,1.0665,1.0836,1.1004,1.1174,1.1334,1.1503,1.1672,1.1835,1.2005,1.2167,1.2338,1.2507,1.2669,1.2841,1.3003,1.3173,1.3334,1.3503,1.3675,1.3837,1.4008,1.417,1.4342,1.4502,1.4672,1.4841,1.5003,1.5173,1.5342,1.5512,1.5673,1.5844,1.6006,1.6177,1.6346,1.6505,1.6677,1.6838,1.7009,1.7172,1.7343,1.7514,1.7675,1.7848,1.8009,1.8181,1.8342,1.8511,1.8673,1.8843,1.9006,1.9178,1.9346,1.9507,1.9679,1.984,2.0012,2.0171,2.034,2.051,2.0681,2.0844,2.1008]","[1,1,1,1,1,1,1,1,1,1,1,1,1,1,1,1,1,1,1,1,1,1,1,1,1,1,1,1,1,1,1,1,1,1,1,1,1,1,1,1,1,1,1,1,1,1,1,1,1,1,1,1,1,1,1,1,1,1,1,1,1,1,1,1,1,1,1,1,1,1,1,1,1,1,1,1,1,2,2,2,2,2,2,2,2,2,2,2,2,2,2,2,2,2,2,2,2,2,2,2,2,2,2,2,2,2,2,2,2,2,2,2,2,2,2,2,2,2,2,2,2,2,2,2,2,2,2]",120,756.129,4,226,0,226,0,1,229579,4,SV_73ADPjbMtd0KUBg,304,2022-03-02_15h06.07.165,implicit_time,2021.1.4,Linux x86_64,59.95563283
cursorjump,145,0,0,10,NA,0,NA,0,0,0.5,FALSE,rotation,0,"[-0.025,-0.025,-0.025,-0.025,-0.025,-0.025,-0.022917,-0.022917,-0.022917,-0.022917,-0.022917,-0.025,-0.020833,-0.014583,-0.010417,0,0.008333,0.0125,0.01875,0.022917,0.025,0.027083,0.029167,0.029167,0.029167,0.029167,0.029167,0.029167,0.029167,0.027083,0.027083,0.027083,0.027083,0.027083,0.027083,0.025,0.025,0.020833,0.01875,0.008333,-0.00625,-0.014583,-0.029167,-0.045833,-0.054167,-0.08125,-0.116667,-0.135417,-0.179167,-0.2,-0.247917,-0.297917,-0.354167,-0.383333,-0.44375,-0.472917,-0.522917,-0.56875,-0.610417,-0.633333,-0.677083,-0.716667,-0.735417,-0.770833,-0.8,-0.814583,-0.839583,-0.858333,-0.866667,-0.877083,-0.879167,-0.879167,-0.879167,-0.875,-0.86875,-0.85,-0.8375,-0.802083,-0.7625,-0.716667,-0.69375,-0.639583,-0.610417,-0.545833,-0.472917,-0.402083,-0.370833,-0.3125,-0.285417,-0.233333,-0.183333,-0.135417,-0.114583,-0.083333,-0.072917,-0.060417,-0.054167,-0.05,-0.05,-0.047917,-0.047917,-0.05,-0.054167,-0.058333,-0.060417,-0.0625,-0.0625,-0.064583,-0.0625,-0.058333,-0.05625,-0.05,-0.047917,-0.039583,-0.03125]","[-0.001778,-0.001778,-0.001778,-0.001778,-0.001778,-0.001778,-0.001778,-0.001778,-0.001778,-0.001778,-0.001778,-0.001778,-0.001778,0.004444,0.007556,0.016889,0.026222,0.032444,0.038667,0.044889,0.044889,0.048,0.048,0.048,0.048,0.048,0.048,0.048,0.048,0.048,0.048,0.048,0.048,0.048,0.048,0.044889,0.044889,0.044889,0.044889,0.048,0.054222,0.060444,0.079111,0.097778,0.107111,0.122667,0.138222,0.147556,0.163111,0.169333,0.191111,0.216,0.244,0.256444,0.284444,0.3,0.334222,0.374667,0.415111,0.433778,0.471111,0.502222,0.517778,0.545778,0.573778,0.586222,0.614222,0.636,0.642222,0.654667,0.657778,0.660889,0.660889,0.660889,0.657778,0.654667,0.648444,0.636,0.617333,0.589333,0.573778,0.536444,0.514667,0.468,0.421333,0.377778,0.352889,0.309333,0.290667,0.253333,0.216,0.181778,0.163111,0.132,0.119556,0.104,0.094667,0.088444,0.085333,0.076,0.072889,0.060444,0.051111,0.048,0.044889,0.038667,0.035556,0.026222,0.013778,0.007556,0.001333,-0.004889,-0.008,-0.017333,-0.026667]","[0.0002,0.0161,0.0332,0.0498,0.0662,0.0834,0.0996,0.1165,0.1334,0.1498,0.1664,0.1835,0.1998,0.2166,0.2332,0.25,0.2664,0.2833,0.3001,0.3167,0.3332,0.3499,0.3666,0.3835,0.3999,0.4167,0.4333,0.4505,0.4667,0.4836,0.5,0.5166,0.5339,0.5503,0.5668,0.5837,0.6002,0.6169,0.6336,0.6503,0.667,0.6837,0.7003,0.7172,0.7337,0.7505,0.7671,0.7837,0.8003,0.8175,0.834,0.8507,0.8673,0.8839,0.9006,0.9171,0.9339,0.9508,0.9674,0.9839,1.0006,1.0174,1.0341,1.0506,1.0673,1.0842,1.101,1.1176,1.134,1.1508,1.1674,1.1843,1.2007,1.2172,1.2342,1.2509,1.2677,1.2842,1.301,1.3178,1.3346,1.3509,1.3675,1.3844,1.4011,1.418,1.4343,1.451,1.4677,1.4846,1.5013,1.5181,1.5346,1.5512,1.5679,1.5845,1.6013,1.6178,1.6348,1.6513,1.668,1.6848,1.7016,1.7181,1.7348,1.7515,1.7681,1.7847,1.8013,1.8181,1.8349,1.8515,1.8682,1.8847,1.9014]","[1,1,1,1,1,1,1,1,1,1,1,1,1,1,1,1,1,1,1,1,1,1,1,1,1,1,1,1,1,1,1,1,1,1,1,1,1,1,1,1,1,1,1,1,1,1,1,1,1,1,1,1,1,1,1,1,1,1,1,1,1,1,1,1,2,2,2,2,2,2,2,2,2,2,2,2,2,2,2,2,2,2,2,2,2,2,2,2,2,2,2,2,2,2,2,2,2,2,2,2,2,2,2,2,2,2,2,2,2,2,2,2,2,2,2]",120,760.4831,4,227,0,227,0,1,229579,4,SV_73ADPjbMtd0KUBg,304,2022-03-02_15h06.07.165,implicit_time,2021.1.4,Linux x86_64,59.95563283
cursorjump,225,45,0.5,10,NA,0,NA,0,1,0.5,FALSE,rotation,1,"[0.010417,0.010417,0.010417,0.010417,0.010417,0.010417,0.010417,0.010417,0.010417,0.010417,0.010417,0.010417,0.010417,0.010417,0.010417,0.010417,0.010417,0.010417,0.010417,0.010417,0.010417,0.010417,0.010417,0.010417,0.010417,0.010417,0.010417,0.010417,0.010417,0.010417,0.010417,0.010417,0.010417,0.010417,0.010417,0.010417,0.010417,0.010417,0.010417,0.010417,0.010417,0.010417,0.010417,0.010417,0.010417,0.010417,0.010417,0.010417,0.010417,0.010417,0.010417,0.010417,0.010417,0.010417,0.010417,0.010417,0.010417,0.010417,0.010417,0.010417,0.010417,0.010417,0.010417,0.010417,0.010417,0.010417,0.010417,0.010417,0.010417,0.010417,0.0125,0.0125,0.0125,0.0125,0.0125,0.0125,0.0125,0.010417,0.010417,0.010417,0.010417,0.00625,-0.004167,-0.020833,-0.03125,-0.047917,-0.054167,-0.06875,-0.083333,-0.1,-0.108333,-0.11875,-0.125,-0.133333,-0.135417,-0.133333,-0.129167,-0.122917,-0.122917,-0.122917,-0.125,-0.125,-0.125,-0.125,-0.125,-0.125,-0.125,-0.125,-0.125,-0.125,-0.129167,-0.133333,-0.15,-0.172917,-0.183333,-0.208333,-0.23125,-0.24375,-0.2625,-0.277083,-0.283333,-0.295833,-0.302083,-0.310417,-0.314583,-0.314583,-0.314583,-0.30625,-0.295833,-0.289583,-0.279167,-0.275,-0.26875,-0.264583,-0.260417,-0.260417,-0.258333,-0.258333,-0.25625,-0.247917,-0.233333,-0.225,-0.202083,-0.189583,-0.164583,-0.141667,-0.120833,-0.108333,-0.0875,-0.077083,-0.0625,-0.052083,-0.04375,-0.039583,-0.027083,-0.020833,-0.010417]","[-0.014222,-0.014222,-0.014222,-0.014222,-0.014222,-0.014222,-0.014222,-0.014222,-0.014222,-0.014222,-0.014222,-0.014222,-0.014222,-0.014222,-0.014222,-0.014222,-0.014222,-0.014222,-0.014222,-0.014222,-0.014222,-0.014222,-0.014222,-0.014222,-0.014222,-0.014222,-0.014222,-0.014222,-0.014222,-0.014222,-0.014222,-0.014222,-0.014222,-0.014222,-0.014222,-0.014222,-0.014222,-0.014222,-0.014222,-0.014222,-0.014222,-0.014222,-0.014222,-0.014222,-0.014222,-0.014222,-0.014222,-0.014222,-0.014222,-0.014222,-0.014222,-0.014222,-0.014222,-0.014222,-0.014222,-0.014222,-0.014222,-0.014222,-0.014222,-0.014222,-0.014222,-0.014222,-0.014222,-0.014222,-0.014222,-0.014222,-0.014222,-0.014222,-0.014222,-0.017333,-0.023556,-0.029778,-0.029778,-0.036,-0.036,-0.039111,-0.045333,-0.057778,-0.067111,-0.092,-0.107556,-0.148,-0.204,-0.272444,-0.309778,-0.381333,-0.418667,-0.487111,-0.555556,-0.617778,-0.648889,-0.708,-0.736,-0.779556,-0.823111,-0.863556,-0.882222,-0.916444,-0.941333,-0.953778,-0.972444,-0.991111,-1.000444,-1.019111,-1.028444,-1.031556,-1.034667,-1.034667,-1.031556,-1.031556,-1.022222,-1.016,-0.994222,-0.966222,-0.953778,-0.928889,-0.897778,-0.879111,-0.829333,-0.767111,-0.732889,-0.661333,-0.624,-0.552444,-0.484,-0.418667,-0.387556,-0.334667,-0.294222,-0.278667,-0.253778,-0.244444,-0.228889,-0.219556,-0.210222,-0.207111,-0.194667,-0.185333,-0.169778,-0.154222,-0.141778,-0.135556,-0.123111,-0.116889,-0.110667,-0.107556,-0.107556,-0.110667,-0.107556,-0.104444,-0.095111,-0.085778,-0.073333,-0.070222,-0.054667,-0.048444,-0.036]","[0.0005,0.0164,0.0332,0.0499,0.0665,0.0829,0.0995,0.1161,0.1327,0.1491,0.1665,0.1831,0.1998,0.2164,0.2329,0.2502,0.2669,0.2834,0.2997,0.3167,0.3336,0.3498,0.3663,0.383,0.3997,0.4163,0.4327,0.4498,0.4663,0.4828,0.4993,0.5163,0.5331,0.5499,0.5672,0.5836,0.6002,0.6164,0.6334,0.6506,0.6663,0.6828,0.6996,0.7164,0.7333,0.7502,0.7672,0.7829,0.7994,0.8162,0.8329,0.8503,0.866,0.8829,0.8995,0.9173,0.9329,0.9496,0.9664,0.9828,0.9999,1.0165,1.0331,1.0503,1.0668,1.0835,1.0998,1.1168,1.1336,1.1506,1.1668,1.1837,1.2003,1.2173,1.2337,1.2503,1.2668,1.2835,1.3003,1.3172,1.3337,1.3502,1.3669,1.3834,1.4002,1.4172,1.4338,1.4503,1.4667,1.484,1.5004,1.5171,1.5337,1.5506,1.5675,1.5844,1.6008,1.6174,1.6343,1.6507,1.6673,1.684,1.7012,1.7171,1.7346,1.7506,1.7677,1.7846,1.8006,1.8177,1.8344,1.8508,1.8673,1.8841,1.901,1.9177,1.9346,1.9512,1.9679,1.9847,2.0013,2.0172,2.034,2.0508,2.0675,2.0843,2.1012,2.118,2.1347,2.1515,2.1674,2.185,2.2009,2.218,2.2348,2.2513,2.2679,2.285,2.3009,2.3177,2.3343,2.3511,2.3681,2.3851,2.4009,2.4178,2.4344,2.4511,2.4679,2.4847,2.5019,2.5176,2.5346,2.5518,2.5681,2.5849,2.6021]","[1,1,1,1,1,1,1,1,1,1,1,1,1,1,1,1,1,1,1,1,1,1,1,1,1,1,1,1,1,1,1,1,1,1,1,1,1,1,1,1,1,1,1,1,1,1,1,1,1,1,1,1,1,1,1,1,1,1,1,1,1,1,1,1,1,1,1,1,1,1,1,1,1,1,1,1,1,1,1,1,1,1,1,1,1,1,1,1,1,1,1,1,1,1,1,1,1,1,1,2,2,2,2,2,2,2,2,2,2,2,2,2,2,2,2,2,2,2,2,2,2,2,2,2,2,2,2,2,2,2,2,2,2,2,2,2,2,2,2,2,2,2,2,2,2,2,2,2,2,2,2,2,2,2,2,2,2]",120,763.6036,4,228,0,228,0,1,229579,4,SV_73ADPjbMtd0KUBg,304,2022-03-02_15h06.07.165,implicit_time,2021.1.4,Linux x86_64,59.95563283
cursorjump,215,0,0,10,NA,0,NA,0,0,0.5,FALSE,rotation,0,"[0.002083,0.002083,0.002083,0.002083,0.002083,0.002083,0.002083,0.002083,0.002083,0.002083,0.002083,0.002083,0.002083,0.002083,0.002083,0.002083,0.002083,0.002083,0.002083,0.002083,0.002083,0.002083,0.002083,0.002083,0.002083,0.002083,0.002083,0.002083,0.002083,0.002083,0.002083,0.002083,0.002083,0.002083,0.002083,-0.004167,-0.020833,-0.033333,-0.066667,-0.1125,-0.139583,-0.195833,-0.260417,-0.29375,-0.360417,-0.429167,-0.460417,-0.525,-0.585417,-0.6125,-0.6625,-0.704167,-0.722917,-0.75625,-0.783333,-0.797917,-0.820833,-0.841667,-0.8625,-0.872917,-0.89375,-0.904167,-0.916667,-0.91875,-0.91875,-0.91875,-0.91875,-0.916667,-0.908333,-0.895833,-0.885417,-0.864583,-0.835417,-0.816667,-0.777083,-0.729167,-0.7,-0.6375,-0.570833,-0.541667,-0.4875,-0.433333,-0.40625,-0.35,-0.3,-0.279167,-0.25,-0.23125,-0.222917,-0.208333,-0.195833,-0.191667,-0.183333,-0.179167,-0.172917,-0.1625,-0.147917,-0.139583,-0.11875,-0.110417,-0.095833,-0.085417,-0.072917,-0.064583,-0.05,-0.045833,-0.0375,-0.03125,-0.027083,-0.025]","[-0.023556,-0.023556,-0.023556,-0.023556,-0.023556,-0.023556,-0.023556,-0.023556,-0.023556,-0.023556,-0.023556,-0.023556,-0.023556,-0.023556,-0.023556,-0.023556,-0.023556,-0.023556,-0.023556,-0.023556,-0.023556,-0.023556,-0.023556,-0.023556,-0.023556,-0.023556,-0.023556,-0.023556,-0.023556,-0.023556,-0.023556,-0.023556,-0.023556,-0.023556,-0.023556,-0.026667,-0.032889,-0.039111,-0.057778,-0.082667,-0.098222,-0.138667,-0.182222,-0.204,-0.250667,-0.294222,-0.316,-0.356444,-0.393778,-0.409333,-0.437333,-0.462222,-0.477778,-0.499556,-0.521333,-0.533778,-0.555556,-0.577333,-0.605333,-0.614667,-0.639556,-0.648889,-0.661333,-0.664444,-0.664444,-0.664444,-0.661333,-0.661333,-0.652,-0.639556,-0.630222,-0.608444,-0.580444,-0.564889,-0.533778,-0.490222,-0.468444,-0.418667,-0.372,-0.353333,-0.319111,-0.284889,-0.269333,-0.238222,-0.213333,-0.204,-0.185333,-0.163556,-0.151111,-0.129333,-0.113778,-0.107556,-0.098222,-0.095111,-0.088889,-0.079556,-0.070222,-0.070222,-0.070222,-0.070222,-0.073333,-0.076444,-0.076444,-0.073333,-0.070222,-0.070222,-0.060889,-0.048444,-0.032889,-0.023556]","[0.0006,0.0164,0.0326,0.0496,0.0664,0.0829,0.099,0.1159,0.1326,0.1497,0.1663,0.1823,0.1997,0.2158,0.2325,0.2491,0.2666,0.2825,0.2996,0.3164,0.333,0.3497,0.3664,0.3826,0.3991,0.4163,0.4329,0.4494,0.4661,0.4828,0.4998,0.5164,0.5332,0.5497,0.5667,0.5832,0.6,0.6167,0.6334,0.6494,0.6665,0.6834,0.7001,0.7171,0.7333,0.7496,0.7667,0.7839,0.7997,0.817,0.8333,0.8507,0.8668,0.8838,0.9002,0.9175,0.9337,0.9498,0.9671,0.984,1.001,1.017,1.0343,1.0502,1.0668,1.0835,1.1005,1.1168,1.1335,1.1505,1.1669,1.1835,1.2003,1.2174,1.2338,1.2509,1.2669,1.2836,1.3004,1.3176,1.3338,1.3504,1.367,1.3836,1.4005,1.4175,1.4337,1.4512,1.4668,1.4839,1.5012,1.5171,1.5342,1.5511,1.5669,1.5837,1.6008,1.617,1.6344,1.6504,1.6672,1.6842,1.7013,1.7171,1.7343,1.7511,1.768,1.784,1.8013,1.8172]","[1,1,1,1,1,1,1,1,1,1,1,1,1,1,1,1,1,1,1,1,1,1,1,1,1,1,1,1,1,1,1,1,1,1,1,1,1,1,1,1,1,1,1,1,1,1,1,1,1,1,1,1,1,1,1,2,2,2,2,2,2,2,2,2,2,2,2,2,2,2,2,2,2,2,2,2,2,2,2,2,2,2,2,2,2,2,2,2,2,2,2,2,2,2,2,2,2,2,2,2,2,2,2,2,2,2,2,2,2,2]",120,765.9373,4,229,0,229,0,1,229579,4,SV_73ADPjbMtd0KUBg,304,2022-03-02_15h06.07.165,implicit_time,2021.1.4,Linux x86_64,59.95563283
cursorjump,315,45,0.5,10,NA,0,NA,0,1,0.5,FALSE,rotation,1,"[-0.01875,-0.01875,-0.01875,-0.01875,-0.01875,-0.01875,-0.01875,-0.01875,-0.01875,-0.01875,-0.01875,-0.01875,-0.01875,-0.01875,-0.01875,-0.01875,-0.01875,-0.01875,-0.01875,-0.01875,-0.01875,-0.01875,-0.01875,-0.01875,-0.01875,-0.01875,-0.01875,-0.01875,-0.01875,-0.01875,-0.01875,-0.01875,-0.01875,-0.01875,-0.01875,-0.01875,-0.01875,-0.01875,-0.01875,-0.01875,-0.01875,-0.01875,-0.01875,-0.01875,-0.01875,-0.01875,-0.01875,-0.01875,-0.01875,-0.01875,-0.01875,-0.01875,-0.01875,-0.01875,-0.01875,-0.01875,-0.01875,-0.01875,-0.01875,-0.01875,-0.01875,-0.01875,-0.01875,-0.01875,-0.01875,-0.01875,-0.01875,-0.01875,-0.01875,-0.01875,-0.01875,-0.01875,-0.01875,-0.01875,-0.01875,-0.01875,-0.01875,-0.01875,-0.01875,-0.01875,-0.01875,-0.01875,-0.01875,-0.01875,-0.01875,-0.01875,-0.01875,-0.01875,-0.01875,-0.01875,-0.01875,-0.01875,-0.016667,-0.010417,-0.00625,0.002083,0.0125,0.016667,0.020833,0.025,0.027083,0.033333,0.039583,0.041667,0.041667,0.04375,0.045833,0.052083,0.058333,0.0625,0.066667,0.06875,0.06875,0.075,0.0875,0.09375,0.104167,0.110417,0.110417,0.1125,0.1125,0.1125,0.1125,0.1125,0.1125,0.1125,0.120833,0.127083,0.139583,0.15,0.154167,0.160417,0.1625,0.164583,0.16875,0.177083,0.179167,0.185417,0.1875,0.1875,0.189583,0.19375,0.19375,0.195833,0.197917,0.197917,0.197917,0.197917,0.195833,0.1875,0.164583,0.147917,0.108333,0.085417,0.04375,0.004167,-0.03125,-0.045833,-0.077083,-0.09375,-0.129167,-0.1625,-0.1875,-0.195833,-0.210417,-0.216667,-0.227083,-0.235417,-0.235417,-0.235417,-0.23125,-0.229167,-0.222917,-0.214583,-0.204167,-0.197917,-0.179167,-0.16875,-0.139583,-0.108333,-0.079167,-0.066667,-0.045833,-0.0375,-0.022917,-0.016667,-0.0125,-0.0125,-0.014583,-0.014583]","[-0.001778,-0.001778,-0.001778,-0.001778,-0.001778,-0.001778,-0.001778,-0.001778,-0.001778,-0.001778,-0.001778,-0.001778,-0.001778,-0.001778,-0.001778,-0.001778,-0.001778,-0.001778,-0.001778,-0.001778,-0.001778,-0.001778,-0.001778,-0.001778,-0.001778,-0.001778,-0.001778,-0.001778,-0.001778,-0.001778,-0.001778,-0.001778,-0.001778,-0.001778,-0.001778,-0.001778,-0.001778,-0.001778,-0.001778,-0.001778,-0.001778,-0.001778,-0.001778,-0.001778,-0.001778,-0.001778,-0.001778,-0.001778,-0.001778,-0.001778,-0.001778,-0.001778,-0.001778,-0.001778,-0.001778,-0.001778,-0.001778,-0.001778,-0.001778,-0.001778,-0.001778,-0.001778,-0.001778,-0.001778,-0.001778,-0.001778,-0.001778,-0.001778,-0.001778,-0.001778,-0.001778,-0.001778,-0.001778,-0.001778,-0.001778,-0.001778,-0.001778,-0.001778,-0.001778,-0.001778,-0.001778,-0.001778,-0.001778,-0.001778,-0.001778,-0.001778,-0.001778,-0.001778,-0.001778,-0.001778,-0.001778,-0.004889,-0.011111,-0.029778,-0.045333,-0.098222,-0.166667,-0.207111,-0.294222,-0.393778,-0.443556,-0.533778,-0.611556,-0.642667,-0.692444,-0.729778,-0.748444,-0.788889,-0.826222,-0.841778,-0.860444,-0.869778,-0.872889,-0.882222,-0.897778,-0.907111,-0.922667,-0.932,-0.932,-0.932,-0.932,-0.932,-0.932,-0.932,-0.932,-0.935111,-0.941333,-0.947556,-0.963111,-0.981778,-0.991111,-1.000444,-1.006667,-1.009778,-1.016,-1.022222,-1.022222,-1.028444,-1.028444,-1.031556,-1.034667,-1.044,-1.047111,-1.053333,-1.056444,-1.056444,-1.056444,-1.056444,-1.053333,-1.047111,-1.031556,-1.019111,-0.984889,-0.963111,-0.913333,-0.854222,-0.785778,-0.745333,-0.667556,-0.627111,-0.546222,-0.462222,-0.387556,-0.356444,-0.306667,-0.284889,-0.244444,-0.210222,-0.185333,-0.176,-0.163556,-0.160444,-0.157333,-0.154222,-0.148,-0.144889,-0.135556,-0.132444,-0.132444,-0.132444,-0.135556,-0.135556,-0.129333,-0.12,-0.104444,-0.088889,-0.067111,-0.057778,-0.039111,-0.029778]","[0.0007,0.0166,0.0331,0.0492,0.0661,0.0825,0.1,0.1158,0.1326,0.1493,0.1662,0.1831,0.1996,0.2162,0.2326,0.2498,0.2664,0.283,0.2996,0.3159,0.333,0.3495,0.3663,0.3827,0.4,0.4161,0.4327,0.4498,0.474,0.4832,0.5005,0.517,0.5336,0.5503,0.5668,0.5841,0.5996,0.6168,0.6333,0.6504,0.666,0.6834,0.6997,0.7163,0.7332,0.7501,0.7665,0.7831,0.7998,0.8165,0.8337,0.8498,0.8672,0.8837,0.9,0.9169,0.9332,0.95,0.9669,0.9833,1.0001,1.0171,1.0334,1.0501,1.0671,1.0838,1.1007,1.1168,1.1336,1.1501,1.1669,1.1833,1.2007,1.217,1.2338,1.2508,1.2672,1.2842,1.3002,1.3168,1.3342,1.3509,1.3672,1.3839,1.4006,1.4176,1.4339,1.4507,1.4677,1.4843,1.501,1.5176,1.5343,1.5509,1.5675,1.5846,1.6005,1.6172,1.634,1.6506,1.6673,1.6846,1.7014,1.7171,1.7348,1.7515,1.767,1.784,1.8008,1.8175,1.834,1.8508,1.8676,1.8843,1.9011,1.9183,1.9352,1.9506,1.9685,1.9841,2.0011,2.0175,2.0346,2.0513,2.0679,2.0845,2.1012,2.1177,2.1346,2.1512,2.1679,2.1844,2.2009,2.2176,2.2346,2.2511,2.2678,2.2846,2.3015,2.3181,2.3347,2.3511,2.3679,2.3844,2.4012,2.4179,2.4345,2.4511,2.468,2.4846,2.501,2.518,2.5346,2.5514,2.5679,2.5848,2.6012,2.6179,2.635,2.6514,2.668,2.6847,2.7023,2.7189,2.7347,2.7513,2.7678,2.7856,2.8014,2.8184,2.8348,2.8517,2.8684,2.885,2.9014,2.9187,2.9353,2.9517,2.9684,2.9852,3.0017,3.0181,3.0356,3.0521,3.0687,3.0852,3.1017,3.1183,3.1355,3.1522]","[1,1,1,1,1,1,1,1,1,1,1,1,1,1,1,1,1,1,1,1,1,1,1,1,1,1,1,1,1,1,1,1,1,1,1,1,1,1,1,1,1,1,1,1,1,1,1,1,1,1,1,1,1,1,1,1,1,1,1,1,1,1,1,1,1,1,1,1,1,1,1,1,1,1,1,1,1,1,1,1,1,1,1,1,1,1,1,1,1,1,1,1,1,1,1,1,1,1,1,1,1,1,1,1,1,1,1,1,1,1,1,1,1,1,1,1,1,1,1,1,1,1,1,1,1,1,1,1,2,2,2,2,2,2,2,2,2,2,2,2,2,2,2,2,2,2,2,2,2,2,2,2,2,2,2,2,2,2,2,2,2,2,2,2,2,2,2,2,2,2,2,2,2,2,2,2,2,2,2,2,2,2,2,2,2,2,2,2,2,2]",120,769.6071,4,230,0,230,0,1,229579,4,SV_73ADPjbMtd0KUBg,304,2022-03-02_15h06.07.165,implicit_time,2021.1.4,Linux x86_64,59.95563283
cursorjump,305,0,0,10,NA,0,NA,0,0,0.5,FALSE,rotation,0,"[-0.016667,-0.014583,-0.008333,-0.004167,-0.002083,0.002083,0.004167,0.00625,0.008333,0.008333,0.010417,0.010417,0.0125,0.0125,0.014583,0.014583,0.016667,0.016667,0.01875,0.01875,0.01875,0.01875,0.01875,0.020833,0.020833,0.020833,0.020833,0.020833,0.020833,0.020833,0.020833,0.020833,0.022917,0.022917,0.025,0.029167,0.041667,0.066667,0.083333,0.120833,0.139583,0.177083,0.2125,0.233333,0.275,0.3125,0.329167,0.35,0.3625,0.36875,0.38125,0.39375,0.397917,0.40625,0.4125,0.414583,0.41875,0.420833,0.41875,0.414583,0.410417,0.408333,0.408333,0.410417,0.4125,0.414583,0.414583,0.410417,0.3875,0.339583,0.310417,0.25625,0.208333,0.1875,0.152083,0.125,0.114583,0.102083,0.0875,0.079167,0.058333,0.041667,0.035417,0.025,0.01875,0.01875,0.016667,0.016667,0.016667,0.016667,0.01875,0.01875,0.020833]","[0.016889,0.02,0.023111,0.029333,0.029333,0.032444,0.035556,0.038667,0.041778,0.041778,0.044889,0.044889,0.044889,0.044889,0.044889,0.044889,0.044889,0.044889,0.044889,0.044889,0.041778,0.041778,0.041778,0.041778,0.041778,0.041778,0.041778,0.041778,0.041778,0.038667,0.032444,0.026222,0.02,0.010667,0.007556,-0.014222,-0.057778,-0.135556,-0.185333,-0.297333,-0.353333,-0.459111,-0.552444,-0.596,-0.673778,-0.736,-0.760889,-0.807556,-0.844889,-0.860444,-0.891556,-0.916444,-0.925778,-0.938222,-0.944444,-0.947556,-0.950667,-0.953778,-0.950667,-0.944444,-0.932,-0.925778,-0.913333,-0.907111,-0.907111,-0.904,-0.900889,-0.897778,-0.869778,-0.813778,-0.779556,-0.701778,-0.617778,-0.574222,-0.480889,-0.396889,-0.362667,-0.303556,-0.241333,-0.210222,-0.144889,-0.092,-0.070222,-0.051556,-0.042222,-0.042222,-0.042222,-0.039111,-0.039111,-0.039111,-0.039111,-0.039111,-0.036]","[0.0007,0.0168,0.0323,0.0495,0.0659,0.0824,0.0991,0.1159,0.1325,0.149,0.166,0.1822,0.1994,0.2161,0.2327,0.2494,0.2662,0.2824,0.2995,0.3161,0.3325,0.3489,0.3658,0.3825,0.3993,0.416,0.4325,0.4492,0.4658,0.4824,0.4991,0.5159,0.5328,0.5494,0.566,0.5826,0.5993,0.6159,0.6328,0.6495,0.6661,0.683,0.6998,0.7165,0.7332,0.7498,0.7665,0.7832,0.7998,0.816,0.8327,0.8495,0.8661,0.8831,0.8998,0.9167,0.9334,0.9493,0.9662,0.9832,1.0001,1.0159,1.0328,1.0496,1.0665,1.0834,1.1002,1.1169,1.1328,1.1496,1.1664,1.1834,1.2004,1.216,1.2329,1.2499,1.2672,1.2829,1.2997,1.3165,1.3333,1.3503,1.367,1.3835,1.4,1.4167,1.4335,1.4502,1.4664,1.4833,1.5001,1.5167,1.5333]","[1,1,1,1,1,1,1,1,1,1,1,1,1,1,1,1,1,1,1,1,1,1,1,1,1,1,1,1,1,1,1,1,1,1,1,1,1,1,1,1,1,1,1,1,1,1,1,1,1,1,2,2,2,2,2,2,2,2,2,2,2,2,2,2,2,2,2,2,2,2,2,2,2,2,2,2,2,2,2,2,2,2,2,2,2,2,2,2,2,2,2,2,2]",120,772.1249,4,231,0,231,0,1,229579,4,SV_73ADPjbMtd0KUBg,304,2022-03-02_15h06.07.165,implicit_time,2021.1.4,Linux x86_64,59.95563283
cursorjump,225,45,0.5,10,15,90,39,1,1,0.5,FALSE,rotation,1,"[-0.010417,-0.010417,-0.010417,-0.010417,-0.010417,-0.010417,-0.010417,-0.010417,-0.010417,-0.010417,-0.010417,-0.010417,-0.010417,-0.010417,-0.008333,-0.008333,-0.00625,-0.00625,-0.00625,-0.00625,-0.00625,-0.00625,-0.00625,-0.00625,-0.00625,-0.00625,-0.00625,-0.00625,-0.00625,-0.00625,-0.00625,-0.00625,-0.00625,-0.00625,-0.00625,-0.00625,-0.00625,-0.00625,-0.00625,-0.00625,-0.00625,-0.00625,-0.00625,-0.00625,-0.00625,-0.00625,-0.00625,-0.00625,-0.00625,-0.00625,-0.00625,-0.00625,-0.00625,-0.00625,-0.00625,-0.00625,-0.00625,-0.00625,-0.00625,-0.00625,-0.00625,-0.00625,-0.00625,-0.008333,-0.008333,-0.014583,-0.022917,-0.033333,-0.039583,-0.05625,-0.066667,-0.091667,-0.122917,-0.1625,-0.185417,-0.239583,-0.266667,-0.327083,-0.391667,-0.458333,-0.49375,-0.5625,-0.59375,-0.652083,-0.704167,-0.75,-0.772917,-0.8125,-0.83125,-0.858333,-0.879167,-0.897917,-0.908333,-0.933333,-0.945833,-0.96875,-0.991667,-1,-1.016667,-1.027083,-1.029167,-1.03125,-1.029167,-1.029167,-1.029167,-1.03125,-1.035417,-1.041667,-1.045833,-1.047917,-1.047917,-1.045833,-1.045833,-1.041667,-1.035417,-1.03125,-1.014583,-0.985417,-0.9625,-0.90625,-0.84375,-0.810417,-0.741667,-0.666667,-0.625,-0.539583,-0.464583,-0.435417,-0.3875,-0.35,-0.333333,-0.304167,-0.285417,-0.279167,-0.272917,-0.270833,-0.266667,-0.260417,-0.25,-0.24375,-0.229167,-0.20625,-0.19375,-0.164583,-0.1375,-0.127083,-0.1125,-0.102083,-0.1,-0.091667,-0.08125,-0.077083,-0.06875,-0.064583,-0.064583,-0.064583,-0.064583,-0.064583,-0.064583,-0.064583,-0.064583,-0.0625,-0.058333,-0.054167,-0.045833,-0.039583]","[-0.011111,-0.011111,-0.011111,-0.011111,-0.011111,-0.011111,-0.011111,-0.011111,-0.011111,-0.011111,-0.011111,-0.011111,-0.011111,-0.011111,-0.011111,-0.011111,-0.011111,-0.011111,-0.011111,-0.011111,-0.011111,-0.011111,-0.011111,-0.011111,-0.011111,-0.011111,-0.011111,-0.011111,-0.011111,-0.011111,-0.011111,-0.011111,-0.011111,-0.011111,-0.011111,-0.011111,-0.011111,-0.011111,-0.011111,-0.011111,-0.011111,-0.011111,-0.011111,-0.011111,-0.011111,-0.011111,-0.011111,-0.011111,-0.011111,-0.011111,-0.011111,-0.011111,-0.011111,-0.011111,-0.014222,-0.014222,-0.014222,-0.014222,-0.014222,-0.014222,-0.014222,-0.014222,-0.014222,-0.014222,-0.011111,-0.011111,-0.011111,-0.011111,-0.014222,-0.014222,-0.014222,-0.017333,-0.020444,-0.026667,-0.029778,-0.036,-0.039111,-0.048444,-0.054667,-0.064,-0.067111,-0.079556,-0.085778,-0.101333,-0.116889,-0.129333,-0.132444,-0.144889,-0.151111,-0.166667,-0.179111,-0.194667,-0.204,-0.222667,-0.232,-0.244444,-0.253778,-0.256889,-0.263111,-0.269333,-0.272444,-0.272444,-0.272444,-0.272444,-0.272444,-0.272444,-0.272444,-0.269333,-0.266222,-0.266222,-0.266222,-0.266222,-0.266222,-0.269333,-0.269333,-0.266222,-0.253778,-0.219556,-0.194667,-0.132444,-0.073333,-0.045333,0.004444,0.054222,0.082222,0.128889,0.166222,0.178667,0.191111,0.197333,0.197333,0.188,0.172444,0.16,0.138222,0.113333,0.104,0.085333,0.072889,0.069778,0.069778,0.069778,0.066667,0.057333,0.044889,0.035556,0.023111,0.016889,0.016889,0.013778,0.010667,0.007556,0.004444,0.001333,0.001333,0.001333,0.001333,0.001333,0.001333,0.001333,0.004444,0.004444,0.007556,0.010667,0.010667,0.007556]","[0.0008,0.0155,0.0322,0.0492,0.0654,0.0823,0.0989,0.1157,0.1321,0.1493,0.1655,0.1824,0.1996,0.2155,0.2326,0.2498,0.2658,0.2825,0.2995,0.3156,0.3328,0.3488,0.3656,0.3829,0.399,0.4163,0.4325,0.4492,0.4662,0.4824,0.4996,0.5165,0.5323,0.5493,0.5658,0.5827,0.5996,0.6158,0.6325,0.6495,0.666,0.683,0.6992,0.7164,0.7323,0.7493,0.7665,0.7826,0.7996,0.8166,0.8326,0.8495,0.8664,0.8827,0.8998,0.9159,0.9331,0.9498,0.9661,0.9832,1.0001,1.0161,1.0332,1.0494,1.0665,1.0829,1.1001,1.1163,1.1335,1.1496,1.1664,1.1836,1.1998,1.217,1.2332,1.2504,1.2666,1.2838,1.2998,1.317,1.3338,1.3497,1.3669,1.3831,1.4003,1.4162,1.4332,1.4502,1.4673,1.4835,1.5005,1.5167,1.5338,1.5498,1.567,1.5833,1.6005,1.6167,1.6339,1.65,1.6671,1.6832,1.7002,1.7171,1.7341,1.7502,1.767,1.7842,1.8004,1.8166,1.8338,1.8501,1.8673,1.8835,1.9006,1.9175,1.9334,1.9505,1.9674,1.9837,2.0007,2.0169,2.0341,2.0502,2.0675,2.0836,2.1005,2.1175,2.1337,2.1509,2.1671,2.1843,2.2004,2.2176,2.2338,2.2507,2.2677,2.2837,2.3005,2.3175,2.3336,2.3508,2.3677,2.3839,2.401,2.4179,2.4339,2.4511,2.4672,2.4844,2.5012,2.5172,2.5344,2.5505,2.5676,2.5846,2.6005,2.6172,2.6342,2.6513,2.6674,2.6843,2.7014,2.7173,2.7345,2.7507]","[1,1,1,1,1,1,1,1,1,1,1,1,1,1,1,1,1,1,1,1,1,1,1,1,1,1,1,1,1,1,1,1,1,1,1,1,1,1,1,1,1,1,1,1,1,1,1,1,1,1,1,1,1,1,1,1,1,1,1,1,1,1,1,1,1,1,1,1,1,1,1,1,1,1,1,1,1,1,1,1,1,1,1,1,1,1,1,1,1,1,1,1,1,2,2,2,2,2,2,2,2,2,2,2,2,2,2,2,2,2,2,2,2,2,2,2,2,2,2,2,2,2,2,2,2,2,2,2,2,2,2,2,2,2,2,2,2,2,2,2,2,2,2,2,2,2,2,2,2,2,2,2,2,2,2,2,2,2,2,2,2,2,2,2,2,2]",120,790.1374,4,232,0,232,0,1,229579,4,SV_73ADPjbMtd0KUBg,304,2022-03-02_15h06.07.165,implicit_time,2021.1.4,Linux x86_64,59.95563283
cursorjump,215,0,0,10,NA,0,NA,0,0,0.5,FALSE,rotation,0,"[-0.020833,-0.020833,-0.020833,-0.020833,-0.020833,-0.020833,-0.020833,-0.020833,-0.020833,-0.020833,-0.020833,-0.020833,-0.020833,-0.020833,-0.020833,-0.020833,-0.020833,-0.020833,-0.020833,-0.01875,-0.01875,-0.020833,-0.027083,-0.033333,-0.041667,-0.047917,-0.054167,-0.05625,-0.064583,-0.06875,-0.079167,-0.085417,-0.089583,-0.089583,-0.0875,-0.083333,-0.075,-0.072917,-0.077083,-0.09375,-0.125,-0.14375,-0.185417,-0.239583,-0.26875,-0.335417,-0.408333,-0.44375,-0.514583,-0.577083,-0.604167,-0.652083,-0.691667,-0.704167,-0.716667,-0.716667,-0.716667,-0.716667,-0.716667,-0.716667,-0.716667,-0.716667,-0.652083,-0.645833,-0.63125,-0.620833,-0.620833,-0.620833,-0.620833,-0.620833,-0.620833,-0.620833,-0.620833,-0.620833,-0.620833,-0.620833,-0.620833,-0.620833,-0.620833,-0.620833,-0.620833,-0.620833,-0.620833,-0.620833,-0.620833,-0.620833,-0.620833,-0.620833,-0.620833,-0.620833,-0.620833,-0.620833,-0.620833,-0.620833,-0.620833,-0.620833,-0.620833,-0.620833,-0.620833,-0.620833,-0.620833,-0.620833,-0.620833,-0.620833,-0.620833,-0.620833,-0.620833,-0.620833,-0.620833,-0.620833,-0.620833,-0.620833,-0.620833,-0.620833,-0.620833,-0.620833,-0.620833,-0.620833,-0.620833,-0.620833,-0.620833,-0.620833,-0.620833,-0.620833,-0.620833,-0.620833,-0.620833,-0.620833,-0.620833,-0.620833,-0.620833,-0.620833,-0.620833,-0.620833,-0.620833,-0.620833,-0.620833,-0.620833,-0.620833,-0.620833,-0.620833,-0.620833,-0.620833,-0.620833,-0.620833,-0.620833,-0.620833,-0.620833,-0.620833,-0.620833,-0.620833,-0.620833,-0.620833,-0.620833,-0.620833,-0.620833,-0.620833,-0.620833,-0.620833,-0.620833,-0.620833,-0.620833,-0.620833,-0.620833,-0.620833,-0.620833,-0.620833,-0.620833,-0.620833,-0.620833,-0.620833,-0.620833,-0.620833,-0.620833,-0.620833,-0.620833,-0.620833,-0.620833,-0.620833,-0.620833,-0.620833,-0.620833,-0.620833,-0.620833,-0.620833,-0.620833,-0.620833,-0.620833,-0.620833,-0.620833,-0.620833,-0.620833,-0.620833,-0.620833,-0.620833,-0.620833,-0.620833,-0.620833,-0.620833,-0.620833,-0.620833,-0.620833,-0.620833,-0.620833,-0.620833,-0.620833,-0.620833,-0.620833,-0.620833,-0.620833,-0.620833,-0.620833,-0.620833,-0.620833,-0.620833,-0.620833,-0.620833,-0.620833,-0.620833,-0.620833,-0.620833,-0.620833,-0.620833,-0.620833,-0.620833,-0.620833,-0.620833,-0.620833,-0.620833,-0.620833,-0.620833,-0.620833,-0.620833,-0.620833,-0.620833,-0.620833,-0.620833,-0.620833,-0.620833,-0.620833,-0.620833,-0.620833,-0.620833,-0.620833,-0.620833,-0.620833,-0.620833,-0.620833,-0.620833,-0.620833,-0.620833,-0.620833,-0.620833,-0.620833,-0.620833,-0.620833,-0.620833,-0.620833,-0.620833,-0.620833,-0.620833,-0.620833,-0.620833,-0.620833,-0.620833,-0.620833,-0.620833,-0.620833,-0.620833,-0.620833,-0.620833,-0.620833,-0.620833,-0.620833,-0.620833,-0.620833,-0.620833,-0.620833,-0.620833,-0.620833,-0.620833,-0.620833,-0.620833,-0.620833,-0.620833,-0.620833,-0.620833,-0.620833,-0.620833,-0.620833,-0.620833,-0.620833,-0.620833,-0.620833,-0.620833,-0.620833,-0.620833,-0.620833,-0.620833,-0.620833,-0.620833,-0.620833,-0.620833,-0.620833,-0.620833,-0.620833,-0.620833,-0.620833,-0.620833,-0.620833,-0.620833,-0.620833,-0.620833,-0.620833,-0.620833,-0.620833,-0.620833,-0.620833,-0.620833,-0.620833,-0.620833,-0.620833,-0.620833,-0.620833,-0.620833,-0.620833,-0.620833,-0.620833,-0.620833,-0.620833,-0.620833,-0.620833,-0.620833,-0.620833,-0.620833,-0.620833,-0.620833,-0.620833,-0.620833,-0.620833,-0.620833,-0.620833,-0.620833,-0.620833,-0.620833,-0.620833,-0.620833,-0.620833,-0.620833,-0.620833,-0.620833,-0.620833,-0.620833,-0.620833,-0.620833,-0.620833,-0.620833,-0.620833,-0.620833,-0.620833,-0.620833,-0.620833,-0.620833,-0.620833,-0.620833,-0.620833,-0.620833,-0.620833,-0.620833,-0.620833,-0.620833,-0.620833,-0.620833,-0.620833,-0.620833,-0.620833,-0.620833,-0.620833,-0.620833,-0.620833,-0.620833,-0.620833,-0.620833,-0.620833,-0.620833,-0.620833,-0.620833,-0.620833,-0.620833,-0.620833,-0.620833,-0.620833,-0.620833,-0.620833,-0.620833,-0.620833,-0.620833,-0.620833,-0.620833,-0.620833,-0.620833,-0.620833,-0.620833,-0.620833,-0.620833,-0.620833,-0.620833,-0.620833,-0.620833,-0.620833,-0.620833,-0.620833,-0.620833,-0.620833,-0.620833,-0.620833,-0.620833,-0.620833,-0.620833,-0.620833,-0.620833,-0.620833,-0.620833,-0.620833,-0.620833,-0.620833,-0.620833,-0.620833,-0.620833,-0.620833,-0.620833,-0.620833,-0.620833,-0.620833,-0.620833,-0.620833,-0.620833,-0.620833,-0.620833,-0.620833,-0.620833,-0.620833,-0.620833,-0.620833,-0.620833,-0.620833,-0.620833,-0.620833,-0.620833,-0.620833,-0.620833,-0.620833,-0.620833,-0.620833,-0.620833,-0.620833,-0.620833,-0.620833,-0.620833,-0.620833,-0.620833,-0.620833,-0.620833,-0.620833,-0.620833,-0.620833,-0.620833,-0.620833,-0.620833,-0.620833,-0.620833,-0.620833,-0.620833,-0.620833,-0.620833,-0.620833,-0.620833,-0.620833,-0.620833,-0.620833,-0.620833,-0.620833,-0.620833,-0.620833,-0.620833,-0.620833,-0.620833,-0.620833,-0.620833,-0.620833,-0.620833,-0.620833,-0.620833,-0.620833,-0.620833,-0.620833,-0.620833,-0.620833,-0.620833,-0.620833,-0.620833,-0.620833,-0.620833,-0.620833,-0.620833,-0.620833,-0.620833,-0.620833,-0.620833,-0.620833,-0.620833,-0.620833,-0.620833,-0.620833,-0.620833,-0.620833,-0.620833,-0.620833,-0.620833,-0.620833,-0.620833,-0.620833,-0.620833,-0.620833,-0.620833,-0.620833,-0.620833,-0.620833,-0.620833,-0.620833,-0.620833,-0.620833,-0.620833,-0.620833,-0.620833,-0.620833,-0.620833,-0.620833,-0.620833,-0.620833,-0.620833,-0.620833,-0.620833,-0.620833,-0.620833,-0.620833,-0.620833,-0.620833,-0.620833,-0.620833,-0.620833,-0.620833,-0.620833,-0.620833,-0.620833,-0.620833,-0.620833,-0.620833,-0.620833,-0.620833,-0.620833,-0.620833,-0.620833,-0.620833,-0.620833,-0.620833,-0.620833,-0.620833,-0.620833,-0.620833,-0.620833,-0.620833,-0.620833,-0.620833,-0.620833,-0.620833,-0.620833,-0.620833,-0.620833,-0.620833,-0.620833,-0.620833,-0.620833,-0.620833,-0.620833,-0.620833,-0.620833,-0.620833,-0.620833,-0.620833,-0.620833,-0.620833,-0.620833,-0.620833,-0.620833,-0.620833,-0.620833,-0.620833,-0.620833,-0.620833,-0.620833,-0.620833,-0.620833,-0.620833,-0.620833,-0.620833,-0.620833,-0.620833,-0.620833,-0.620833,-0.620833,-0.620833,-0.620833,-0.620833,-0.620833,-0.620833,-0.620833,-0.620833,-0.620833,-0.620833,-0.620833,-0.620833,-0.620833,-0.620833,-0.620833,-0.620833,-0.620833,-0.620833,-0.620833,-0.620833,-0.620833,-0.620833,-0.620833,-0.620833,-0.620833,-0.620833,-0.620833,-0.620833,-0.620833,-0.620833,-0.620833,-0.620833,-0.620833,-0.620833,-0.620833,-0.620833,-0.620833,-0.620833,-0.620833,-0.620833,-0.620833,-0.620833,-0.620833,-0.620833,-0.620833,-0.620833,-0.620833,-0.620833,-0.620833,-0.620833,-0.620833,-0.620833,-0.620833,-0.620833,-0.620833,-0.620833,-0.620833,-0.620833,-0.620833,-0.620833,-0.620833,-0.620833,-0.620833,-0.620833,-0.620833,-0.620833,-0.620833,-0.620833,-0.620833,-0.620833,-0.620833,-0.620833,-0.620833,-0.620833,-0.620833,-0.620833,-0.620833,-0.620833,-0.620833,-0.620833,-0.620833,-0.620833,-0.620833,0.964583,0.964583,0.964583,0.964583,0.964583,0.964583,0.964583,0.964583,0.964583,0.964583,0.964583,0.964583,0.964583,0.964583,0.964583,0.964583,0.964583,0.964583,0.964583,0.964583,0.958333,0.939583,0.925,0.925,0.925,0.925,0.925,0.925,0.925,0.925,0.925,0.925,0.925,0.925,0.925,0.925,0.925,0.925,0.925,0.925,0.925,0.925,0.925,0.925,0.925,0.925,0.925,0.925,0.925,0.925,0.925,0.925,0.925,0.925,0.925,0.925,0.925,0.925,0.925,0.925,0.925,0.925,0.925,0.925,-0.075,-0.08125,-0.0875,-0.09375,-0.095833,-0.095833,-0.095833,-0.1,-0.104167,-0.114583,-0.122917,-0.125,-0.129167,-0.135417,-0.139583,-0.152083,-0.16875,-0.177083,-0.191667,-0.204167,-0.210417,-0.222917,-0.2375,-0.239583,-0.245833,-0.25,-0.252083,-0.258333,-0.266667,-0.270833,-0.28125,-0.29375,-0.297917,-0.308333,-0.31875,-0.325,-0.341667,-0.35625,-0.36875,-0.372917,-0.38125,-0.383333,-0.3875,-0.389583,-0.395833,-0.4,-0.40625,-0.410417,-0.41875,-0.420833,-0.427083,-0.433333,-0.435417,-0.439583,-0.45,-0.452083,-0.452083,-0.44375,-0.429167,-0.416667,-0.402083,-0.402083,-0.402083,-0.402083,-0.402083,-0.402083,-0.402083,-0.402083,-0.402083,-0.402083,-0.402083,-0.402083,-0.402083,-0.402083,0.01875,0.020833,0.020833,0.014583,0.004167,-0.008333,-0.0125,-0.020833,-0.025,-0.035417,-0.041667,-0.054167,-0.058333,-0.060417,-0.060417,-0.060417,-0.066667,-0.077083,-0.08125,-0.091667,-0.097917,-0.102083,-0.108333,-0.1125,-0.116667,-0.122917,-0.127083,-0.135417,-0.139583,-0.147917,-0.15625,-0.166667,-0.172917,-0.185417,-0.191667,-0.202083,-0.210417,-0.21875,-0.222917,-0.235417,-0.241667,-0.252083,-0.258333,-0.260417,-0.260417,-0.264583,-0.266667,-0.275,-0.283333,-0.291667,-0.29375,-0.3,-0.302083,-0.30625,-0.310417,-0.3125,-0.3125,-0.3125,-0.3125,-0.310417,-0.302083,-0.283333,-0.270833,-0.239583,-0.222917,-0.191667,-0.1625,-0.13125,-0.114583,-0.08125,-0.064583,-0.035417,-0.016667,-0.004167,0,0.00625,0.008333,0.0125,0.0125,0.0125,0.014583,0.020833,0.025,0.03125,0.035417,0.0375,0.0375,0.0375,0.0375,0.0375,0.033333]","[-0.001778,-0.001778,-0.001778,-0.001778,-0.001778,-0.001778,-0.001778,-0.001778,-0.001778,-0.001778,-0.001778,-0.001778,-0.001778,-0.001778,-0.001778,-0.001778,-0.001778,-0.001778,-0.001778,-0.011111,-0.039111,-0.057778,-0.110667,-0.138667,-0.197778,-0.247556,-0.288,-0.297333,-0.306667,-0.306667,-0.303556,-0.294222,-0.288,-0.284889,-0.275556,-0.266222,-0.247556,-0.238222,-0.235111,-0.235111,-0.241333,-0.247556,-0.266222,-0.291111,-0.309778,-0.356444,-0.409333,-0.437333,-0.496444,-0.558667,-0.592889,-0.670667,-0.760889,-0.801333,-0.848,-0.851111,-0.851111,-0.851111,-0.851111,-0.851111,-0.851111,-0.851111,-0.891556,-0.885333,-0.860444,-0.838667,-0.838667,-0.838667,-0.838667,-0.838667,-0.838667,-0.838667,-0.838667,-0.838667,-0.838667,-0.838667,-0.838667,-0.838667,-0.838667,-0.838667,-0.838667,-0.838667,-0.838667,-0.838667,-0.838667,-0.838667,-0.838667,-0.838667,-0.838667,-0.838667,-0.838667,-0.838667,-0.838667,-0.838667,-0.838667,-0.838667,-0.838667,-0.838667,-0.838667,-0.838667,-0.838667,-0.838667,-0.838667,-0.838667,-0.838667,-0.838667,-0.838667,-0.838667,-0.838667,-0.838667,-0.838667,-0.838667,-0.838667,-0.838667,-0.838667,-0.838667,-0.838667,-0.838667,-0.838667,-0.838667,-0.838667,-0.838667,-0.838667,-0.838667,-0.838667,-0.838667,-0.838667,-0.838667,-0.838667,-0.838667,-0.838667,-0.838667,-0.838667,-0.838667,-0.838667,-0.838667,-0.838667,-0.838667,-0.838667,-0.838667,-0.838667,-0.838667,-0.838667,-0.838667,-0.838667,-0.838667,-0.838667,-0.838667,-0.838667,-0.838667,-0.838667,-0.838667,-0.838667,-0.838667,-0.838667,-0.838667,-0.838667,-0.838667,-0.838667,-0.838667,-0.838667,-0.838667,-0.838667,-0.838667,-0.838667,-0.838667,-0.838667,-0.838667,-0.838667,-0.838667,-0.838667,-0.838667,-0.838667,-0.838667,-0.838667,-0.838667,-0.838667,-0.838667,-0.838667,-0.838667,-0.838667,-0.838667,-0.838667,-0.838667,-0.838667,-0.838667,-0.838667,-0.838667,-0.838667,-0.838667,-0.838667,-0.838667,-0.838667,-0.838667,-0.838667,-0.838667,-0.838667,-0.838667,-0.838667,-0.838667,-0.838667,-0.838667,-0.838667,-0.838667,-0.838667,-0.838667,-0.838667,-0.838667,-0.838667,-0.838667,-0.838667,-0.838667,-0.838667,-0.838667,-0.838667,-0.838667,-0.838667,-0.838667,-0.838667,-0.838667,-0.838667,-0.838667,-0.838667,-0.838667,-0.838667,-0.838667,-0.838667,-0.838667,-0.838667,-0.838667,-0.838667,-0.838667,-0.838667,-0.838667,-0.838667,-0.838667,-0.838667,-0.838667,-0.838667,-0.838667,-0.838667,-0.838667,-0.838667,-0.838667,-0.838667,-0.838667,-0.838667,-0.838667,-0.838667,-0.838667,-0.838667,-0.838667,-0.838667,-0.838667,-0.838667,-0.838667,-0.838667,-0.838667,-0.838667,-0.838667,-0.838667,-0.838667,-0.838667,-0.838667,-0.838667,-0.838667,-0.838667,-0.838667,-0.838667,-0.838667,-0.838667,-0.838667,-0.838667,-0.838667,-0.838667,-0.838667,-0.838667,-0.838667,-0.838667,-0.838667,-0.838667,-0.838667,-0.838667,-0.838667,-0.838667,-0.838667,-0.838667,-0.838667,-0.838667,-0.838667,-0.838667,-0.838667,-0.838667,-0.838667,-0.838667,-0.838667,-0.838667,-0.838667,-0.838667,-0.838667,-0.838667,-0.838667,-0.838667,-0.838667,-0.838667,-0.838667,-0.838667,-0.838667,-0.838667,-0.838667,-0.838667,-0.838667,-0.838667,-0.838667,-0.838667,-0.838667,-0.838667,-0.838667,-0.838667,-0.838667,-0.838667,-0.838667,-0.838667,-0.838667,-0.838667,-0.838667,-0.838667,-0.838667,-0.838667,-0.838667,-0.838667,-0.838667,-0.838667,-0.838667,-0.838667,-0.838667,-0.838667,-0.838667,-0.838667,-0.838667,-0.838667,-0.838667,-0.838667,-0.838667,-0.838667,-0.838667,-0.838667,-0.838667,-0.838667,-0.838667,-0.838667,-0.838667,-0.838667,-0.838667,-0.838667,-0.838667,-0.838667,-0.838667,-0.838667,-0.838667,-0.838667,-0.838667,-0.838667,-0.838667,-0.838667,-0.838667,-0.838667,-0.838667,-0.838667,-0.838667,-0.838667,-0.838667,-0.838667,-0.838667,-0.838667,-0.838667,-0.838667,-0.838667,-0.838667,-0.838667,-0.838667,-0.838667,-0.838667,-0.838667,-0.838667,-0.838667,-0.838667,-0.838667,-0.838667,-0.838667,-0.838667,-0.838667,-0.838667,-0.838667,-0.838667,-0.838667,-0.838667,-0.838667,-0.838667,-0.838667,-0.838667,-0.838667,-0.838667,-0.838667,-0.838667,-0.838667,-0.838667,-0.838667,-0.838667,-0.838667,-0.838667,-0.838667,-0.838667,-0.838667,-0.838667,-0.838667,-0.838667,-0.838667,-0.838667,-0.838667,-0.838667,-0.838667,-0.838667,-0.838667,-0.838667,-0.838667,-0.838667,-0.838667,-0.838667,-0.838667,-0.838667,-0.838667,-0.838667,-0.838667,-0.838667,-0.838667,-0.838667,-0.838667,-0.838667,-0.838667,-0.838667,-0.838667,-0.838667,-0.838667,-0.838667,-0.838667,-0.838667,-0.838667,-0.838667,-0.838667,-0.838667,-0.838667,-0.838667,-0.838667,-0.838667,-0.838667,-0.838667,-0.838667,-0.838667,-0.838667,-0.838667,-0.838667,-0.838667,-0.838667,-0.838667,-0.838667,-0.838667,-0.838667,-0.838667,-0.838667,-0.838667,-0.838667,-0.838667,-0.838667,-0.838667,-0.838667,-0.838667,-0.838667,-0.838667,-0.838667,-0.838667,-0.838667,-0.838667,-0.838667,-0.838667,-0.838667,-0.838667,-0.838667,-0.838667,-0.838667,-0.838667,-0.838667,-0.838667,-0.838667,-0.838667,-0.838667,-0.838667,-0.838667,-0.838667,-0.838667,-0.838667,-0.838667,-0.838667,-0.838667,-0.838667,-0.838667,-0.838667,-0.838667,-0.838667,-0.838667,-0.838667,-0.838667,-0.838667,-0.838667,-0.838667,-0.838667,-0.838667,-0.838667,-0.838667,-0.838667,-0.838667,-0.838667,-0.838667,-0.838667,-0.838667,-0.838667,-0.838667,-0.838667,-0.838667,-0.838667,-0.838667,-0.838667,-0.838667,-0.838667,-0.838667,-0.838667,-0.838667,-0.838667,-0.838667,-0.838667,-0.838667,-0.838667,-0.838667,-0.838667,-0.838667,-0.838667,-0.838667,-0.838667,-0.838667,-0.838667,-0.838667,-0.838667,-0.838667,-0.838667,-0.838667,-0.838667,-0.838667,-0.838667,-0.838667,-0.838667,-0.838667,-0.838667,-0.838667,-0.838667,-0.838667,-0.838667,-0.838667,-0.838667,-0.838667,-0.838667,-0.838667,-0.838667,-0.838667,-0.838667,-0.838667,-0.838667,-0.838667,-0.838667,-0.838667,-0.838667,-0.838667,-0.838667,-0.838667,-0.838667,-0.838667,-0.838667,-0.838667,-0.838667,-0.838667,-0.838667,-0.838667,-0.838667,-0.838667,-0.838667,-0.838667,-0.838667,-0.838667,-0.838667,-0.838667,-0.838667,-0.838667,-0.838667,-0.838667,-0.838667,-0.838667,-0.838667,-0.838667,-0.838667,-0.838667,-0.838667,-0.838667,-0.838667,-0.838667,-0.838667,-0.838667,-0.838667,-0.838667,-0.838667,-0.838667,-0.838667,-0.838667,-0.838667,-0.838667,-0.838667,-0.838667,-0.838667,-0.838667,-0.838667,-0.838667,-0.838667,-0.838667,-0.838667,-0.838667,-0.838667,-0.838667,-0.838667,-0.838667,-0.838667,-0.838667,-0.838667,-0.838667,-0.838667,-0.838667,-0.838667,-0.838667,-0.838667,-0.838667,-0.838667,-0.838667,-0.838667,-0.838667,-0.838667,-0.838667,-0.838667,-0.838667,-0.838667,-0.838667,-0.838667,-0.838667,-0.838667,-0.838667,-0.838667,-0.838667,-0.838667,-0.838667,-0.838667,-0.838667,-0.838667,-0.838667,-0.838667,-0.838667,-0.838667,-0.838667,-0.838667,-0.838667,-0.838667,-0.838667,-0.838667,-0.838667,-0.838667,-0.838667,-0.838667,-0.838667,-0.838667,-0.838667,-0.838667,-0.838667,-0.838667,-0.838667,-0.838667,-0.838667,-0.838667,-0.838667,1.158667,1.158667,1.158667,1.158667,1.158667,1.158667,1.158667,1.158667,1.158667,1.158667,1.158667,1.158667,1.158667,1.158667,1.158667,1.158667,1.158667,1.158667,1.158667,1.158667,1.161778,1.174222,1.177333,1.177333,1.177333,1.180444,1.180444,1.180444,1.180444,1.180444,1.180444,1.180444,1.180444,1.180444,1.180444,1.180444,1.180444,1.180444,1.180444,1.180444,1.180444,1.180444,1.180444,1.180444,1.180444,1.180444,1.180444,1.180444,1.180444,1.180444,1.180444,1.180444,1.180444,1.180444,1.180444,1.180444,1.180444,1.180444,1.180444,1.180444,1.180444,1.180444,1.180444,1.180444,-0.978667,-0.969333,-0.963111,-0.938222,-0.919556,-0.900889,-0.866667,-0.826222,-0.807556,-0.770222,-0.732889,-0.714222,-0.670667,-0.630222,-0.611556,-0.583556,-0.561778,-0.555556,-0.54,-0.530667,-0.527556,-0.518222,-0.499556,-0.496444,-0.474667,-0.449778,-0.437333,-0.409333,-0.381333,-0.365778,-0.344,-0.319111,-0.309778,-0.288,-0.269333,-0.26,-0.241333,-0.219556,-0.197778,-0.188444,-0.163556,-0.151111,-0.126222,-0.116889,-0.104444,-0.092,-0.079556,-0.070222,-0.051556,-0.042222,-0.026667,-0.017333,-0.014222,-0.014222,-0.014222,-0.011111,-0.011111,-0.017333,-0.045333,-0.064,-0.088889,-0.088889,-0.088889,-0.088889,-0.088889,-0.088889,-0.088889,-0.088889,-0.088889,-0.088889,-0.088889,-0.088889,-0.088889,-0.088889,-0.953778,-0.953778,-0.953778,-0.947556,-0.935111,-0.916444,-0.910222,-0.891556,-0.882222,-0.854222,-0.841778,-0.816889,-0.801333,-0.767111,-0.751556,-0.717333,-0.686222,-0.655111,-0.642667,-0.620889,-0.611556,-0.589778,-0.568,-0.549333,-0.54,-0.521333,-0.512,-0.490222,-0.477778,-0.449778,-0.421778,-0.396889,-0.387556,-0.365778,-0.353333,-0.331556,-0.312889,-0.294222,-0.288,-0.272444,-0.263111,-0.247556,-0.228889,-0.210222,-0.204,-0.194667,-0.191556,-0.182222,-0.172889,-0.157333,-0.154222,-0.141778,-0.138667,-0.129333,-0.116889,-0.101333,-0.095111,-0.082667,-0.070222,-0.067111,-0.060889,-0.054667,-0.051556,-0.048444,-0.045333,-0.045333,-0.045333,-0.042222,-0.039111,-0.039111,-0.039111,-0.045333,-0.060889,-0.076444,-0.085778,-0.098222,-0.101333,-0.104444,-0.104444,-0.101333,-0.098222,-0.085778,-0.073333,-0.057778,-0.045333,-0.036,-0.036,-0.032889,-0.032889,-0.029778,-0.023556]","[0.0002,0.0168,0.0338,0.05,0.0669,0.0833,0.1003,0.1172,0.1342,0.1502,0.1667,0.1838,0.1998,0.2167,0.2338,0.2508,0.2669,0.284,0.3,0.317,0.3341,0.3503,0.3675,0.3839,0.4001,0.4172,0.4338,0.4503,0.4671,0.4835,0.5005,0.517,0.5343,0.5506,0.5672,0.5839,0.6003,0.6174,0.6338,0.651,0.6672,0.6839,0.7004,0.7175,0.7339,0.7512,0.7675,0.7838,0.8008,0.8177,0.834,0.8507,0.8672,0.8841,0.9011,0.9174,0.9342,0.9569,0.97,1.0049,1.0174,1.0338,1.065,1.0706,1.0847,1.1013,1.1178,1.135,1.1508,1.1678,1.1839,1.2009,1.2175,1.2345,1.2509,1.2679,1.2843,1.3013,1.3178,1.334,1.3509,1.3677,1.3842,1.4017,1.4174,1.4346,1.4509,1.4688,1.4858,1.5009,1.5178,1.5354,1.5515,1.5677,1.5846,1.6017,1.6186,1.6356,1.6516,1.6685,1.6849,1.7017,1.7177,1.735,1.7513,1.7683,1.7847,1.8014,1.8182,1.8348,1.8519,1.8679,1.8849,1.9016,1.9182,1.9346,1.9519,1.9679,1.9851,2.0016,2.0182,2.0354,2.0515,2.0684,2.085,2.1017,2.1181,2.1352,2.1516,2.1685,2.1851,2.2017,2.2186,2.2349,2.2519,2.2684,2.2852,2.3023,2.3187,2.335,2.3526,2.369,2.3853,2.402,2.419,2.4352,2.4522,2.4691,2.4854,2.5023,2.5184,2.5359,2.5521,2.5689,2.5852,2.6021,2.6185,2.6353,2.6526,2.6691,2.6857,2.7025,2.7188,2.7353,2.7521,2.7688,2.7854,2.8023,2.8186,2.8359,2.8521,2.8691,2.8858,2.9026,2.919,2.9356,2.9527,2.9692,2.9856,3.0024,3.0189,3.036,3.0522,3.0689,3.0863,3.1028,3.1192,3.1363,3.1526,3.1691,3.1857,3.2026,3.2197,3.236,3.2526,3.2691,3.2857,3.3025,3.3192,3.3364,3.353,3.3698,3.386,3.4029,3.4192,3.4361,3.4526,3.4695,3.4863,3.503,3.5196,3.5367,3.5527,3.5698,3.5869,3.6032,3.6197,3.6362,3.6529,3.6695,3.6868,3.7032,3.7196,3.7365,3.753,3.7701,3.7865,3.8032,3.8198,3.8363,3.8531,3.8699,3.8862,3.9028,3.9197,3.9365,3.9533,3.9699,3.9863,4.003,4.0199,4.0368,4.0529,4.0699,4.0863,4.1035,4.1199,4.1367,4.1536,4.1701,4.1869,4.2035,4.2202,4.2367,4.2532,4.2703,4.2868,4.3034,4.3205,4.3368,4.3537,4.3702,4.3868,4.4038,4.4202,4.437,4.454,4.4702,4.4872,4.504,4.5206,4.5375,4.554,4.5708,4.5876,4.6044,4.6203,4.6368,4.6539,4.6704,4.6876,4.7045,4.7209,4.7376,4.7541,4.77,4.7871,4.8036,4.8203,4.8371,4.8538,4.8707,4.8871,4.9044,4.9212,4.9369,4.9537,4.9704,4.987,5.004,5.0211,5.0377,5.0542,5.0711,5.0876,5.1043,5.1211,5.1373,5.1539,5.1704,5.188,5.2046,5.2213,5.2372,5.254,5.2713,5.2877,5.3044,5.3209,5.3373,5.3539,5.371,5.3877,5.4045,5.4208,5.4375,5.4542,5.4713,5.4879,5.5047,5.5209,5.5378,5.5543,5.5711,5.5874,5.6042,5.6216,5.6385,5.6541,5.671,5.6878,5.7046,5.7212,5.7377,5.7541,5.771,5.7875,5.8049,5.821,5.8377,5.8543,5.8721,5.8877,5.9046,5.9211,5.9375,5.9546,5.971,5.988,6.0048,6.0211,6.0381,6.0546,6.0709,6.088,6.1046,6.1212,6.1379,6.1548,6.1714,6.188,6.205,6.2213,6.2378,6.2546,6.2713,6.288,6.3048,6.3216,6.3379,6.3545,6.3725,6.3879,6.4047,6.4214,6.4381,6.4549,6.4717,6.4883,6.5049,6.5216,6.5386,6.5553,6.5719,6.5885,6.6052,6.6217,6.6385,6.6555,6.6718,6.6885,6.7056,6.7219,6.7388,6.7552,6.7718,6.7884,6.8053,6.8221,6.8389,6.8558,6.8721,6.8888,6.9057,6.9222,6.9387,6.9555,6.9721,6.9889,7.0054,7.022,7.0388,7.0553,7.0723,7.0888,7.1059,7.1225,7.139,7.1555,7.1726,7.1894,7.2059,7.2225,7.2394,7.256,7.2726,7.2896,7.3056,7.3222,7.3389,7.3558,7.3726,7.389,7.4056,7.4223,7.4391,7.4557,7.4723,7.489,7.5056,7.5223,7.5392,7.5558,7.5726,7.5896,7.6056,7.6226,7.6397,7.6557,7.6727,7.6891,7.7059,7.7225,7.7392,7.7562,7.773,7.7897,7.8059,7.8225,7.8391,7.8561,7.873,7.8896,7.906,7.9228,7.9391,7.9561,7.9727,7.9897,8.0065,8.0233,8.0399,8.0562,8.073,8.0898,8.1064,8.1233,8.1397,8.1564,8.1728,8.2005,8.2136,8.2227,8.2394,8.2567,8.2732,8.2896,8.3063,8.3229,8.3395,8.3564,8.3731,8.3896,8.4072,8.4231,8.4398,8.4566,8.4738,8.4904,8.5067,8.5234,8.5398,8.5561,8.5737,8.5896,8.6066,8.6235,8.6409,8.6576,8.6733,8.6906,8.7072,8.7238,8.7397,8.7566,8.7735,8.7907,8.8076,8.8347,8.8475,8.8567,8.874,8.8903,8.9074,8.9231,8.9399,8.9573,8.9738,8.9906,9.0073,9.0239,9.0406,9.0571,9.074,9.0909,9.1068,9.1237,9.141,9.1575,9.1741,9.1908,9.2078,9.2242,9.2409,9.2577,9.2737,9.2905,9.3069,9.3237,9.3404,9.3572,9.374,9.3908,9.4075,9.4239,9.4409,9.4577,9.4742,9.491,9.5077,9.5243,9.5412,9.5573,9.5739,9.5904,9.6073,9.6241,9.6411,9.658,9.6737,9.6905,9.7082,9.7247,9.7413,9.757,9.7749,9.7905,9.8073,9.8241,9.8408,9.8577,9.8748,9.8916,9.9073,9.9248,9.9414,9.9573,9.9748,9.9907,10.0072,10.0249,10.0409,10.0572,10.0743,10.0913,10.1076,10.1242,10.1408,10.1582,10.1739,10.1918,10.2078,10.2251,10.2417,10.2578,10.2746,10.2912,10.3076,10.3253,10.3409,10.3578,10.3748,10.3912,10.4077,10.4242,10.4412,10.4582,10.4744,10.4911,10.5077,10.5243,10.5416,10.558,10.5747,10.5912,10.6077,10.6247,10.6414,10.6581,10.6748,10.6915,10.7082,10.7244,10.7415,10.7584,10.7746,10.791,10.8083,10.8249,10.8419,10.8583,10.8752,10.8916,10.9081,10.9248,10.9413,10.9586,10.9751,10.9914,11.0087,11.0251,11.0421,11.0584,11.0749,11.0915,11.1089,11.125,11.1413,11.1588,11.1752,11.1916,11.2084,11.2255,11.2417,11.2587,11.2751,11.2916,11.3087,11.3252,11.3416,11.3587,11.3756,11.3918,11.4086,11.4253,11.4419,11.4584,11.4757,11.4919,11.509,11.5257,11.5422,11.559,11.5771,11.5916,11.6099,11.6261,11.6429,11.6589,11.6756,11.6923,11.7094,11.726,11.742,11.7587,11.7755,11.7921,11.8089,11.8256,11.8423,11.8589,11.8758,11.8924,11.9099,11.9263,11.9429,11.9589,11.9755,11.9937,12.009,12.026,12.0429,12.0593,12.0759,12.0928,12.1103,12.1254,12.1429,12.1593,12.176,12.1928,12.2092,12.2264,12.2428,12.2592,12.2757,12.2931,12.3096,12.3262,12.3425,12.3597,12.3763,12.3925,12.4093,12.426,12.4424,12.4591,12.4759,12.4927,12.5094,12.526,12.5434,12.5596,12.5759,12.5924,12.6101,12.6265,12.6437,12.6607,12.6765,12.6938,12.7096,12.7267,12.7436,12.7604,12.7772,12.7932,12.8102,12.8269,12.8436,12.8603,12.8769,12.8935,12.9104,12.9271,12.9437,12.9605,12.9772,12.9932,13.0102,13.0273,13.0433,13.0602,13.0772,13.0934,13.1103,13.1271,13.1437,13.1607,13.1768,13.1939,13.2107,13.2274,13.2441,13.2607,13.2774,13.2942,13.3107,13.3275,13.3444,13.3612,13.377,13.3941,13.411,13.4278,13.4436,13.4607,13.478,13.4935,13.5106,13.5274,13.5443,13.5614,13.5778,13.5943,13.6116,13.6273,13.6443,13.6606,13.6773,13.6941,13.7106,13.7271,13.7434,13.761,13.7777,13.7942,13.8106,13.8269,13.8444,13.8611,13.8781,13.8946,13.9111,13.9282,13.9446,13.9616,13.9778,13.9947,14.0114,14.0273,14.0446,14.0618,14.0775,14.0944,14.1109,14.1276,14.1444,14.1616,14.1785,14.1944,14.2111,14.2277,14.2446,14.2618,14.2776,14.2944,14.3112,14.3279,14.3451,14.3611,14.3779,14.3948,14.411,14.4278,14.4445,14.4616,14.4776,14.4944,14.5111,14.5279,14.5448,14.5618,14.5778,14.5946,14.611,14.6277,14.6445,14.6615,14.6784,14.6951,14.7117,14.7288,14.7443,14.7616,14.7785,14.7951,14.812,14.8286,14.8454,14.8613,14.8779,14.8945,14.9112,14.928,14.9451,14.9622,14.978,14.9946,15.0112,15.0282,15.0451,15.0621,15.0788,15.0957,15.1115,15.1283,15.1453,15.1613,15.178,15.1947,15.2115,15.2283,15.2449,15.2616,15.2782,15.2949,15.3114,15.3282,15.345,15.3618,15.3788]","[1,1,1,1,1,1,1,1,1,1,1,1,1,1,1,1,1,1,1,1,1,1,1,1,1,1,1,1,1,1,1,1,1,1,1,1,1,1,1,1,1,1,1,1,1,1,1,1,1,1,1,1,2,2,2,2,2,2,2,2,2,2,2,2,2,2,2,2,2,2,2,2,2,2,2,2,2,2,2,2,2,2,2,2,2,2,2,2,2,2,2,2,2,2,2,2,2,2,2,2,2,2,2,2,2,2,2,2,2,2,2,2,2,2,2,2,2,2,2,2,2,2,2,2,2,2,2,2,2,2,2,2,2,2,2,2,2,2,2,2,2,2,2,2,2,2,2,2,2,2,2,2,2,2,2,2,2,2,2,2,2,2,2,2,2,2,2,2,2,2,2,2,2,2,2,2,2,2,2,2,2,2,2,2,2,2,2,2,2,2,2,2,2,2,2,2,2,2,2,2,2,2,2,2,2,2,2,2,2,2,2,2,2,2,2,2,2,2,2,2,2,2,2,2,2,2,2,2,2,2,2,2,2,2,2,2,2,2,2,2,2,2,2,2,2,2,2,2,2,2,2,2,2,2,2,2,2,2,2,2,2,2,2,2,2,2,2,2,2,2,2,2,2,2,2,2,2,2,2,2,2,2,2,2,2,2,2,2,2,2,2,2,2,2,2,2,2,2,2,2,2,2,2,2,2,2,2,2,2,2,2,2,2,2,2,2,2,2,2,2,2,2,2,2,2,2,2,2,2,2,2,2,2,2,2,2,2,2,2,2,2,2,2,2,2,2,2,2,2,2,2,2,2,2,2,2,2,2,2,2,2,2,2,2,2,2,2,2,2,2,2,2,2,2,2,2,2,2,2,2,2,2,2,2,2,2,2,2,2,2,2,2,2,2,2,2,2,2,2,2,2,2,2,2,2,2,2,2,2,2,2,2,2,2,2,2,2,2,2,2,2,2,2,2,2,2,2,2,2,2,2,2,2,2,2,2,2,2,2,2,2,2,2,2,2,2,2,2,2,2,2,2,2,2,2,2,2,2,2,2,2,2,2,2,2,2,2,2,2,2,2,2,2,2,2,2,2,2,2,2,2,2,2,2,2,2,2,2,2,2,2,2,2,2,2,2,2,2,2,2,2,2,2,2,2,2,2,2,2,2,2,2,2,2,2,2,2,2,2,2,2,2,2,2,2,2,2,2,2,2,2,2,2,2,2,2,2,2,2,2,2,2,2,2,2,2,2,2,2,2,2,2,2,2,2,2,2,2,2,2,2,2,2,2,2,2,2,2,2,2,2,2,2,2,2,2,2,2,2,2,2,2,2,2,2,2,2,2,2,2,2,2,2,2,2,2,2,2,2,2,2,2,2,2,2,2,2,2,2,2,2,2,2,2,2,2,2,2,2,2,2,2,2,2,2,2,2,2,2,2,2,2,2,2,2,2,2,2,2,2,2,2,2,2,2,2,2,2,2,2,2,2,2,2,2,2,2,2,2,2,2,2,2,2,2,2,2,2,2,2,2,2,2,2,2,2,2,2,2,2,2,2,2,2,2,2,2,2,2,2,2,2,2,2,2,2,2,2,2,2,2,2,2,2,2,2,2,2,2,2,2,2,2,2,2,2,2,2,2,2,2,2,2,2,2,2,2,2,2,2,2,2,2,2,2,2,2,2,2,2,2,2,2,2,2,2,2,2,2,2,2,2,2,2,2,2,2,2,2,2,2,2,2,2,2,2,2,2,2,2,2,2,2,2,2,2,2,2,2,2,2,2,2,2,2,2,2,2,2,2,2,2,2,2,2,2,2,2,2,2,2,2,2,2,2,2,2,2,2,2,2,2,2,2,2,2,2,2,2,2,2,2,2,2,2,2,2,2,2,2,2,2,2,2,2,2,2,2,2,2,2,2,2,2,2,2,2,2,2,2,2,2,2,2,2,2,2,2,2,2,2,2,2,2,2,2,2,2,2,2,2,2,2,2,2,2,2,2,2,2,2,2,2,2,2,2,2,2,2,2,2,2,2,2,2,2,2,2,2,2,2,2,2,2,2,2,2,2,2,2,2,2,2,2,2,2,2,2,2,2,2,2]",120,806.0351,4,233,0,233,0,1,229579,4,SV_73ADPjbMtd0KUBg,304,2022-03-02_15h06.07.165,implicit_time,2021.1.4,Linux x86_64,59.95563283
cursorjump,315,45,0.5,10,NA,0,NA,0,1,0.5,FALSE,rotation,1,"[0,0,0.002083,0.002083,0.002083,0.002083,0.002083,0.002083,0.002083,0.002083,0.002083,0.002083,0.002083,0.002083,0.002083,0.002083,0.002083,0.002083,0.002083,0.002083,0.002083,0.002083,0.002083,0.002083,0.002083,0.002083,0.002083,0.002083,0.002083,0.002083,0.002083,0.002083,0.002083,0.002083,0.002083,0.002083,0.002083,0.002083,0.002083,0.002083,0.002083,0.002083,0.002083,0.002083,0.002083,0.002083,0.002083,0.002083,0.002083,0.002083,0.002083,0.002083,0.002083,0.002083,0.002083,0.002083,0.002083,0.002083,0.002083,0.002083,0.002083,0.002083,0.002083,0.002083,0.002083,0.002083,0.002083,0.002083,0.002083,0.002083,0.002083,0.002083,0.002083,0.002083,0.002083,0.004167,0.008333,0.014583,0.020833,0.03125,0.041667,0.045833,0.047917,0.054167,0.0625,0.08125,0.10625,0.122917,0.154167,0.18125,0.191667,0.20625,0.2125,0.214583,0.21875,0.225,0.229167,0.24375,0.258333,0.264583,0.283333,0.302083,0.310417,0.320833,0.322917,0.322917,0.314583,0.304167,0.297917,0.29375,0.291667,0.291667,0.289583,0.289583,0.289583,0.289583,0.285417,0.277083,0.241667,0.216667,0.152083,0.085417,0.016667,-0.016667,-0.075,-0.1,-0.139583,-0.166667,-0.185417,-0.189583,-0.195833,-0.197917,-0.195833,-0.19375,-0.1875,-0.185417,-0.18125,-0.18125,-0.179167,-0.175,-0.170833,-0.16875,-0.16875,-0.16875,-0.175,-0.179167,-0.18125,-0.179167,-0.16875,-0.1625,-0.158333,-0.15625,-0.152083,-0.147917,-0.133333,-0.125,-0.102083,-0.083333,-0.066667,-0.060417,-0.045833,-0.039583,-0.027083,-0.0125,0]","[0.004444,0.004444,0.004444,0.004444,0.001333,0.001333,0.001333,0.001333,0.001333,0.001333,0.001333,0.001333,0.001333,0.001333,0.001333,0.001333,0.001333,0.001333,0.001333,0.001333,0.001333,0.001333,0.001333,0.001333,0.001333,0.001333,0.001333,0.001333,0.001333,0.001333,0.004444,0.004444,0.004444,0.004444,0.004444,0.001333,0.001333,0.001333,0.001333,0.001333,0.001333,0.001333,0.001333,0.001333,0.001333,0.001333,0.001333,0.001333,0.001333,0.001333,0.001333,0.001333,0.001333,0.001333,0.001333,0.001333,0.004444,0.004444,0.004444,0.004444,0.004444,0.004444,0.004444,0.004444,0.001333,0.001333,0.001333,0.001333,0.001333,0.001333,0.001333,0.001333,0.001333,0.001333,0.001333,-0.004889,-0.014222,-0.029778,-0.042222,-0.073333,-0.123111,-0.154222,-0.228889,-0.328444,-0.384444,-0.505778,-0.617778,-0.670667,-0.757778,-0.823111,-0.848,-0.882222,-0.904,-0.907111,-0.910222,-0.916444,-0.919556,-0.928889,-0.935111,-0.938222,-0.947556,-0.96,-0.966222,-0.975556,-0.981778,-0.981778,-0.981778,-0.978667,-0.978667,-0.981778,-0.984889,-0.988,-0.988,-0.991111,-0.991111,-0.991111,-0.984889,-0.978667,-0.953778,-0.932,-0.876,-0.813778,-0.745333,-0.708,-0.633333,-0.596,-0.54,-0.502667,-0.477778,-0.468444,-0.449778,-0.443556,-0.428,-0.409333,-0.393778,-0.384444,-0.365778,-0.353333,-0.322222,-0.291111,-0.256889,-0.235111,-0.191556,-0.166667,-0.123111,-0.092,-0.079556,-0.076444,-0.070222,-0.067111,-0.064,-0.064,-0.067111,-0.067111,-0.076444,-0.082667,-0.098222,-0.104444,-0.101333,-0.095111,-0.085778,-0.079556,-0.067111,-0.051556,-0.036]","[0.0007,0.016,0.033,0.0497,0.0664,0.0831,0.0996,0.1162,0.1328,0.1494,0.1665,0.1827,0.1995,0.2162,0.2328,0.2496,0.2659,0.2826,0.2996,0.3159,0.3329,0.3494,0.3664,0.3828,0.3997,0.4165,0.4331,0.4498,0.4662,0.4829,0.4998,0.5161,0.5335,0.55,0.5663,0.5837,0.5999,0.6165,0.6338,0.6501,0.6664,0.6836,0.7002,0.7167,0.7435,0.75,0.7675,0.7837,0.8003,0.8167,0.8336,0.85,0.8666,0.8829,0.9003,0.9171,0.9337,0.9502,0.9667,0.9834,1,1.0166,1.0338,1.0504,1.067,1.0836,1.1002,1.1171,1.1333,1.1508,1.167,1.1842,1.2008,1.2173,1.2339,1.2506,1.2673,1.2839,1.3005,1.3172,1.3339,1.3506,1.3674,1.3841,1.4008,1.4175,1.4341,1.4506,1.467,1.4835,1.5012,1.5173,1.5337,1.5504,1.5681,1.584,1.6006,1.6173,1.6339,1.6506,1.6673,1.6839,1.7005,1.7173,1.7337,1.7508,1.7673,1.7841,1.8008,1.8177,1.834,1.8505,1.8675,1.8841,1.9007,1.9171,1.9341,1.9506,1.9676,1.9841,2.0007,2.0174,2.034,2.0511,2.0677,2.084,2.1017,2.1178,2.1342,2.1508,2.1677,2.1843,2.201,2.2176,2.2345,2.251,2.2676,2.2843,2.301,2.3177,2.3346,2.3514,2.3678,2.3845,2.4012,2.4178,2.4344,2.4512,2.4681,2.4848,2.5013,2.518,2.5348,2.5516,2.5682,2.5847,2.6014,2.6178,2.6346,2.6517,2.6681,2.6847,2.7013,2.718,2.7348]","[1,1,1,1,1,1,1,1,1,1,1,1,1,1,1,1,1,1,1,1,1,1,1,1,1,1,1,1,1,1,1,1,1,1,1,1,1,1,1,1,1,1,1,1,1,1,1,1,1,1,1,1,1,1,1,1,1,1,1,1,1,1,1,1,1,1,1,1,1,1,1,1,1,1,1,1,1,1,1,1,1,1,1,1,1,1,1,1,1,1,1,1,1,1,1,1,1,2,2,2,2,2,2,2,2,2,2,2,2,2,2,2,2,2,2,2,2,2,2,2,2,2,2,2,2,2,2,2,2,2,2,2,2,2,2,2,2,2,2,2,2,2,2,2,2,2,2,2,2,2,2,2,2,2,2,2,2,2,2,2,2,2,2,2,2]",120,809.2859,4,234,0,234,0,1,229579,4,SV_73ADPjbMtd0KUBg,304,2022-03-02_15h06.07.165,implicit_time,2021.1.4,Linux x86_64,59.95563283
cursorjump,305,0,0,10,NA,0,NA,0,0,0.5,FALSE,rotation,0,"[0.004167,0.004167,0.004167,0.004167,0.004167,0.004167,0.004167,0.004167,0.004167,0.004167,0.004167,0.004167,0.004167,0.004167,0.004167,0.004167,0.004167,0.004167,0.004167,0.004167,0.004167,0.004167,0.004167,0.004167,0.004167,0.004167,0.00625,0.008333,0.0125,0.014583,0.01875,0.022917,0.027083,0.03125,0.041667,0.045833,0.058333,0.06875,0.083333,0.091667,0.114583,0.127083,0.1625,0.210417,0.2625,0.289583,0.339583,0.3625,0.395833,0.408333,0.408333,0.408333,0.408333,0.408333,0.408333,0.408333,0.408333,0.408333,0.408333,0.408333,0.408333,0.408333,0.40625,0.39375,0.364583,0.345833,0.30625,0.2625,0.239583,0.191667,0.147917,0.129167,0.095833,0.066667,0.05625,0.033333,0.0125,0.004167,-0.014583,-0.016667,-0.027083,-0.035417,-0.0375,-0.0375,-0.033333,-0.03125,-0.03125,-0.027083,-0.022917,-0.020833,-0.0125,-0.002083,0.002083,0.008333,0.008333,0.010417,0.010417,0.010417,0.010417,0.008333,0.004167]","[-0.023556,-0.023556,-0.023556,-0.023556,-0.023556,-0.023556,-0.023556,-0.023556,-0.023556,-0.023556,-0.023556,-0.023556,-0.023556,-0.023556,-0.023556,-0.023556,-0.023556,-0.023556,-0.023556,-0.023556,-0.023556,-0.023556,-0.023556,-0.023556,-0.023556,-0.023556,-0.026667,-0.029778,-0.036,-0.039111,-0.051556,-0.064,-0.082667,-0.095111,-0.132444,-0.154222,-0.207111,-0.272444,-0.350222,-0.396889,-0.490222,-0.536889,-0.633333,-0.732889,-0.823111,-0.860444,-0.928889,-0.956889,-1.000444,-1.022222,-1.025333,-1.025333,-1.025333,-1.025333,-1.025333,-1.025333,-1.025333,-1.025333,-1.025333,-1.025333,-1.025333,-1.025333,-1.022222,-1.003556,-0.96,-0.932,-0.869778,-0.792,-0.751556,-0.661333,-0.577333,-0.54,-0.480889,-0.428,-0.403111,-0.356444,-0.309778,-0.288,-0.238222,-0.232,-0.213333,-0.194667,-0.188444,-0.188444,-0.185333,-0.182222,-0.179111,-0.172889,-0.163556,-0.157333,-0.148,-0.132444,-0.126222,-0.113778,-0.101333,-0.098222,-0.085778,-0.073333,-0.067111,-0.048444,-0.032889]","[0.0006,0.0162,0.0325,0.0488,0.0653,0.0818,0.099,0.1162,0.1328,0.1491,0.1659,0.1827,0.1995,0.2159,0.2319,0.2484,0.2657,0.2822,0.2989,0.3164,0.3323,0.3486,0.3658,0.3823,0.3996,0.416,0.4326,0.4492,0.4657,0.4833,0.4994,0.516,0.5325,0.5492,0.5659,0.5825,0.5995,0.6161,0.6327,0.6493,0.6661,0.6829,0.6996,0.7164,0.7329,0.7498,0.7665,0.7834,0.8,0.8168,0.8333,0.8501,0.8666,0.8829,0.8997,0.9164,0.9326,0.9493,0.9662,0.9829,0.9995,1.0162,1.0331,1.0499,1.0668,1.0833,1.1001,1.1169,1.1335,1.1503,1.167,1.1835,1.2004,1.217,1.2336,1.2497,1.2667,1.2836,1.3004,1.3163,1.3331,1.3498,1.3662,1.3832,1.3998,1.4165,1.433,1.4501,1.4666,1.4831,1.4997,1.517,1.5336,1.5501,1.5667,1.5834,1.6,1.6166,1.6332,1.6506,1.6672]","[1,1,1,1,1,1,1,1,1,1,1,1,1,1,1,1,1,1,1,1,1,1,1,1,1,1,1,1,1,1,1,1,1,1,1,1,1,1,1,1,1,1,1,1,1,1,2,2,2,2,2,2,2,2,2,2,2,2,2,2,2,2,2,2,2,2,2,2,2,2,2,2,2,2,2,2,2,2,2,2,2,2,2,2,2,2,2,2,2,2,2,2,2,2,2,2,2,2,2,2,2]",120,811.4709,4,235,0,235,0,1,229579,4,SV_73ADPjbMtd0KUBg,304,2022-03-02_15h06.07.165,implicit_time,2021.1.4,Linux x86_64,59.95563283
cursorjump,135,45,0.5,10,NA,0,NA,0,1,0.5,FALSE,rotation,1,"[-0.004167,-0.004167,-0.004167,-0.004167,-0.004167,-0.004167,-0.004167,-0.004167,-0.004167,-0.004167,-0.004167,-0.004167,-0.004167,-0.004167,-0.004167,-0.004167,-0.004167,-0.004167,-0.004167,-0.004167,-0.004167,-0.004167,-0.004167,-0.004167,-0.004167,-0.004167,-0.004167,-0.004167,-0.004167,-0.004167,-0.004167,-0.00625,-0.0125,-0.016667,-0.027083,-0.033333,-0.04375,-0.05625,-0.070833,-0.079167,-0.1,-0.114583,-0.14375,-0.177083,-0.210417,-0.229167,-0.2625,-0.28125,-0.3125,-0.339583,-0.3625,-0.372917,-0.391667,-0.402083,-0.425,-0.445833,-0.464583,-0.475,-0.491667,-0.5,-0.516667,-0.53125,-0.541667,-0.547917,-0.560417,-0.566667,-0.579167,-0.5875,-0.5875,-0.589583,-0.5875,-0.5875,-0.5875,-0.5875,-0.5875,-0.589583,-0.589583,-0.589583,-0.589583,-0.589583,-0.589583,-0.5875,-0.585417,-0.583333,-0.583333,-0.58125,-0.579167,-0.570833,-0.564583,-0.5625,-0.554167,-0.5375,-0.527083,-0.502083,-0.472917,-0.454167,-0.4125,-0.364583,-0.3375,-0.279167,-0.21875,-0.160417,-0.13125,-0.077083,-0.05,-0.004167,0.033333,0.066667,0.08125,0.108333,0.120833,0.141667,0.158333,0.177083,0.185417,0.208333,0.20625,0.20625,0.20625,0.208333,0.2125,0.216667,0.21875,0.216667,0.210417,0.204167,0.2,0.19375,0.191667,0.189583,0.185417,0.18125,0.179167,0.175,0.175,0.172917,0.172917,0.170833,0.16875,0.16875,0.16875,0.16875,0.166667,0.164583,0.15625,0.14375,0.135417,0.122917,0.116667,0.10625,0.09375,0.085417,0.08125,0.070833,0.066667,0.060417,0.054167,0.052083,0.05,0.05,0.05,0.05,0.05,0.047917,0.047917,0.045833,0.04375,0.04375,0.04375,0.041667,0.041667,0.0375]","[-0.008,-0.008,-0.008,-0.008,-0.008,-0.008,-0.008,-0.008,-0.008,-0.008,-0.008,-0.008,-0.008,-0.008,-0.008,-0.008,-0.008,-0.008,-0.008,-0.008,-0.008,-0.008,-0.008,-0.008,-0.008,-0.008,-0.008,-0.008,-0.008,-0.008,-0.008,-0.004889,-0.001778,0.001333,0.010667,0.016889,0.029333,0.044889,0.063556,0.072889,0.091556,0.097778,0.116444,0.138222,0.16,0.172444,0.200444,0.216,0.250222,0.284444,0.318667,0.337333,0.374667,0.390222,0.418222,0.446222,0.471111,0.486667,0.514667,0.530222,0.558222,0.589333,0.611111,0.623556,0.642222,0.651556,0.667111,0.685778,0.692,0.701333,0.707556,0.707556,0.707556,0.710667,0.713778,0.716889,0.723111,0.726222,0.732444,0.744889,0.751111,0.763556,0.776,0.779111,0.782222,0.782222,0.779111,0.772889,0.763556,0.760444,0.748,0.726222,0.713778,0.673333,0.614222,0.58,0.499111,0.412,0.365333,0.268889,0.16,0.051111,0.001333,-0.082667,-0.116889,-0.176,-0.225778,-0.263111,-0.281778,-0.316,-0.328444,-0.356444,-0.378222,-0.390667,-0.396889,-0.403111,-0.403111,-0.403111,-0.403111,-0.403111,-0.403111,-0.403111,-0.403111,-0.403111,-0.393778,-0.381333,-0.368889,-0.344,-0.325333,-0.294222,-0.26,-0.225778,-0.213333,-0.185333,-0.176,-0.160444,-0.154222,-0.144889,-0.138667,-0.132444,-0.129333,-0.129333,-0.123111,-0.12,-0.107556,-0.095111,-0.088889,-0.079556,-0.079556,-0.073333,-0.067111,-0.060889,-0.057778,-0.048444,-0.045333,-0.036,-0.032889,-0.026667,-0.026667,-0.026667,-0.023556,-0.023556,-0.023556,-0.023556,-0.023556,-0.020444,-0.017333,-0.017333,-0.017333,-0.017333,-0.014222,-0.011111]","[0.0006,0.0164,0.0333,0.0498,0.0667,0.0831,0.0998,0.1166,0.1332,0.1499,0.1666,0.1832,0.1996,0.2158,0.2327,0.2492,0.2658,0.283,0.2997,0.3166,0.3333,0.3499,0.3661,0.3826,0.4004,0.4172,0.4337,0.4505,0.4671,0.4828,0.4993,0.5171,0.5329,0.5496,0.5659,0.5829,0.5994,0.617,0.6335,0.65,0.6665,0.6826,0.6997,0.7163,0.733,0.7497,0.766,0.7829,0.7995,0.8165,0.8328,0.8503,0.8666,0.8828,0.9005,0.9168,0.9332,0.9507,0.9665,0.9833,0.9997,1.0166,1.0332,1.0502,1.0663,1.0841,1.0997,1.1167,1.1329,1.1498,1.1664,1.1832,1.2001,1.2167,1.2332,1.2499,1.2667,1.2832,1.2998,1.3164,1.3333,1.3503,1.3665,1.3836,1.3998,1.4168,1.4333,1.4505,1.467,1.4833,1.5002,1.517,1.5336,1.5504,1.5666,1.5835,1.6004,1.6167,1.6335,1.6504,1.6667,1.6837,1.7004,1.7172,1.7333,1.7506,1.7669,1.7837,1.8003,1.8178,1.8343,1.8505,1.8671,1.8836,1.9004,1.9171,1.9344,1.9506,1.9674,1.9835,2.0003,2.0173,2.0337,2.0505,2.0672,2.0841,2.1006,2.1175,2.1338,2.1507,2.1674,2.1841,2.2009,2.2171,2.234,2.2509,2.2676,2.2845,2.3007,2.3174,2.3341,2.351,2.3677,2.3841,2.401,2.4172,2.4342,2.4514,2.4675,2.4844,2.5012,2.5182,2.5343,2.5514,2.5674,2.5844,2.6012,2.6182,2.6343,2.651,2.668,2.6849,2.701,2.7178,2.7344,2.7512,2.7682,2.785,2.801,2.8181,2.8343,2.851]","[1,1,1,1,1,1,1,1,1,1,1,1,1,1,1,1,1,1,1,1,1,1,1,1,1,1,1,1,1,1,1,1,1,1,1,1,1,1,1,1,1,1,1,1,1,1,1,1,1,1,1,1,1,1,1,1,1,1,1,1,1,1,1,1,1,1,1,1,1,1,1,1,1,1,1,1,1,1,1,1,1,2,2,2,2,2,2,2,2,2,2,2,2,2,2,2,2,2,2,2,2,2,2,2,2,2,2,2,2,2,2,2,2,2,2,2,2,2,2,2,2,2,2,2,2,2,2,2,2,2,2,2,2,2,2,2,2,2,2,2,2,2,2,2,2,2,2,2,2,2,2,2,2,2,2,2,2,2,2,2,2,2,2,2,2,2,2,2,2,2,2,2]",120,814.8389,4,236,0,236,0,1,229579,4,SV_73ADPjbMtd0KUBg,304,2022-03-02_15h06.07.165,implicit_time,2021.1.4,Linux x86_64,59.95563283
cursorjump,145,0,0,10,NA,0,NA,0,0,0.5,FALSE,rotation,0,"[0.033333,0.033333,0.033333,0.03125,0.029167,0.029167,0.029167,0.029167,0.029167,0.029167,0.029167,0.029167,0.029167,0.029167,0.029167,0.029167,0.029167,0.029167,0.029167,0.029167,0.029167,0.029167,0.029167,0.03125,0.03125,0.033333,0.033333,0.033333,0.033333,0.033333,0.033333,0.03125,0.029167,0.027083,0.020833,0.0125,0.00625,0.002083,-0.004167,-0.00625,-0.01875,-0.033333,-0.05,-0.058333,-0.075,-0.085417,-0.104167,-0.122917,-0.141667,-0.152083,-0.170833,-0.179167,-0.2,-0.225,-0.258333,-0.277083,-0.316667,-0.3375,-0.379167,-0.420833,-0.464583,-0.485417,-0.525,-0.545833,-0.58125,-0.6125,-0.639583,-0.652083,-0.670833,-0.679167,-0.691667,-0.702083,-0.70625,-0.708333,-0.70625,-0.704167,-0.691667,-0.677083,-0.66875,-0.647917,-0.622917,-0.608333,-0.577083,-0.545833,-0.53125,-0.497917,-0.460417,-0.439583,-0.395833,-0.341667,-0.3125,-0.254167,-0.195833,-0.170833,-0.125,-0.0875,-0.070833,-0.04375,-0.025,-0.016667,-0.004167,0.00625,0.0125,0.022917,0.027083,0.029167]","[-0.008,-0.008,-0.008,-0.008,-0.008,-0.008,-0.008,-0.008,-0.008,-0.008,-0.008,-0.008,-0.008,-0.008,-0.008,-0.008,-0.008,-0.008,-0.008,-0.008,-0.008,-0.008,-0.008,-0.008,-0.011111,-0.011111,-0.014222,-0.014222,-0.014222,-0.017333,-0.017333,-0.017333,-0.017333,-0.017333,-0.017333,-0.014222,-0.004889,0.004444,0.02,0.029333,0.048,0.063556,0.079111,0.085333,0.100889,0.107111,0.119556,0.132,0.147556,0.153778,0.175556,0.184889,0.216,0.250222,0.284444,0.3,0.334222,0.349778,0.377778,0.402667,0.424444,0.433778,0.455556,0.464889,0.492889,0.520889,0.552,0.567556,0.601778,0.614222,0.642222,0.664,0.676444,0.679556,0.682667,0.682667,0.679556,0.676444,0.670222,0.660889,0.642222,0.629778,0.604889,0.576889,0.564444,0.542667,0.520889,0.508444,0.477333,0.433778,0.405778,0.340444,0.281333,0.253333,0.209778,0.175556,0.163111,0.141333,0.125778,0.116444,0.104,0.088444,0.082222,0.060444,0.041778,0.026222]","[0.0001,0.0164,0.0334,0.0504,0.0665,0.0836,0.1006,0.1164,0.1334,0.1503,0.1664,0.1835,0.2005,0.2173,0.2333,0.2505,0.2667,0.2837,0.3007,0.3164,0.3333,0.3501,0.3672,0.3833,0.4002,0.4171,0.4332,0.4504,0.4667,0.4835,0.5004,0.5167,0.5335,0.5504,0.5675,0.5835,0.6005,0.6171,0.6341,0.6502,0.6672,0.6843,0.7002,0.7172,0.7338,0.7507,0.7673,0.7838,0.8007,0.8175,0.8337,0.8507,0.8678,0.8837,0.9007,0.9171,0.9343,0.9505,0.967,0.984,1.001,1.0172,1.0344,1.0505,1.0677,1.0839,1.1005,1.1175,1.1344,1.1513,1.1673,1.1844,1.2006,1.2178,1.234,1.2507,1.2679,1.2841,1.3006,1.3176,1.3342,1.3513,1.3675,1.3845,1.4007,1.4177,1.4348,1.4507,1.4677,1.4846,1.5008,1.5178,1.5348,1.551,1.5678,1.5848,1.6017,1.6176,1.6348,1.6508,1.6678,1.6846,1.7015,1.7186,1.7347,1.7516]","[1,1,1,1,1,1,1,1,1,1,1,1,1,1,1,1,1,1,1,1,1,1,1,1,1,1,1,1,1,1,1,1,1,1,1,1,1,1,1,1,1,1,1,1,1,1,1,1,1,1,1,1,1,1,1,1,1,1,1,1,1,1,1,1,1,1,1,1,1,1,1,2,2,2,2,2,2,2,2,2,2,2,2,2,2,2,2,2,2,2,2,2,2,2,2,2,2,2,2,2,2,2,2,2,2,2]",120,817.1078,4,237,0,237,0,1,229579,4,SV_73ADPjbMtd0KUBg,304,2022-03-02_15h06.07.165,implicit_time,2021.1.4,Linux x86_64,59.95563283
cursorjump,45,45,0.5,10,NA,0,NA,0,1,0.5,FALSE,rotation,1,"[-0.00625,-0.00625,-0.00625,-0.00625,-0.00625,-0.00625,-0.00625,-0.00625,-0.00625,-0.00625,-0.00625,-0.00625,-0.00625,-0.00625,-0.00625,-0.00625,-0.00625,-0.00625,-0.00625,-0.00625,-0.00625,-0.00625,-0.00625,-0.00625,-0.00625,-0.00625,-0.00625,-0.00625,-0.00625,-0.00625,-0.00625,-0.00625,-0.00625,-0.00625,-0.00625,-0.00625,-0.00625,-0.00625,-0.00625,-0.00625,-0.00625,-0.004167,-0.002083,0.00625,0.010417,0.016667,0.025,0.03125,0.047917,0.06875,0.079167,0.097917,0.116667,0.127083,0.147917,0.16875,0.179167,0.19375,0.20625,0.210417,0.220833,0.239583,0.25,0.272917,0.291667,0.302083,0.322917,0.345833,0.358333,0.38125,0.402083,0.408333,0.41875,0.422917,0.425,0.43125,0.435417,0.435417,0.4375,0.439583,0.439583,0.439583,0.439583,0.4375,0.433333,0.429167,0.422917,0.416667,0.4125,0.408333,0.402083,0.4,0.389583,0.375,0.35625,0.345833,0.327083,0.31875,0.304167,0.2875,0.277083,0.275,0.279167,0.285417,0.302083,0.320833,0.3375,0.345833,0.358333,0.364583,0.372917,0.377083,0.379167,0.379167,0.375,0.370833,0.35625,0.3375,0.310417,0.295833,0.266667,0.252083,0.222917,0.2,0.18125,0.175,0.164583,0.160417,0.15625,0.154167,0.152083,0.15,0.145833,0.141667,0.13125,0.116667,0.097917,0.0875,0.06875,0.058333,0.041667,0.029167]","[-0.001778,-0.001778,-0.001778,-0.001778,-0.001778,-0.001778,-0.001778,-0.001778,-0.001778,-0.001778,-0.001778,-0.001778,-0.001778,-0.001778,-0.001778,-0.001778,-0.001778,-0.001778,-0.001778,-0.001778,-0.001778,-0.001778,-0.001778,-0.001778,-0.001778,-0.001778,-0.001778,-0.001778,-0.001778,-0.001778,-0.001778,-0.001778,-0.001778,-0.001778,-0.001778,-0.001778,-0.001778,-0.001778,-0.001778,-0.001778,-0.001778,-0.001778,0.007556,0.023111,0.032444,0.066667,0.113333,0.141333,0.212889,0.293778,0.334222,0.412,0.483556,0.517778,0.583111,0.642222,0.667111,0.710667,0.738667,0.751111,0.766667,0.785333,0.797778,0.816444,0.828889,0.835111,0.844444,0.850667,0.853778,0.86,0.863111,0.866222,0.866222,0.869333,0.869333,0.869333,0.872444,0.875556,0.875556,0.875556,0.878667,0.878667,0.878667,0.875556,0.872444,0.872444,0.866222,0.86,0.850667,0.847556,0.838222,0.835111,0.816444,0.788444,0.741778,0.716889,0.657778,0.626667,0.564444,0.496,0.427556,0.393333,0.331111,0.303111,0.250222,0.200444,0.16,0.147556,0.125778,0.119556,0.110222,0.100889,0.094667,0.091556,0.082222,0.079111,0.069778,0.057333,0.044889,0.041778,0.029333,0.026222,0.016889,0.007556,0.007556,0.007556,0.010667,0.013778,0.02,0.026222,0.029333,0.029333,0.032444,0.035556,0.035556,0.035556,0.032444,0.029333,0.023111,0.02,0.010667,0.004444]","[0.0003,0.0162,0.0334,0.0495,0.0664,0.0826,0.0998,0.1169,0.1328,0.1498,0.1669,0.1827,0.1997,0.2166,0.2333,0.2501,0.2663,0.2834,0.2996,0.3164,0.3332,0.3501,0.3661,0.3831,0.4001,0.4162,0.4334,0.4496,0.4667,0.4837,0.4996,0.5165,0.5335,0.5504,0.5662,0.5831,0.6,0.6172,0.6332,0.6505,0.6664,0.6834,0.7004,0.7166,0.7338,0.7499,0.7671,0.7831,0.8001,0.8172,0.8333,0.8503,0.8674,0.8835,0.9005,0.9167,0.934,0.95,0.9674,0.9834,1.0006,1.0168,1.0341,1.0502,1.0671,1.0842,1.1001,1.1172,1.1343,1.1504,1.1674,1.1836,1.2007,1.2171,1.2344,1.2505,1.2675,1.2835,1.3005,1.3174,1.3343,1.3504,1.3673,1.3844,1.4004,1.4176,1.4345,1.4506,1.4675,1.4844,1.5005,1.5176,1.5338,1.5509,1.5678,1.5837,1.6006,1.6176,1.6347,1.6509,1.6676,1.6839,1.7009,1.718,1.7342,1.7511,1.7673,1.7842,1.8013,1.8176,1.8348,1.8507,1.8676,1.8846,1.9008,1.9179,1.9341,1.9511,1.968,1.9849,2.0008,2.0179,2.0349,2.0507,2.0677,2.0847,2.1008,2.1179,2.1342,2.1513,2.1674,2.1843,2.2013,2.2184,2.2345,2.2513,2.2684,2.2847,2.3019,2.3179,2.3349,2.3519]","[1,1,1,1,1,1,1,1,1,1,1,1,1,1,1,1,1,1,1,1,1,1,1,1,1,1,1,1,1,1,1,1,1,1,1,1,1,1,1,1,1,1,1,1,1,1,1,1,1,1,1,1,1,1,1,1,1,1,1,1,1,1,1,1,1,1,1,1,1,1,1,1,2,2,2,2,2,2,2,2,2,2,2,2,2,2,2,2,2,2,2,2,2,2,2,2,2,2,2,2,2,2,2,2,2,2,2,2,2,2,2,2,2,2,2,2,2,2,2,2,2,2,2,2,2,2,2,2,2,2,2,2,2,2,2,2,2,2,2,2,2,2]",120,819.977,4,238,0,238,0,1,229579,4,SV_73ADPjbMtd0KUBg,304,2022-03-02_15h06.07.165,implicit_time,2021.1.4,Linux x86_64,59.95563283
cursorjump,55,0,0,10,NA,0,NA,0,0,0.5,FALSE,rotation,0,"[0.016667,0.016667,0.016667,0.016667,0.01875,0.01875,0.01875,0.01875,0.020833,0.020833,0.020833,0.022917,0.022917,0.027083,0.029167,0.029167,0.03125,0.033333,0.035417,0.035417,0.0375,0.0375,0.0375,0.035417,0.035417,0.0375,0.045833,0.05625,0.089583,0.133333,0.158333,0.208333,0.264583,0.29375,0.35625,0.416667,0.44375,0.491667,0.535417,0.577083,0.595833,0.633333,0.647917,0.677083,0.689583,0.716667,0.754167,0.79375,0.808333,0.829167,0.833333,0.83125,0.83125,0.83125,0.83125,0.833333,0.833333,0.829167,0.814583,0.7875,0.76875,0.73125,0.7125,0.670833,0.620833,0.5625,0.53125,0.46875,0.439583,0.3875,0.339583,0.291667,0.26875,0.227083,0.191667,0.177083,0.15,0.127083,0.116667,0.102083,0.091667,0.089583,0.085417,0.08125,0.08125,0.079167,0.077083,0.070833,0.058333,0.045833,0.039583,0.029167]","[-0.014222,-0.014222,-0.014222,-0.014222,-0.017333,-0.017333,-0.017333,-0.017333,-0.017333,-0.017333,-0.017333,-0.017333,-0.017333,-0.017333,-0.017333,-0.017333,-0.017333,-0.014222,-0.014222,-0.014222,-0.014222,-0.014222,-0.014222,-0.014222,-0.014222,-0.014222,-0.001778,0.010667,0.048,0.085333,0.107111,0.144444,0.194222,0.222222,0.284444,0.346667,0.374667,0.427556,0.464889,0.499111,0.511556,0.533333,0.545778,0.567556,0.576889,0.598667,0.620444,0.645333,0.654667,0.667111,0.670222,0.670222,0.670222,0.670222,0.670222,0.670222,0.670222,0.670222,0.664,0.648444,0.639111,0.620444,0.608,0.583111,0.545778,0.496,0.468,0.408889,0.380889,0.337333,0.293778,0.253333,0.237778,0.203556,0.172444,0.163111,0.138222,0.119556,0.107111,0.091556,0.082222,0.079111,0.072889,0.066667,0.066667,0.063556,0.060444,0.057333,0.048,0.038667,0.035556,0.023111]","[0.0002,0.0169,0.034,0.0499,0.0668,0.0837,0.0997,0.1169,0.1331,0.1502,0.1664,0.1835,0.2004,0.2167,0.2337,0.2499,0.2668,0.2835,0.3004,0.3166,0.3338,0.3498,0.3666,0.3834,0.4001,0.4171,0.4342,0.4502,0.4672,0.4835,0.5006,0.5167,0.5337,0.5501,0.567,0.584,0.6003,0.6173,0.6336,0.6508,0.6669,0.684,0.701,0.7172,0.7335,0.7505,0.7671,0.7841,0.8006,0.8171,0.8344,0.8506,0.8677,0.8837,0.9006,0.9169,0.934,0.9511,0.967,0.9841,1.0009,1.017,1.0342,1.0506,1.0675,1.0846,1.1007,1.1179,1.1341,1.1511,1.1673,1.184,1.2012,1.2175,1.2348,1.251,1.2673,1.2845,1.3014,1.3176,1.3346,1.3515,1.3673,1.3842,1.4013,1.4173,1.4343,1.4513,1.4682,1.484,1.501,1.5181]","[1,1,1,1,1,1,1,1,1,1,1,1,1,1,1,1,1,1,1,1,1,1,1,1,1,1,1,1,1,1,1,1,1,1,1,1,1,1,1,1,1,1,1,1,1,1,2,2,2,2,2,2,2,2,2,2,2,2,2,2,2,2,2,2,2,2,2,2,2,2,2,2,2,2,2,2,2,2,2,2,2,2,2,2,2,2,2,2,2,2,2,2]",120,822.0115,4,239,0,239,0,1,229579,4,SV_73ADPjbMtd0KUBg,304,2022-03-02_15h06.07.165,implicit_time,2021.1.4,Linux x86_64,59.95563283
cursorjump,225,45,0.5,10,15,90,34,1,1,0.5,FALSE,rotation,1,"[0.010417,0.010417,0.010417,0.010417,0.010417,0.010417,0.010417,0.008333,0.008333,0.008333,0.00625,0.00625,0.00625,0.00625,0.00625,0.00625,0.00625,0.00625,0.00625,0.00625,0.00625,0.00625,0.00625,0.00625,0.00625,0.00625,0.00625,0.00625,0.00625,0.00625,0.00625,0.00625,0.00625,0.00625,0.00625,0.00625,0.00625,0.00625,0.00625,0.00625,0.00625,0.00625,0.00625,0.00625,0.00625,0.00625,0.00625,0.00625,0.00625,0.00625,0.00625,0.00625,0.00625,0.00625,0.00625,0.00625,0.00625,0.00625,0.00625,0.00625,0.00625,0.00625,0.00625,0.00625,0.00625,0.00625,0.00625,0.00625,0.00625,0.00625,0.00625,0.004167,-0.004167,-0.010417,-0.029167,-0.05,-0.0625,-0.09375,-0.13125,-0.15625,-0.216667,-0.285417,-0.320833,-0.389583,-0.45625,-0.4875,-0.54375,-0.597917,-0.622917,-0.664583,-0.7,-0.714583,-0.74375,-0.770833,-0.783333,-0.8,-0.808333,-0.8125,-0.81875,-0.820833,-0.822917,-0.822917,-0.822917,-0.822917,-0.822917,-0.822917,-0.822917,-0.822917,-0.825,-0.825,-0.827083,-0.827083,-0.827083,-0.827083,-0.829167,-0.829167,-0.827083,-0.827083,-0.829167,-0.827083,-0.827083,-0.825,-0.81875,-0.8125,-0.79375,-0.76875,-0.7375,-0.720833,-0.683333,-0.6625,-0.61875,-0.572917,-0.533333,-0.51875,-0.491667,-0.48125,-0.4625,-0.452083,-0.441667,-0.439583,-0.429167,-0.425,-0.410417,-0.3875,-0.364583,-0.354167,-0.3375,-0.33125,-0.308333,-0.29375,-0.270833,-0.258333,-0.2375,-0.227083,-0.208333,-0.1875,-0.166667,-0.15625,-0.14375,-0.139583,-0.135417,-0.133333,-0.127083,-0.122917,-0.114583,-0.1125,-0.110417,-0.108333,-0.10625,-0.104167,-0.097917,-0.09375,-0.085417,-0.079167,-0.072917,-0.06875,-0.058333,-0.052083,-0.039583,-0.033333]","[0.001333,0.001333,0.001333,0.001333,0.001333,0.001333,0.001333,0.001333,0.001333,0.001333,0.001333,0.001333,0.001333,0.001333,0.001333,0.001333,0.001333,0.001333,0.001333,0.001333,0.001333,0.001333,0.001333,0.001333,0.001333,0.001333,0.001333,0.001333,0.001333,0.001333,0.001333,0.001333,0.001333,0.001333,0.001333,0.001333,0.001333,0.001333,0.001333,0.001333,0.001333,0.001333,0.001333,0.001333,0.001333,0.001333,0.001333,0.001333,0.001333,0.001333,0.001333,0.001333,0.001333,0.001333,0.001333,0.001333,0.001333,0.001333,0.001333,0.001333,0.001333,0.001333,0.001333,0.001333,0.001333,0.001333,0.001333,0.001333,0.001333,0.001333,0.001333,0.001333,-0.001778,-0.004889,-0.011111,-0.017333,-0.017333,-0.026667,-0.039111,-0.048444,-0.073333,-0.101333,-0.113778,-0.138667,-0.163556,-0.179111,-0.213333,-0.256889,-0.278667,-0.319111,-0.350222,-0.362667,-0.384444,-0.412444,-0.424889,-0.449778,-0.465333,-0.471556,-0.487111,-0.505778,-0.515111,-0.533778,-0.54,-0.54,-0.54,-0.54,-0.54,-0.54,-0.536889,-0.533778,-0.530667,-0.527556,-0.527556,-0.527556,-0.527556,-0.527556,-0.527556,-0.530667,-0.530667,-0.530667,-0.530667,-0.527556,-0.508889,-0.493333,-0.446667,-0.390667,-0.328444,-0.300444,-0.244444,-0.219556,-0.163556,-0.113778,-0.076444,-0.060889,-0.039111,-0.032889,-0.023556,-0.017333,-0.017333,-0.017333,-0.020444,-0.020444,-0.023556,-0.020444,-0.020444,-0.020444,-0.017333,-0.017333,-0.001778,0.004444,0.016889,0.016889,0.02,0.023111,0.023111,0.02,0.02,0.016889,0.013778,0.013778,0.013778,0.013778,0.016889,0.016889,0.016889,0.016889,0.016889,0.016889,0.016889,0.016889,0.016889,0.016889,0.016889,0.016889,0.016889,0.016889,0.016889,0.016889,0.016889,0.016889]","[0.0004,0.0158,0.0333,0.0498,0.0666,0.0829,0.0997,0.1163,0.1332,0.15,0.1667,0.183,0.1997,0.2164,0.2334,0.2501,0.2662,0.2831,0.2998,0.3166,0.3332,0.3493,0.3669,0.3836,0.3997,0.4162,0.4332,0.4502,0.4669,0.4833,0.4996,0.5168,0.5336,0.55,0.5665,0.5829,0.6001,0.6167,0.6335,0.6499,0.6665,0.6835,0.6999,0.7167,0.7336,0.7503,0.7665,0.7833,0.8001,0.8171,0.8336,0.8506,0.8668,0.8835,0.8997,0.9169,0.9335,0.9506,0.9673,0.9838,1.0002,1.0176,1.034,1.0508,1.0676,1.0844,1.1004,1.1171,1.1344,1.1512,1.1676,1.1842,1.2008,1.2178,1.2344,1.2513,1.2677,1.2842,1.301,1.318,1.3346,1.3512,1.3678,1.3845,1.4014,1.418,1.4348,1.4513,1.468,1.4843,1.501,1.5179,1.5347,1.5513,1.568,1.5846,1.6016,1.6183,1.6351,1.6509,1.6677,1.6845,1.7017,1.7172,1.7351,1.7506,1.7674,1.7841,1.801,1.8175,1.8345,1.8514,1.8681,1.8848,1.9017,1.9185,1.9342,1.951,1.9677,1.9844,2.0017,2.0187,2.0345,2.0512,2.0678,2.0849,2.1021,2.1178,2.1345,2.1512,2.168,2.185,2.2022,2.2179,2.2344,2.2514,2.2681,2.2851,2.3022,2.3181,2.335,2.3519,2.3682,2.3847,2.4041,2.4188,2.4351,2.4516,2.4686,2.4845,2.5016,2.5183,2.5348,2.5512,2.5682,2.5847,2.6016,2.6183,2.635,2.6514,2.6681,2.6854,2.7026,2.7185,2.7351,2.7519,2.7686,2.7853,2.8022,2.8188,2.8351,2.8516,2.8684,2.8853,2.9018,2.9188,2.9351,2.9516,2.9685,2.9853]","[1,1,1,1,1,1,1,1,1,1,1,1,1,1,1,1,1,1,1,1,1,1,1,1,1,1,1,1,1,1,1,1,1,1,1,1,1,1,1,1,1,1,1,1,1,1,1,1,1,1,1,1,1,1,1,1,1,1,1,1,1,1,1,1,1,1,1,1,1,1,1,1,1,1,1,1,1,1,1,1,1,1,1,1,1,1,1,1,1,1,1,1,1,1,1,1,1,1,1,2,2,2,2,2,2,2,2,2,2,2,2,2,2,2,2,2,2,2,2,2,2,2,2,2,2,2,2,2,2,2,2,2,2,2,2,2,2,2,2,2,2,2,2,2,2,2,2,2,2,2,2,2,2,2,2,2,2,2,2,2,2,2,2,2,2,2,2,2,2,2,2,2,2,2,2,2,2,2,2,2]",120,837.4903,4,240,0,240,0,1,229579,4,SV_73ADPjbMtd0KUBg,304,2022-03-02_15h06.07.165,implicit_time,2021.1.4,Linux x86_64,59.95563283
cursorjump,215,0,0,10,NA,0,NA,0,0,0.5,FALSE,rotation,0,"[-0.014583,-0.014583,-0.014583,-0.014583,-0.014583,-0.014583,-0.014583,-0.014583,-0.014583,-0.014583,-0.014583,-0.014583,-0.014583,-0.014583,-0.014583,-0.014583,-0.014583,-0.014583,-0.014583,-0.014583,-0.014583,-0.014583,-0.014583,-0.0125,-0.0125,-0.014583,-0.014583,-0.014583,-0.014583,-0.014583,-0.014583,-0.014583,-0.014583,-0.014583,-0.014583,-0.014583,-0.014583,-0.01875,-0.020833,-0.03125,-0.041667,-0.054167,-0.0625,-0.075,-0.08125,-0.097917,-0.110417,-0.120833,-0.125,-0.13125,-0.135417,-0.14375,-0.147917,-0.152083,-0.152083,-0.158333,-0.166667,-0.175,-0.204167,-0.254167,-0.28125,-0.341667,-0.372917,-0.435417,-0.502083,-0.570833,-0.602083,-0.65625,-0.679167,-0.71875,-0.75625,-0.78125,-0.7875,-0.789583,-0.7875,-0.7875,-0.7875,-0.789583,-0.789583,-0.785417,-0.76875,-0.752083,-0.7125,-0.6625,-0.633333,-0.566667,-0.529167,-0.445833,-0.360417,-0.28125,-0.245833,-0.1875,-0.1375,-0.116667,-0.08125,-0.05625,-0.047917,-0.0375]","[0.016889,0.016889,0.016889,0.016889,0.016889,0.013778,0.013778,0.013778,0.013778,0.013778,0.013778,0.013778,0.013778,0.013778,0.013778,0.013778,0.013778,0.013778,0.013778,0.013778,0.013778,0.013778,0.013778,0.013778,0.013778,0.013778,0.013778,0.013778,0.013778,0.013778,0.013778,0.013778,0.013778,0.013778,0.013778,0.013778,0.013778,0.007556,0.004444,-0.004889,-0.017333,-0.029778,-0.032889,-0.045333,-0.051556,-0.067111,-0.079556,-0.088889,-0.095111,-0.104444,-0.107556,-0.116889,-0.12,-0.123111,-0.123111,-0.126222,-0.132444,-0.135556,-0.154222,-0.182222,-0.197778,-0.235111,-0.256889,-0.306667,-0.375111,-0.452889,-0.490222,-0.564889,-0.599111,-0.664444,-0.732889,-0.782667,-0.795111,-0.798222,-0.795111,-0.795111,-0.795111,-0.795111,-0.795111,-0.795111,-0.773333,-0.751556,-0.692444,-0.627111,-0.589778,-0.515111,-0.477778,-0.403111,-0.331556,-0.266222,-0.235111,-0.176,-0.123111,-0.095111,-0.054667,-0.020444,-0.008,0.007556]","[0.0005,0.0163,0.033,0.05,0.0664,0.0832,0.1002,0.1162,0.1335,0.1494,0.1665,0.1834,0.2,0.2167,0.2333,0.2498,0.2667,0.2834,0.3002,0.3168,0.3331,0.3499,0.3668,0.3827,0.3994,0.4162,0.4329,0.45,0.4668,0.4833,0.4998,0.5167,0.5332,0.5498,0.5666,0.5835,0.6003,0.6166,0.6336,0.6496,0.6666,0.6834,0.6999,0.717,0.7331,0.7505,0.7668,0.7836,0.8005,0.8166,0.8339,0.8503,0.8669,0.8837,0.9004,0.9169,0.9338,0.9503,0.9672,0.9834,1,1.0171,1.034,1.0499,1.0668,1.0838,1.1008,1.1169,1.1338,1.1509,1.167,1.184,1.201,1.2172,1.2343,1.2504,1.2674,1.2839,1.3004,1.3175,1.3343,1.3512,1.3679,1.3838,1.4009,1.4171,1.4341,1.451,1.4677,1.4847,1.5007,1.5175,1.5343,1.5508,1.5674,1.5842,1.6011,1.6177]","[1,1,1,1,1,1,1,1,1,1,1,1,1,1,1,1,1,1,1,1,1,1,1,1,1,1,1,1,1,1,1,1,1,1,1,1,1,1,1,1,1,1,1,1,1,1,1,1,1,1,1,1,1,1,1,1,1,1,1,1,1,1,1,1,1,1,1,1,1,2,2,2,2,2,2,2,2,2,2,2,2,2,2,2,2,2,2,2,2,2,2,2,2,2,2,2,2,2]",120,839.6255,4,241,0,241,0,1,229579,4,SV_73ADPjbMtd0KUBg,304,2022-03-02_15h06.07.165,implicit_time,2021.1.4,Linux x86_64,59.95563283
cursorjump,315,45,0.5,10,NA,0,NA,0,1,0.5,FALSE,rotation,1,"[-0.004167,-0.004167,-0.004167,-0.004167,-0.004167,-0.004167,-0.004167,-0.004167,-0.004167,-0.004167,-0.004167,-0.004167,-0.004167,-0.004167,-0.002083,-0.002083,-0.002083,-0.002083,-0.002083,-0.002083,-0.002083,-0.002083,-0.002083,-0.002083,-0.002083,-0.002083,-0.002083,-0.002083,-0.002083,-0.002083,-0.002083,-0.002083,-0.002083,-0.002083,-0.004167,-0.004167,-0.004167,-0.004167,-0.004167,-0.004167,-0.004167,-0.002083,-0.004167,-0.004167,-0.004167,-0.004167,-0.004167,-0.004167,-0.004167,-0.004167,-0.004167,-0.004167,-0.004167,-0.004167,-0.004167,-0.002083,-0.002083,-0.004167,-0.004167,-0.004167,-0.004167,-0.004167,-0.004167,-0.004167,-0.004167,-0.004167,-0.004167,-0.004167,-0.004167,-0.004167,-0.004167,-0.004167,-0.004167,-0.004167,-0.004167,-0.004167,-0.004167,-0.004167,-0.004167,-0.004167,-0.004167,-0.004167,-0.004167,-0.004167,-0.004167,-0.004167,-0.004167,-0.004167,-0.004167,-0.004167,-0.004167,-0.004167,-0.004167,-0.004167,-0.004167,-0.002083,-0.002083,0.002083,0.002083,-0.00625,-0.0125,-0.027083,-0.033333,-0.041667,-0.041667,-0.035417,-0.029167,-0.016667,-0.0125,0,0.0125,0.027083,0.035417,0.052083,0.060417,0.077083,0.089583,0.125,0.133333,0.15,0.154167,0.158333,0.160417,0.160417,0.1625,0.164583,0.164583,0.166667,0.166667,0.166667,0.164583,0.15625,0.14375,0.102083,0.039583,0.004167,-0.070833,-0.14375,-0.175,-0.222917,-0.2375,-0.247917,-0.245833,-0.239583,-0.233333,-0.220833,-0.214583,-0.2,-0.1875,-0.177083,-0.170833,-0.15625,-0.141667,-0.133333,-0.11875,-0.1125,-0.1125,-0.114583,-0.114583,-0.1125,-0.110417,-0.10625,-0.104167,-0.102083,-0.1,-0.097917,-0.097917,-0.095833,-0.095833,-0.09375,-0.089583,-0.085417,-0.075,-0.0625,-0.05625,-0.04375,-0.0375,-0.033333,-0.033333,-0.03125,-0.03125,-0.03125,-0.03125,-0.03125,-0.029167]","[-0.014222,-0.014222,-0.014222,-0.014222,-0.014222,-0.014222,-0.014222,-0.014222,-0.014222,-0.014222,-0.014222,-0.011111,-0.011111,-0.011111,-0.011111,-0.011111,-0.011111,-0.011111,-0.011111,-0.011111,-0.011111,-0.011111,-0.011111,-0.011111,-0.011111,-0.011111,-0.011111,-0.011111,-0.011111,-0.011111,-0.011111,-0.011111,-0.011111,-0.011111,-0.011111,-0.011111,-0.011111,-0.011111,-0.011111,-0.011111,-0.011111,-0.011111,-0.011111,-0.011111,-0.011111,-0.011111,-0.011111,-0.011111,-0.011111,-0.011111,-0.011111,-0.011111,-0.011111,-0.011111,-0.011111,-0.011111,-0.011111,-0.011111,-0.011111,-0.011111,-0.011111,-0.011111,-0.011111,-0.011111,-0.011111,-0.011111,-0.011111,-0.011111,-0.011111,-0.011111,-0.011111,-0.011111,-0.011111,-0.011111,-0.011111,-0.011111,-0.011111,-0.011111,-0.011111,-0.011111,-0.011111,-0.011111,-0.011111,-0.011111,-0.011111,-0.011111,-0.011111,-0.011111,-0.011111,-0.011111,-0.011111,-0.011111,-0.011111,-0.011111,-0.011111,-0.017333,-0.023556,-0.051556,-0.107556,-0.194667,-0.244444,-0.350222,-0.403111,-0.499556,-0.586667,-0.667556,-0.704889,-0.770222,-0.798222,-0.851111,-0.894667,-0.935111,-0.950667,-0.975556,-0.984889,-1.006667,-1.019111,-1.053333,-1.065778,-1.078222,-1.084444,-1.087556,-1.087556,-1.087556,-1.087556,-1.087556,-1.087556,-1.087556,-1.087556,-1.087556,-1.084444,-1.072,-1.062667,-1.028444,-0.978667,-0.950667,-0.882222,-0.798222,-0.748444,-0.652,-0.614667,-0.555556,-0.518222,-0.487111,-0.471556,-0.440444,-0.424889,-0.393778,-0.362667,-0.334667,-0.319111,-0.284889,-0.247556,-0.225778,-0.185333,-0.148,-0.126222,-0.082667,-0.039111,-0.020444,0.010667,0.023111,0.023111,0.023111,0.02,0.016889,0.010667,0.004444,0.001333,-0.004889,-0.011111,-0.014222,-0.020444,-0.023556,-0.026667,-0.029778,-0.032889,-0.032889,-0.032889,-0.036,-0.036,-0.032889,-0.032889,-0.029778,-0.023556]","[0.0007,0.0157,0.033,0.0499,0.0659,0.0831,0.0995,0.1161,0.1327,0.1499,0.1665,0.1834,0.1989,0.2167,0.2337,0.2494,0.2664,0.2834,0.2999,0.3164,0.3332,0.3489,0.366,0.383,0.4,0.4166,0.4334,0.45,0.4665,0.483,0.4995,0.516,0.5335,0.5506,0.5661,0.5831,0.5999,0.6166,0.6336,0.6495,0.6663,0.6833,0.6998,0.7161,0.7331,0.7498,0.7663,0.7832,0.7994,0.8166,0.8333,0.8497,0.8668,0.8838,0.9004,0.9171,0.933,0.9504,0.967,0.9836,1.0004,1.0174,1.0334,1.0502,1.0668,1.083,1.1002,1.1168,1.1336,1.1496,1.1666,1.1834,1.2002,1.217,1.2334,1.2496,1.2667,1.2843,1.3003,1.3164,1.3334,1.351,1.367,1.3832,1.4004,1.4167,1.4332,1.4503,1.467,1.4835,1.5005,1.5165,1.5337,1.55,1.5671,1.5839,1.6006,1.6171,1.6338,1.6506,1.6671,1.6839,1.7006,1.7172,1.7338,1.7508,1.7673,1.7838,1.8009,1.8179,1.834,1.8508,1.8675,1.8843,1.9011,1.9174,1.9345,1.9511,1.9677,1.9844,2.0011,2.0177,2.0344,2.0512,2.068,2.0843,2.1009,2.1178,2.1436,2.152,2.1677,2.1845,2.2013,2.218,2.2348,2.2505,2.2679,2.2847,2.3014,2.3173,2.3342,2.3509,2.3675,2.3842,2.4009,2.4176,2.4344,2.4512,2.468,2.4847,2.5015,2.5182,2.5349,2.5514,2.568,2.5848,2.6017,2.6183,2.635,2.6514,2.6682,2.685,2.7016,2.7184,2.7349,2.7515,2.7684,2.7852,2.8017,2.8186,2.8354,2.852,2.8688,2.8848,2.9016,2.9186,2.9354,2.952,2.9687,2.9848,3.0017,3.0188,3.0355,3.051,3.0688]","[1,1,1,1,1,1,1,1,1,1,1,1,1,1,1,1,1,1,1,1,1,1,1,1,1,1,1,1,1,1,1,1,1,1,1,1,1,1,1,1,1,1,1,1,1,1,1,1,1,1,1,1,1,1,1,1,1,1,1,1,1,1,1,1,1,1,1,1,1,1,1,1,1,1,1,1,1,1,1,1,1,1,1,1,1,1,1,1,1,1,1,1,1,1,1,1,1,1,1,1,1,1,1,1,1,1,1,1,1,1,1,1,1,2,2,2,2,2,2,2,2,2,2,2,2,2,2,2,2,2,2,2,2,2,2,2,2,2,2,2,2,2,2,2,2,2,2,2,2,2,2,2,2,2,2,2,2,2,2,2,2,2,2,2,2,2,2,2,2,2,2,2,2,2,2,2,2,2,2,2,2,2,2,2,2]",120,843.2116,4,242,0,242,0,1,229579,4,SV_73ADPjbMtd0KUBg,304,2022-03-02_15h06.07.165,implicit_time,2021.1.4,Linux x86_64,59.95563283
cursorjump,325,0,0,10,NA,0,NA,0,0,0.5,FALSE,rotation,0,"[-0.004167,-0.004167,-0.004167,-0.004167,-0.004167,-0.004167,-0.004167,-0.004167,-0.004167,-0.004167,-0.004167,-0.004167,-0.004167,-0.004167,-0.004167,-0.004167,-0.004167,-0.004167,-0.004167,-0.004167,-0.004167,-0.004167,-0.004167,-0.004167,-0.004167,-0.004167,-0.004167,-0.004167,-0.004167,-0.004167,-0.004167,-0.004167,-0.004167,-0.004167,-0.004167,-0.002083,0,0.014583,0.0375,0.072917,0.09375,0.1375,0.158333,0.197917,0.235417,0.254167,0.297917,0.341667,0.364583,0.40625,0.439583,0.452083,0.477083,0.502083,0.514583,0.5375,0.554167,0.560417,0.570833,0.583333,0.589583,0.60625,0.625,0.63125,0.641667,0.652083,0.658333,0.666667,0.670833,0.670833,0.664583,0.65,0.639583,0.616667,0.585417,0.566667,0.514583,0.452083,0.41875,0.352083,0.295833,0.270833,0.227083,0.191667,0.179167,0.154167,0.13125,0.120833,0.104167,0.09375,0.089583,0.085417,0.08125,0.079167,0.079167,0.077083,0.079167,0.079167,0.083333,0.083333,0.083333,0.083333,0.079167,0.077083,0.070833,0.066667,0.058333,0.052083,0.05,0.04375,0.039583,0.0375,0.035417,0.035417,0.033333]","[0.004444,0.004444,0.004444,0.004444,0.004444,0.004444,0.004444,0.004444,0.004444,0.004444,0.004444,0.004444,0.004444,0.004444,0.004444,0.004444,0.004444,0.004444,0.004444,0.004444,0.004444,0.004444,0.004444,0.004444,0.004444,0.004444,0.004444,0.004444,0.004444,0.004444,0.004444,0.004444,0.004444,0.004444,0.004444,-0.001778,-0.008,-0.029778,-0.060889,-0.107556,-0.135556,-0.197778,-0.232,-0.303556,-0.368889,-0.4,-0.459111,-0.515111,-0.543111,-0.592889,-0.633333,-0.648889,-0.68,-0.708,-0.720444,-0.745333,-0.767111,-0.776444,-0.795111,-0.810667,-0.82,-0.838667,-0.851111,-0.857333,-0.869778,-0.876,-0.882222,-0.888444,-0.894667,-0.894667,-0.885333,-0.872889,-0.860444,-0.838667,-0.813778,-0.798222,-0.754667,-0.689333,-0.655111,-0.574222,-0.487111,-0.440444,-0.350222,-0.26,-0.216444,-0.144889,-0.085778,-0.060889,-0.023556,0.001333,0.010667,0.026222,0.038667,0.041778,0.048,0.048,0.048,0.048,0.054222,0.057333,0.063556,0.063556,0.063556,0.060444,0.051111,0.044889,0.038667,0.035556,0.035556,0.032444,0.029333,0.026222,0.023111,0.023111,0.023111]","[0.0006,0.017,0.0335,0.0498,0.0665,0.0831,0.0998,0.1164,0.133,0.1498,0.1664,0.1832,0.1996,0.2165,0.2333,0.2499,0.2665,0.2834,0.3002,0.3165,0.3335,0.3502,0.3668,0.3834,0.4,0.4167,0.4331,0.45,0.4663,0.4834,0.5001,0.5171,0.5335,0.5502,0.5669,0.5838,0.6004,0.617,0.6336,0.6504,0.6672,0.684,0.7007,0.7176,0.7344,0.7514,0.7674,0.7844,0.8012,0.818,0.8339,0.8506,0.8674,0.8841,0.9005,0.9173,0.9336,0.9507,0.9677,0.9841,1.0007,1.0174,1.034,1.0509,1.0673,1.0841,1.1009,1.1175,1.1341,1.1509,1.1674,1.184,1.2009,1.2174,1.2341,1.2508,1.2674,1.2841,1.3009,1.3175,1.3343,1.3511,1.3677,1.3846,1.4009,1.4176,1.4343,1.451,1.4677,1.4843,1.5009,1.5175,1.5353,1.5511,1.5678,1.5845,1.6011,1.6178,1.6346,1.6513,1.6681,1.6847,1.7013,1.718,1.7346,1.7513,1.7679,1.7845,1.8011,1.8178,1.8345,1.8512,1.8678,1.8844,1.9011]","[1,1,1,1,1,1,1,1,1,1,1,1,1,1,1,1,1,1,1,1,1,1,1,1,1,1,1,1,1,1,1,1,1,1,1,1,1,1,1,1,1,1,1,1,1,1,1,1,1,1,1,1,1,1,1,1,1,1,2,2,2,2,2,2,2,2,2,2,2,2,2,2,2,2,2,2,2,2,2,2,2,2,2,2,2,2,2,2,2,2,2,2,2,2,2,2,2,2,2,2,2,2,2,2,2,2,2,2,2,2,2,2,2,2,2]",120,845.6292,4,243,0,243,0,1,229579,4,SV_73ADPjbMtd0KUBg,304,2022-03-02_15h06.07.165,implicit_time,2021.1.4,Linux x86_64,59.95563283
cursorjump,45,45,0.5,10,NA,0,NA,0,1,0.5,FALSE,rotation,1,"[0.025,0.025,0.025,0.025,0.025,0.025,0.025,0.025,0.025,0.025,0.025,0.025,0.025,0.025,0.025,0.025,0.025,0.025,0.025,0.025,0.025,0.025,0.025,0.025,0.025,0.025,0.025,0.025,0.025,0.025,0.025,0.025,0.025,0.025,0.025,0.025,0.025,0.025,0.025,0.025,0.025,0.025,0.025,0.025,0.025,0.025,0.025,0.025,0.025,0.025,0.025,0.025,0.025,0.025,0.025,0.025,0.025,0.025,0.022917,0.025,0.03125,0.041667,0.06875,0.104167,0.152083,0.18125,0.25,0.2875,0.372917,0.452083,0.527083,0.5625,0.633333,0.666667,0.73125,0.791667,0.845833,0.870833,0.914583,0.933333,0.966667,0.997917,1.027083,1.041667,1.064583,1.072917,1.0875,1.09375,1.095833,1.095833,1.097917,1.095833,1.095833,1.095833,1.09375,1.091667,1.08125,1.072917,1.047917,1.010417,0.960417,0.933333,0.870833,0.835417,0.758333,0.71875,0.641667,0.572917,0.5125,0.48125,0.422917,0.372917,0.352083,0.320833,0.302083,0.295833,0.285417,0.277083,0.272917,0.264583,0.25,0.241667,0.21875,0.19375,0.18125,0.145833,0.141667,0.1375,0.125,0.11875,0.116667,0.114583,0.114583,0.114583,0.110417,0.108333,0.10625,0.102083,0.095833,0.091667,0.085417,0.079167,0.077083,0.070833,0.066667,0.064583,0.060417,0.05625,0.054167,0.045833,0.035417]","[0.02,0.02,0.02,0.02,0.02,0.02,0.02,0.02,0.02,0.02,0.02,0.02,0.02,0.02,0.02,0.02,0.02,0.02,0.02,0.02,0.02,0.02,0.02,0.02,0.02,0.02,0.02,0.02,0.02,0.02,0.02,0.02,0.02,0.02,0.02,0.02,0.02,0.02,0.02,0.02,0.02,0.02,0.02,0.02,0.02,0.02,0.02,0.02,0.02,0.02,0.02,0.02,0.02,0.02,0.02,0.02,0.02,0.02,0.02,0.02,0.026222,0.029333,0.041778,0.051111,0.063556,0.066667,0.066667,0.063556,0.048,0.026222,0.013778,0.007556,-0.001778,-0.004889,-0.008,-0.001778,0.007556,0.010667,0.02,0.023111,0.032444,0.038667,0.048,0.051111,0.057333,0.060444,0.063556,0.063556,0.060444,0.060444,0.060444,0.060444,0.060444,0.060444,0.060444,0.060444,0.057333,0.054222,0.054222,0.051111,0.051111,0.051111,0.041778,0.032444,0.001333,-0.017333,-0.057778,-0.092,-0.12,-0.132444,-0.151111,-0.166667,-0.176,-0.185333,-0.191556,-0.194667,-0.194667,-0.194667,-0.194667,-0.194667,-0.200889,-0.207111,-0.210222,-0.204,-0.200889,-0.176,-0.172889,-0.169778,-0.160444,-0.141778,-0.129333,-0.095111,-0.060889,-0.048444,-0.026667,-0.011111,-0.008,-0.001778,0.001333,0.001333,0.001333,-0.001778,-0.004889,-0.004889,-0.004889,-0.004889,-0.004889,-0.004889,-0.008,-0.008,-0.011111]","[0.0007,0.0159,0.0322,0.0488,0.0659,0.0826,0.0991,0.1161,0.1325,0.1494,0.1655,0.1831,0.1997,0.216,0.2321,0.2497,0.2661,0.2826,0.2997,0.3162,0.3326,0.3498,0.3659,0.3833,0.3998,0.4161,0.4327,0.4498,0.4663,0.4829,0.4995,0.5165,0.533,0.5496,0.5659,0.5832,0.5994,0.6158,0.6331,0.6496,0.6661,0.6831,0.6996,0.716,0.7335,0.7499,0.766,0.7832,0.7999,0.8161,0.8331,0.8494,0.8667,0.8831,0.8997,0.9167,0.9336,0.9502,0.9667,0.9834,1.0001,1.0168,1.0335,1.0501,1.0668,1.0834,1.1001,1.1168,1.1335,1.1502,1.167,1.1838,1.2004,1.217,1.2335,1.2503,1.2669,1.2837,1.3004,1.317,1.3337,1.3504,1.367,1.3835,1.4003,1.4169,1.4336,1.4504,1.4672,1.4837,1.5004,1.5169,1.5336,1.5502,1.5672,1.5838,1.6004,1.617,1.6336,1.6502,1.6669,1.6835,1.7003,1.717,1.7337,1.7506,1.7671,1.7839,1.8006,1.8171,1.8337,1.8513,1.8675,1.8839,1.9001,1.9174,1.934,1.9506,1.9671,1.9839,2.0006,2.0172,2.0339,2.0505,2.0675,2.0839,2.1008,2.1174,2.1341,2.1507,2.1673,2.184,2.2006,2.2173,2.2341,2.2509,2.2674,2.2844,2.3008,2.3174,2.3344,2.351,2.3676,2.3842,2.4006,2.4179,2.4343,2.4509,2.4675,2.4842,2.501]","[1,1,1,1,1,1,1,1,1,1,1,1,1,1,1,1,1,1,1,1,1,1,1,1,1,1,1,1,1,1,1,1,1,1,1,1,1,1,1,1,1,1,1,1,1,1,1,1,1,1,1,1,1,1,1,1,1,1,1,1,1,1,1,1,1,1,1,1,1,1,1,1,1,1,1,1,1,1,1,1,2,2,2,2,2,2,2,2,2,2,2,2,2,2,2,2,2,2,2,2,2,2,2,2,2,2,2,2,2,2,2,2,2,2,2,2,2,2,2,2,2,2,2,2,2,2,2,2,2,2,2,2,2,2,2,2,2,2,2,2,2,2,2,2,2,2,2,2,2,2,2]",130,848.648,4,244,0,244,0,1,229579,4,SV_73ADPjbMtd0KUBg,304,2022-03-02_15h06.07.165,implicit_time,2021.1.4,Linux x86_64,59.95563283
cursorjump,35,0,0,10,NA,0,NA,0,0,0.5,FALSE,rotation,0,"[-0.014583,-0.014583,-0.014583,-0.014583,-0.014583,-0.014583,-0.014583,-0.014583,-0.014583,-0.014583,-0.014583,-0.014583,-0.014583,-0.014583,-0.014583,-0.014583,-0.014583,-0.014583,-0.014583,-0.014583,-0.014583,-0.014583,-0.014583,-0.014583,-0.014583,-0.014583,-0.010417,-0.004167,0.016667,0.033333,0.072917,0.125,0.1875,0.225,0.308333,0.352083,0.439583,0.520833,0.597917,0.635417,0.708333,0.739583,0.795833,0.8375,0.870833,0.885417,0.910417,0.920833,0.935417,0.94375,0.947917,0.95,0.958333,0.9625,0.964583,0.96875,0.95625,0.94375,0.897917,0.870833,0.814583,0.754167,0.720833,0.647917,0.56875,0.529167,0.464583,0.410417,0.3875,0.3375,0.289583,0.26875,0.235417,0.214583,0.20625,0.189583,0.172917,0.166667,0.158333,0.152083,0.15,0.145833,0.141667,0.1375,0.129167,0.114583,0.10625,0.09375,0.079167,0.0625,0.05625,0.039583]","[-0.020444,-0.020444,-0.020444,-0.020444,-0.020444,-0.020444,-0.020444,-0.020444,-0.020444,-0.020444,-0.020444,-0.020444,-0.020444,-0.020444,-0.020444,-0.020444,-0.020444,-0.020444,-0.020444,-0.020444,-0.020444,-0.020444,-0.020444,-0.020444,-0.020444,-0.020444,-0.017333,-0.014222,-0.001778,0.007556,0.029333,0.057333,0.091556,0.113333,0.163111,0.188,0.234667,0.275111,0.312444,0.331111,0.365333,0.380889,0.405778,0.427556,0.443111,0.449333,0.461778,0.464889,0.471111,0.474222,0.474222,0.474222,0.477333,0.480444,0.480444,0.483556,0.483556,0.480444,0.471111,0.464889,0.449333,0.427556,0.412,0.374667,0.331111,0.306222,0.268889,0.237778,0.222222,0.191111,0.16,0.144444,0.125778,0.110222,0.104,0.091556,0.079111,0.076,0.069778,0.066667,0.063556,0.060444,0.057333,0.054222,0.048,0.038667,0.035556,0.026222,0.02,0.013778,0.010667,0.004444]","[0.0004,0.0162,0.0333,0.0498,0.0665,0.0831,0.0997,0.1163,0.1331,0.1496,0.1667,0.1834,0.2001,0.217,0.2323,0.2502,0.2668,0.2836,0.299,0.3168,0.3333,0.35,0.3666,0.3828,0.3995,0.417,0.4336,0.4503,0.4671,0.4838,0.5002,0.5164,0.5331,0.5497,0.5665,0.5832,0.5999,0.6163,0.633,0.6497,0.6666,0.6835,0.7002,0.7165,0.7333,0.7499,0.7666,0.7833,0.8001,0.8166,0.8331,0.8499,0.8665,0.8834,0.9003,0.9171,0.9336,0.9503,0.9672,0.9837,1.0004,1.0171,1.0337,1.0505,1.0669,1.0836,1.1006,1.1172,1.1338,1.1504,1.1671,1.1834,1.1997,1.2174,1.2338,1.25,1.2672,1.2833,1.2998,1.3167,1.3335,1.3499,1.3668,1.3833,1.3999,1.4169,1.4334,1.4506,1.467,1.4833,1.4998,1.5168]","[1,1,1,1,1,1,1,1,1,1,1,1,1,1,1,1,1,1,1,1,1,1,1,1,1,1,1,1,1,1,1,1,1,1,1,1,1,1,1,1,1,1,1,1,2,2,2,2,2,2,2,2,2,2,2,2,2,2,2,2,2,2,2,2,2,2,2,2,2,2,2,2,2,2,2,2,2,2,2,2,2,2,2,2,2,2,2,2,2,2,2,2]",130,850.6825,4,245,0,245,0,1,229579,4,SV_73ADPjbMtd0KUBg,304,2022-03-02_15h06.07.165,implicit_time,2021.1.4,Linux x86_64,59.95563283
cursorjump,135,45,0.5,10,NA,0,NA,0,1,0.5,FALSE,rotation,1,"[-0.016667,-0.014583,-0.014583,-0.014583,-0.014583,-0.014583,-0.014583,-0.014583,-0.014583,-0.014583,-0.0125,-0.0125,-0.0125,-0.0125,-0.0125,-0.010417,-0.010417,-0.010417,-0.010417,-0.010417,-0.010417,-0.010417,-0.010417,-0.010417,-0.008333,-0.010417,-0.010417,-0.010417,-0.008333,-0.008333,-0.008333,-0.008333,-0.008333,-0.008333,-0.008333,-0.008333,-0.008333,-0.00625,-0.00625,-0.00625,-0.00625,-0.00625,-0.00625,-0.00625,-0.00625,-0.00625,-0.00625,-0.00625,-0.00625,-0.00625,-0.00625,-0.00625,-0.00625,-0.004167,-0.004167,-0.004167,-0.004167,-0.004167,-0.004167,-0.004167,-0.004167,-0.002083,0.002083,0.00625,0.01875,0.035417,0.045833,0.075,0.116667,0.139583,0.1875,0.241667,0.270833,0.341667,0.41875,0.458333,0.527083,0.58125,0.604167,0.647917,0.689583,0.708333,0.7375,0.75,0.766667,0.775,0.777083,0.777083,0.777083,0.775,0.76875,0.760417,0.75625,0.75625,0.75625,0.754167,0.752083,0.75,0.745833,0.74375,0.73125,0.720833,0.69375,0.652083,0.604167,0.577083,0.525,0.497917,0.44375,0.383333,0.325,0.297917,0.25625,0.241667,0.222917,0.210417,0.197917,0.19375,0.1875,0.1875,0.1875,0.191667,0.19375,0.19375,0.1875,0.183333,0.172917,0.158333,0.139583,0.129167,0.10625,0.09375,0.06875,0.047917,0.03125]","[-0.004889,-0.004889,-0.004889,-0.004889,-0.004889,-0.004889,-0.004889,-0.004889,-0.004889,-0.004889,-0.004889,-0.004889,-0.004889,-0.004889,-0.004889,-0.004889,-0.004889,-0.004889,-0.004889,-0.004889,-0.004889,-0.004889,-0.004889,-0.004889,-0.004889,-0.004889,-0.004889,-0.004889,-0.004889,-0.004889,-0.004889,-0.004889,-0.004889,-0.004889,-0.004889,-0.004889,-0.004889,-0.008,-0.008,-0.008,-0.008,-0.008,-0.008,-0.008,-0.008,-0.008,-0.008,-0.008,-0.008,-0.008,-0.008,-0.008,-0.008,-0.008,-0.008,-0.008,-0.004889,-0.004889,-0.004889,-0.001778,0.001333,0.013778,0.032444,0.041778,0.063556,0.088444,0.100889,0.135111,0.181778,0.203556,0.250222,0.3,0.331111,0.390222,0.446222,0.471111,0.514667,0.545778,0.558222,0.58,0.601778,0.608,0.623556,0.626667,0.632889,0.636,0.636,0.636,0.636,0.636,0.632889,0.629778,0.629778,0.629778,0.629778,0.626667,0.626667,0.623556,0.620444,0.617333,0.608,0.601778,0.583111,0.555111,0.514667,0.489778,0.433778,0.399556,0.324889,0.247111,0.166222,0.128889,0.063556,0.038667,-0.004889,-0.045333,-0.076444,-0.088889,-0.101333,-0.101333,-0.101333,-0.095111,-0.088889,-0.085778,-0.076444,-0.070222,-0.054667,-0.045333,-0.039111,-0.036,-0.032889,-0.032889,-0.029778,-0.023556,-0.023556]","[0.0005,0.0167,0.0331,0.0494,0.0661,0.0829,0.0993,0.1162,0.1328,0.1497,0.1665,0.1827,0.1996,0.2163,0.2334,0.2496,0.2664,0.283,0.2998,0.3164,0.3331,0.3499,0.3668,0.383,0.3999,0.4171,0.4336,0.4497,0.4664,0.4833,0.5,0.5167,0.5334,0.5501,0.5669,0.5833,0.5999,0.6166,0.6334,0.65,0.6667,0.6836,0.6997,0.7165,0.7334,0.7503,0.7671,0.7831,0.7999,0.8167,0.8335,0.8501,0.8667,0.8836,0.9004,0.9167,0.9336,0.9505,0.9675,0.9837,1.0006,1.0167,1.0337,1.0506,1.0676,1.0837,1.1006,1.1168,1.1337,1.1506,1.167,1.1839,1.2008,1.2177,1.2337,1.2506,1.2676,1.2838,1.3009,1.3172,1.3336,1.3509,1.3671,1.384,1.4003,1.4175,1.4336,1.4507,1.4678,1.4839,1.5011,1.5171,1.5338,1.5506,1.5676,1.5844,1.6014,1.6174,1.6345,1.6507,1.6678,1.6837,1.7005,1.7172,1.7342,1.7508,1.7678,1.7838,1.8008,1.8179,1.8342,1.8514,1.8674,1.8843,1.9013,1.9175,1.9345,1.9514,1.9675,1.9844,2.0014,2.0178,2.0347,2.0517,2.0678,2.0845,2.1012,2.1181,2.1351,2.1509,2.1677,2.1847,2.2008,2.2178,2.2346]","[1,1,1,1,1,1,1,1,1,1,1,1,1,1,1,1,1,1,1,1,1,1,1,1,1,1,1,1,1,1,1,1,1,1,1,1,1,1,1,1,1,1,1,1,1,1,1,1,1,1,1,1,1,1,1,1,1,1,1,1,1,1,1,1,1,1,1,1,1,1,1,1,1,1,1,1,1,1,1,1,1,1,2,2,2,2,2,2,2,2,2,2,2,2,2,2,2,2,2,2,2,2,2,2,2,2,2,2,2,2,2,2,2,2,2,2,2,2,2,2,2,2,2,2,2,2,2,2,2,2,2,2,2,2,2]",130,853.4346,4,246,0,246,0,1,229579,4,SV_73ADPjbMtd0KUBg,304,2022-03-02_15h06.07.165,implicit_time,2021.1.4,Linux x86_64,59.95563283
cursorjump,145,0,0,10,NA,0,NA,0,0,0.5,FALSE,rotation,0,"[-0.002083,-0.002083,-0.002083,0,0,0,0.002083,0.004167,0.004167,0.00625,0.008333,0.008333,0.008333,0.008333,0.010417,0.010417,0.010417,0.010417,0.010417,0.0125,0.0125,0.0125,0.0125,0.0125,0.0125,0.014583,0.014583,0.014583,0.014583,0.014583,0.014583,0.014583,0.014583,0.014583,0.014583,0.014583,0.014583,0.014583,0.014583,0.014583,0.014583,0.014583,0.014583,0.014583,0.014583,0.014583,0.014583,0.014583,0.014583,0.0125,0.008333,0.00625,-0.002083,-0.00625,-0.016667,-0.03125,-0.041667,-0.0625,-0.0875,-0.1,-0.125,-0.15,-0.164583,-0.197917,-0.235417,-0.254167,-0.29375,-0.33125,-0.35,-0.3875,-0.427083,-0.445833,-0.48125,-0.510417,-0.522917,-0.55,-0.575,-0.5875,-0.608333,-0.629167,-0.6375,-0.652083,-0.666667,-0.675,-0.689583,-0.702083,-0.710417,-0.722917,-0.739583,-0.75,-0.770833,-0.791667,-0.8,-0.816667,-0.83125,-0.8375,-0.841667,-0.841667,-0.841667,-0.841667,-0.839583,-0.8375,-0.822917,-0.802083,-0.789583,-0.7625,-0.73125,-0.7125,-0.670833,-0.620833,-0.591667,-0.53125,-0.466667,-0.433333,-0.364583,-0.29375,-0.258333,-0.19375,-0.139583,-0.114583,-0.070833,-0.0375,-0.025,-0.00625,0,0.00625]","[-0.029778,-0.029778,-0.029778,-0.029778,-0.029778,-0.029778,-0.029778,-0.029778,-0.032889,-0.032889,-0.032889,-0.032889,-0.032889,-0.032889,-0.032889,-0.032889,-0.032889,-0.032889,-0.032889,-0.032889,-0.032889,-0.032889,-0.032889,-0.032889,-0.032889,-0.032889,-0.032889,-0.032889,-0.032889,-0.032889,-0.032889,-0.032889,-0.032889,-0.032889,-0.032889,-0.032889,-0.032889,-0.032889,-0.032889,-0.032889,-0.036,-0.036,-0.036,-0.032889,-0.032889,-0.036,-0.036,-0.036,-0.036,-0.032889,-0.032889,-0.029778,-0.026667,-0.023556,-0.014222,-0.001778,0.007556,0.026222,0.051111,0.063556,0.088444,0.110222,0.122667,0.144444,0.166222,0.175556,0.200444,0.228444,0.240889,0.265778,0.287556,0.3,0.324889,0.352889,0.365333,0.393333,0.418222,0.430667,0.455556,0.480444,0.489778,0.511556,0.530222,0.539556,0.555111,0.570667,0.58,0.595556,0.608,0.617333,0.632889,0.654667,0.664,0.682667,0.701333,0.707556,0.713778,0.713778,0.713778,0.713778,0.713778,0.713778,0.704444,0.685778,0.673333,0.645333,0.611111,0.592444,0.555111,0.514667,0.492889,0.446222,0.396444,0.371556,0.328,0.284444,0.259556,0.216,0.172444,0.153778,0.119556,0.088444,0.072889,0.054222,0.044889,0.038667]","[0.0003,0.017,0.0332,0.0505,0.0667,0.0836,0.0998,0.1166,0.1335,0.1504,0.1673,0.1833,0.2004,0.2165,0.2335,0.2504,0.2674,0.2833,0.3007,0.3168,0.3337,0.3505,0.3676,0.3838,0.4008,0.4168,0.4336,0.4506,0.4667,0.4837,0.5007,0.5168,0.5336,0.5505,0.5674,0.5835,0.6004,0.6172,0.6343,0.6505,0.6675,0.6836,0.7004,0.7173,0.734,0.751,0.7671,0.7842,0.8003,0.8173,0.8343,0.8512,0.8673,0.8845,0.9006,0.9178,0.9337,0.951,0.9672,0.9842,1.0006,1.0175,1.0344,1.0508,1.0674,1.0839,1.1009,1.1179,1.1339,1.1509,1.1674,1.1846,1.2006,1.2176,1.2347,1.2506,1.2676,1.2848,1.3007,1.3178,1.334,1.351,1.3681,1.384,1.4011,1.4176,1.4347,1.4509,1.4682,1.4843,1.5009,1.5178,1.5344,1.5515,1.5677,1.5843,1.6012,1.6183,1.6343,1.6514,1.6678,1.6843,1.7012,1.7183,1.7344,1.7516,1.7677,1.7847,1.8013,1.818,1.8352,1.8514,1.8679,1.8848,1.9011,1.9181,1.9351,1.9516,1.9685,1.9845,2.0015,2.0183,2.0353,2.0515,2.068,2.0848]","[1,1,1,1,1,1,1,1,1,1,1,1,1,1,1,1,1,1,1,1,1,1,1,1,1,1,1,1,1,1,1,1,1,1,1,1,1,1,1,1,1,1,1,1,1,1,1,1,1,1,1,1,1,1,1,1,1,1,1,1,1,1,1,1,1,1,1,1,1,1,1,1,1,1,1,1,1,1,1,1,1,1,1,1,1,1,1,1,1,2,2,2,2,2,2,2,2,2,2,2,2,2,2,2,2,2,2,2,2,2,2,2,2,2,2,2,2,2,2,2,2,2,2,2,2,2]",130,856.0362,4,247,0,247,0,1,229579,4,SV_73ADPjbMtd0KUBg,304,2022-03-02_15h06.07.165,implicit_time,2021.1.4,Linux x86_64,59.95563283
cursorjump,225,45,0.5,10,NA,0,NA,0,1,0.5,FALSE,rotation,1,"[-0.014583,-0.014583,-0.014583,-0.014583,-0.014583,-0.014583,-0.014583,-0.014583,-0.014583,-0.0125,-0.010417,-0.008333,-0.00625,-0.002083,-0.002083,0,0,0.002083,0.002083,0.002083,0.002083,0.002083,0.002083,0.002083,0.002083,0.002083,0.002083,0.002083,0.002083,0.002083,0.002083,0.002083,0.002083,0.002083,0.002083,0.002083,0.002083,0.002083,0.002083,0.002083,0.002083,0.002083,0.002083,0.002083,0.002083,0.002083,0.002083,0.002083,0.002083,0.002083,0.002083,0.002083,0.002083,0.002083,0,0,-0.004167,-0.0125,-0.01875,-0.033333,-0.054167,-0.066667,-0.091667,-0.114583,-0.125,-0.14375,-0.1625,-0.170833,-0.189583,-0.208333,-0.21875,-0.2375,-0.25,-0.25625,-0.266667,-0.277083,-0.283333,-0.3,-0.314583,-0.322917,-0.3375,-0.347917,-0.35625,-0.360417,-0.3625,-0.364583,-0.364583,-0.364583,-0.3625,-0.360417,-0.358333,-0.358333,-0.358333,-0.358333,-0.358333,-0.35625,-0.345833,-0.3375,-0.320833,-0.302083,-0.285417,-0.279167,-0.264583,-0.258333,-0.241667,-0.233333,-0.21875,-0.208333,-0.204167,-0.202083,-0.204167,-0.20625,-0.20625,-0.208333,-0.208333,-0.208333,-0.20625,-0.202083,-0.1875,-0.164583,-0.133333,-0.11875,-0.089583,-0.079167,-0.0625,-0.05,-0.039583,-0.035417,-0.029167,-0.027083,-0.025,-0.025]","[0.007556,0.007556,0.007556,0.007556,0.007556,0.004444,0.004444,0.004444,0.004444,0.004444,0.004444,0.001333,0.001333,0.001333,0.001333,0.001333,0.001333,0.001333,0.001333,0.001333,0.001333,0.001333,0.001333,0.001333,0.001333,0.001333,0.001333,0.001333,0.001333,0.001333,0.001333,0.001333,0.001333,0.001333,0.001333,0.001333,0.001333,0.001333,0.001333,0.001333,0.001333,0.001333,0.001333,0.001333,0.001333,0.001333,0.001333,-0.001778,-0.001778,-0.004889,-0.008,-0.011111,-0.011111,-0.014222,-0.017333,-0.023556,-0.032889,-0.051556,-0.060889,-0.092,-0.138667,-0.166667,-0.235111,-0.303556,-0.337778,-0.409333,-0.474667,-0.502667,-0.558667,-0.605333,-0.627111,-0.670667,-0.708,-0.726667,-0.760889,-0.792,-0.804444,-0.832444,-0.854222,-0.866667,-0.885333,-0.900889,-0.913333,-0.916444,-0.919556,-0.922667,-0.922667,-0.919556,-0.916444,-0.910222,-0.891556,-0.879111,-0.841778,-0.785778,-0.717333,-0.676889,-0.589778,-0.546222,-0.465333,-0.387556,-0.316,-0.281778,-0.225778,-0.200889,-0.166667,-0.151111,-0.129333,-0.110667,-0.104444,-0.104444,-0.104444,-0.110667,-0.110667,-0.110667,-0.113778,-0.113778,-0.113778,-0.116889,-0.12,-0.12,-0.110667,-0.104444,-0.095111,-0.088889,-0.079556,-0.070222,-0.060889,-0.054667,-0.042222,-0.036,-0.036,-0.032889]","[0.0002,0.016,0.0329,0.0494,0.0665,0.0834,0.0993,0.1165,0.1326,0.1499,0.166,0.1829,0.1999,0.2169,0.233,0.2503,0.2663,0.2833,0.3001,0.3162,0.3333,0.3495,0.3666,0.3836,0.3995,0.4163,0.4335,0.4496,0.4668,0.483,0.5002,0.5163,0.5333,0.5498,0.5669,0.5839,0.5996,0.6165,0.6334,0.65,0.667,0.6838,0.6998,0.7167,0.7337,0.7498,0.7668,0.7838,0.7997,0.8168,0.8339,0.8501,0.867,0.884,0.8999,0.9171,0.9332,0.95,0.9669,0.9838,1.0008,1.0169,1.034,1.05,1.0669,1.0838,1.1008,1.117,1.1341,1.151,1.1669,1.1837,1.2005,1.2177,1.2337,1.2506,1.2668,1.2838,1.3006,1.3169,1.3342,1.3504,1.3674,1.3844,1.4007,1.4177,1.4339,1.4507,1.4676,1.4845,1.5006,1.5179,1.5339,1.5508,1.5677,1.5839,1.6011,1.6172,1.6342,1.6514,1.6676,1.6839,1.701,1.717,1.734,1.751,1.7678,1.7846,1.8009,1.818,1.8341,1.8512,1.8674,1.8845,1.9007,1.9177,1.9347,1.9508,1.9677,1.9844,2.0013,2.0174,2.0342,2.0512,2.0674,2.0847,2.1006,2.1175,2.1346,2.1516,2.1677,2.1845]","[1,1,1,1,1,1,1,1,1,1,1,1,1,1,1,1,1,1,1,1,1,1,1,1,1,1,1,1,1,1,1,1,1,1,1,1,1,1,1,1,1,1,1,1,1,1,1,1,1,1,1,1,1,1,1,1,1,1,1,1,1,1,1,1,1,1,1,1,1,1,1,1,1,1,1,1,1,1,1,1,1,2,2,2,2,2,2,2,2,2,2,2,2,2,2,2,2,2,2,2,2,2,2,2,2,2,2,2,2,2,2,2,2,2,2,2,2,2,2,2,2,2,2,2,2,2,2,2,2,2,2,2]",130,858.7383,4,248,0,248,0,1,229579,4,SV_73ADPjbMtd0KUBg,304,2022-03-02_15h06.07.165,implicit_time,2021.1.4,Linux x86_64,59.95563283
cursorjump,215,0,0,10,NA,0,NA,0,0,0.5,FALSE,rotation,0,"[-0.008333,-0.008333,-0.008333,-0.008333,-0.008333,-0.00625,-0.00625,-0.00625,-0.008333,-0.008333,-0.00625,-0.00625,-0.00625,-0.00625,-0.00625,-0.008333,-0.008333,-0.00625,-0.00625,-0.00625,-0.00625,-0.008333,-0.008333,-0.00625,-0.00625,-0.008333,-0.008333,-0.00625,-0.00625,-0.00625,-0.00625,-0.004167,-0.004167,-0.004167,-0.004167,-0.004167,-0.004167,-0.00625,-0.008333,-0.025,-0.039583,-0.08125,-0.133333,-0.191667,-0.222917,-0.291667,-0.329167,-0.404167,-0.475,-0.535417,-0.564583,-0.6125,-0.635417,-0.670833,-0.7,-0.722917,-0.733333,-0.752083,-0.760417,-0.779167,-0.795833,-0.80625,-0.808333,-0.808333,-0.80625,-0.797917,-0.775,-0.7375,-0.714583,-0.6625,-0.635417,-0.575,-0.508333,-0.441667,-0.410417,-0.35625,-0.333333,-0.297917,-0.26875,-0.258333,-0.235417,-0.216667,-0.210417,-0.202083,-0.2,-0.197917,-0.197917,-0.19375,-0.189583,-0.185417,-0.18125,-0.179167,-0.170833,-0.152083,-0.13125,-0.122917,-0.108333,-0.102083,-0.091667,-0.077083,-0.066667,-0.047917,-0.033333]","[-0.004889,-0.004889,-0.004889,-0.004889,-0.004889,-0.004889,-0.004889,-0.004889,-0.004889,-0.004889,-0.004889,-0.004889,-0.004889,-0.004889,-0.004889,-0.004889,-0.004889,-0.004889,-0.004889,-0.004889,-0.004889,-0.004889,-0.004889,-0.004889,-0.004889,-0.004889,-0.004889,-0.004889,-0.004889,-0.001778,-0.001778,-0.001778,-0.001778,0.001333,0.001333,0.001333,0.001333,0.001333,0.001333,-0.004889,-0.014222,-0.039111,-0.073333,-0.116889,-0.141778,-0.197778,-0.228889,-0.294222,-0.356444,-0.409333,-0.437333,-0.484,-0.508889,-0.552444,-0.592889,-0.630222,-0.648889,-0.683111,-0.701778,-0.732889,-0.764,-0.782667,-0.785778,-0.785778,-0.785778,-0.776444,-0.745333,-0.689333,-0.655111,-0.589778,-0.558667,-0.490222,-0.418667,-0.353333,-0.322222,-0.269333,-0.244444,-0.204,-0.169778,-0.157333,-0.129333,-0.110667,-0.101333,-0.092,-0.088889,-0.088889,-0.088889,-0.082667,-0.079556,-0.073333,-0.070222,-0.067111,-0.060889,-0.048444,-0.032889,-0.026667,-0.020444,-0.017333,-0.014222,-0.008,-0.008,-0.004889,-0.004889]","[0.0003,0.0161,0.0326,0.0497,0.0668,0.0832,0.1002,0.1161,0.1333,0.1496,0.1666,0.1834,0.2,0.2168,0.2329,0.2501,0.2661,0.283,0.2999,0.3167,0.3338,0.3499,0.3669,0.3831,0.4003,0.4163,0.4332,0.4503,0.4664,0.4833,0.5003,0.5166,0.5337,0.5497,0.5668,0.5839,0.6007,0.6169,0.634,0.6501,0.6668,0.6837,0.7002,0.7173,0.7336,0.7507,0.7669,0.7834,0.8005,0.8169,0.8341,0.8502,0.8672,0.8836,0.9008,0.917,0.9334,0.9505,0.9669,0.9838,1.0006,1.0171,1.0336,1.0508,1.0669,1.0838,1.1002,1.1171,1.1342,1.1508,1.1668,1.1841,1.2005,1.2175,1.2338,1.2509,1.2672,1.2843,1.3005,1.3173,1.3343,1.3504,1.3674,1.3845,1.4004,1.4177,1.4338,1.4508,1.4679,1.4838,1.5007,1.5178,1.5339,1.551,1.5679,1.5839,1.6012,1.6174,1.6347,1.6508,1.6679,1.6839,1.7012]","[1,1,1,1,1,1,1,1,1,1,1,1,1,1,1,1,1,1,1,1,1,1,1,1,1,1,1,1,1,1,1,1,1,1,1,1,1,1,1,1,1,1,1,1,1,1,1,1,1,1,1,1,1,1,1,2,2,2,2,2,2,2,2,2,2,2,2,2,2,2,2,2,2,2,2,2,2,2,2,2,2,2,2,2,2,2,2,2,2,2,2,2,2,2,2,2,2,2,2,2,2,2,2]",130,861.0904,4,249,0,249,0,1,229579,4,SV_73ADPjbMtd0KUBg,304,2022-03-02_15h06.07.165,implicit_time,2021.1.4,Linux x86_64,59.95563283
cursorjump,135,45,0.5,10,NA,0,NA,0,1,0.5,FALSE,rotation,1,"[-0.002083,-0.002083,-0.002083,-0.002083,-0.002083,-0.002083,-0.002083,-0.002083,-0.002083,-0.002083,-0.002083,-0.002083,-0.002083,-0.002083,-0.002083,-0.002083,-0.002083,-0.002083,-0.002083,-0.002083,-0.002083,-0.002083,-0.002083,-0.002083,-0.002083,-0.002083,-0.002083,-0.002083,-0.002083,-0.002083,-0.002083,-0.002083,-0.002083,-0.002083,-0.002083,-0.002083,-0.002083,0,0,0.002083,0.002083,0.002083,0.002083,0.002083,0.002083,0.002083,0.002083,0.002083,0.002083,0.002083,0.002083,0.002083,0.002083,0.002083,0.002083,0.002083,0.002083,0.004167,0.004167,0.002083,0.002083,0.002083,0.002083,0.002083,0.002083,0.002083,0.002083,0.002083,0.002083,0.002083,0,-0.002083,-0.002083,-0.002083,-0.002083,-0.002083,-0.002083,-0.004167,-0.00625,-0.008333,-0.0125,-0.016667,-0.027083,-0.033333,-0.045833,-0.05625,-0.064583,-0.070833,-0.083333,-0.091667,-0.10625,-0.125,-0.14375,-0.154167,-0.175,-0.1875,-0.208333,-0.227083,-0.24375,-0.252083,-0.26875,-0.277083,-0.29375,-0.308333,-0.320833,-0.327083,-0.335417,-0.339583,-0.341667,-0.34375,-0.341667,-0.341667,-0.341667,-0.339583,-0.339583,-0.339583,-0.339583,-0.339583,-0.347917,-0.354167,-0.370833,-0.39375,-0.420833,-0.43125,-0.44375,-0.445833,-0.458333,-0.48125,-0.49375,-0.497917,-0.497917,-0.495833,-0.495833,-0.497917,-0.497917,-0.497917,-0.489583,-0.483333,-0.4625,-0.441667,-0.416667,-0.404167,-0.375,-0.360417,-0.329167,-0.291667,-0.247917,-0.225,-0.177083,-0.154167,-0.108333,-0.066667,-0.05,-0.016667,0.010417,0.022917,0.039583,0.047917,0.05,0.05,0.045833,0.041667,0.03125,0.025,0.022917,0.01875,0.0125,0.010417,0.00625,0.004167,0.002083,0.004167,0.00625,0.00625,0.00625,0.00625,0.004167]","[-0.008,-0.008,-0.008,-0.008,-0.008,-0.008,-0.008,-0.008,-0.008,-0.008,-0.008,-0.008,-0.008,-0.008,-0.008,-0.008,-0.008,-0.008,-0.008,-0.008,-0.008,-0.008,-0.008,-0.008,-0.008,-0.008,-0.008,-0.008,-0.008,-0.008,-0.008,-0.008,-0.008,-0.008,-0.008,-0.008,-0.008,-0.008,-0.008,-0.008,-0.008,-0.008,-0.008,-0.008,-0.008,-0.008,-0.008,-0.008,-0.008,-0.008,-0.008,-0.008,-0.008,-0.008,-0.008,-0.008,-0.008,-0.008,-0.008,-0.008,-0.008,-0.008,-0.008,-0.008,-0.008,-0.008,-0.008,-0.008,-0.008,-0.008,-0.004889,-0.001778,0.001333,0.004444,0.010667,0.016889,0.032444,0.057333,0.069778,0.104,0.138222,0.153778,0.188,0.209778,0.250222,0.296889,0.343556,0.368444,0.412,0.430667,0.468,0.505333,0.539556,0.558222,0.592444,0.608,0.642222,0.673333,0.704444,0.716889,0.738667,0.748,0.763556,0.779111,0.797778,0.807111,0.822667,0.832,0.844444,0.853778,0.86,0.863111,0.866222,0.866222,0.872444,0.875556,0.881778,0.884889,0.897333,0.903556,0.916,0.931556,0.947111,0.950222,0.953333,0.950222,0.944,0.934667,0.928444,0.928444,0.925333,0.925333,0.925333,0.925333,0.925333,0.925333,0.925333,0.925333,0.919111,0.906667,0.884889,0.869333,0.835111,0.816444,0.769778,0.72,0.660889,0.629778,0.567556,0.533333,0.464889,0.393333,0.356,0.281333,0.209778,0.175556,0.116444,0.063556,0.038667,-0.004889,-0.042222,-0.057778,-0.079556,-0.088889,-0.092,-0.095111,-0.098222,-0.098222,-0.095111,-0.088889,-0.085778,-0.076444,-0.067111,-0.064,-0.054667,-0.042222,-0.036]","[0.0001,0.0168,0.033,0.0502,0.0664,0.0834,0.0997,0.1168,0.1336,0.1496,0.1666,0.1837,0.1998,0.2169,0.233,0.2503,0.2664,0.2835,0.2997,0.3167,0.3333,0.3502,0.3672,0.3834,0.4005,0.4167,0.4338,0.45,0.4672,0.4831,0.5003,0.5173,0.5331,0.5503,0.5673,0.5834,0.6006,0.6165,0.6337,0.6507,0.6669,0.6841,0.7,0.717,0.7341,0.7502,0.7674,0.7835,0.8006,0.8177,0.8337,0.8509,0.8669,0.8841,0.901,0.9169,0.9337,0.9507,0.9679,0.9839,1.0006,1.0176,1.0337,1.0511,1.0673,1.0844,1.1006,1.1178,1.134,1.1512,1.1672,1.1844,1.2004,1.2175,1.2346,1.2508,1.268,1.2841,1.3012,1.3172,1.3342,1.3514,1.3676,1.3847,1.4006,1.4176,1.4348,1.4509,1.4681,1.4843,1.5012,1.5182,1.5343,1.5513,1.5674,1.5845,1.6013,1.6183,1.6344,1.6514,1.6675,1.6843,1.7012,1.7216,1.7345,1.7508,1.7679,1.7849,1.8017,1.8176,1.8348,1.851,1.8681,1.8844,1.9015,1.9177,1.9349,1.9511,1.9681,1.9845,2.0015,2.0183,2.0344,2.0517,2.0677,2.0847,2.1016,2.1178,2.1349,2.152,2.1682,2.1854,2.2016,2.2187,2.2349,2.2521,2.2681,2.2851,2.3021,2.3183,2.3354,2.3516,2.3688,2.3849,2.4019,2.419,2.4351,2.4522,2.4684,2.4855,2.5017,2.5189,2.5351,2.5523,2.5685,2.585,2.6021,2.6182,2.6354,2.6515,2.6686,2.6856,2.7018,2.7189,2.7351,2.7522,2.769,2.7859,2.8021,2.8191,2.8352,2.8522,2.8683,2.8855,2.9026,2.9187,2.9356]","[1,1,1,1,1,1,1,1,1,1,1,1,1,1,1,1,1,1,1,1,1,1,1,1,1,1,1,1,1,1,1,1,1,1,1,1,1,1,1,1,1,1,1,1,1,1,1,1,1,1,1,1,1,1,1,1,1,1,1,1,1,1,1,1,1,1,1,1,1,1,1,1,1,1,1,1,1,1,1,1,1,1,1,1,1,1,1,1,1,1,1,1,1,1,1,1,1,1,1,1,1,1,1,1,1,1,1,1,1,1,1,1,1,1,1,1,1,1,2,2,2,2,2,2,2,2,2,2,2,2,2,2,2,2,2,2,2,2,2,2,2,2,2,2,2,2,2,2,2,2,2,2,2,2,2,2,2,2,2,2,2,2,2,2,2,2,2,2,2,2,2,2,2,2,2,2,2]",130,864.5435,4,250,0,250,0,1,229579,4,SV_73ADPjbMtd0KUBg,304,2022-03-02_15h06.07.165,implicit_time,2021.1.4,Linux x86_64,59.95563283
cursorjump,125,0,0,10,NA,0,NA,0,0,0.5,FALSE,rotation,0,"[-0.008333,-0.008333,-0.008333,-0.008333,-0.008333,-0.008333,-0.008333,-0.008333,-0.008333,-0.008333,-0.008333,-0.008333,-0.008333,-0.008333,-0.008333,-0.00625,-0.004167,-0.004167,-0.004167,-0.004167,-0.004167,-0.004167,-0.004167,-0.004167,-0.004167,-0.004167,-0.004167,-0.004167,-0.004167,-0.004167,-0.004167,-0.004167,-0.004167,-0.004167,-0.004167,-0.004167,-0.004167,-0.004167,-0.004167,-0.004167,-0.004167,-0.004167,-0.004167,-0.004167,-0.004167,-0.004167,-0.004167,-0.004167,-0.004167,-0.004167,-0.004167,-0.004167,-0.004167,-0.00625,-0.00625,-0.00625,-0.004167,-0.00625,-0.010417,-0.014583,-0.022917,-0.027083,-0.04375,-0.064583,-0.089583,-0.102083,-0.129167,-0.141667,-0.166667,-0.191667,-0.216667,-0.229167,-0.252083,-0.2625,-0.283333,-0.308333,-0.33125,-0.34375,-0.3625,-0.372917,-0.385417,-0.395833,-0.4,-0.40625,-0.414583,-0.420833,-0.427083,-0.435417,-0.441667,-0.45,-0.458333,-0.466667,-0.46875,-0.472917,-0.472917,-0.475,-0.472917,-0.472917,-0.466667,-0.458333,-0.454167,-0.439583,-0.422917,-0.4,-0.3875,-0.358333,-0.34375,-0.310417,-0.275,-0.2375,-0.220833,-0.185417,-0.16875,-0.139583,-0.114583,-0.09375,-0.083333,-0.070833,-0.066667,-0.060417,-0.054167,-0.05,-0.047917,-0.047917,-0.047917,-0.05,-0.052083,-0.052083,-0.052083,-0.052083,-0.05,-0.047917,-0.04375,-0.0375,-0.035417,-0.03125,-0.029167,-0.025,-0.020833]","[-0.001778,-0.001778,-0.001778,-0.001778,-0.001778,-0.001778,-0.001778,-0.001778,-0.001778,-0.001778,-0.001778,-0.001778,-0.001778,-0.001778,-0.001778,-0.001778,-0.001778,-0.001778,-0.001778,-0.001778,-0.001778,-0.001778,-0.001778,-0.001778,-0.001778,-0.001778,-0.001778,-0.001778,-0.001778,-0.001778,-0.001778,-0.001778,-0.001778,-0.001778,-0.001778,-0.001778,-0.001778,-0.001778,-0.001778,-0.001778,-0.001778,-0.001778,-0.001778,-0.001778,-0.001778,-0.001778,-0.001778,-0.001778,-0.001778,-0.001778,-0.001778,-0.001778,-0.001778,-0.001778,-0.001778,-0.001778,-0.001778,0.001333,0.013778,0.023111,0.044889,0.057333,0.085333,0.113333,0.147556,0.166222,0.206667,0.228444,0.272,0.312444,0.356,0.377778,0.421333,0.443111,0.483556,0.524,0.561333,0.58,0.611111,0.626667,0.657778,0.685778,0.698222,0.72,0.741778,0.766667,0.782222,0.813333,0.828889,0.86,0.891111,0.912889,0.922222,0.931556,0.934667,0.937778,0.937778,0.934667,0.928444,0.922222,0.919111,0.906667,0.888,0.856889,0.838222,0.782222,0.754222,0.685778,0.614222,0.545778,0.511556,0.452444,0.424444,0.374667,0.331111,0.3,0.287556,0.268889,0.259556,0.250222,0.237778,0.225333,0.219111,0.200444,0.191111,0.172444,0.156889,0.144444,0.141333,0.135111,0.132,0.122667,0.110222,0.097778,0.088444,0.069778,0.060444,0.038667,0.02]","[0.0002,0.017,0.0331,0.0501,0.0672,0.0834,0.0996,0.1168,0.1339,0.1502,0.1664,0.1834,0.2003,0.2166,0.2336,0.2506,0.2668,0.2839,0.2998,0.317,0.333,0.3502,0.3674,0.3836,0.4004,0.4165,0.4333,0.4506,0.4666,0.4835,0.5004,0.5176,0.5337,0.5499,0.567,0.5839,0.6001,0.6171,0.6341,0.6501,0.6671,0.6839,0.7004,0.7174,0.7336,0.7507,0.7676,0.7837,0.801,0.8171,0.8343,0.8504,0.8673,0.8845,0.9007,0.9168,0.9342,0.9502,0.9671,0.9843,1.0004,1.0174,1.034,1.0503,1.0672,1.0839,1.1005,1.1173,1.1338,1.1507,1.1672,1.1844,1.2006,1.2171,1.234,1.2511,1.2671,1.284,1.3009,1.3173,1.334,1.3512,1.3672,1.3844,1.4007,1.4178,1.434,1.4508,1.4678,1.4839,1.5009,1.5178,1.5342,1.5514,1.5676,1.5842,1.6008,1.6175,1.6348,1.651,1.6676,1.6843,1.7016,1.7177,1.7347,1.7512,1.7677,1.7848,1.8011,1.8182,1.8343,1.8515,1.8678,1.885,1.9012,1.9184,1.9346,1.951,1.9682,1.9843,2.0013,2.0185,2.0346,2.0514,2.0686,2.0848,2.1019,2.118,2.135,2.1511,2.1683,2.1855,2.2016,2.2187,2.2344,2.2513,2.2685,2.2848,2.302]","[1,1,1,1,1,1,1,1,1,1,1,1,1,1,1,1,1,1,1,1,1,1,1,1,1,1,1,1,1,1,1,1,1,1,1,1,1,1,1,1,1,1,1,1,1,1,1,1,1,1,1,1,1,1,1,1,1,1,1,1,1,1,1,1,1,1,1,1,1,1,1,1,1,1,1,1,1,1,1,1,1,1,1,1,1,1,1,1,1,2,2,2,2,2,2,2,2,2,2,2,2,2,2,2,2,2,2,2,2,2,2,2,2,2,2,2,2,2,2,2,2,2,2,2,2,2,2,2,2,2,2,2,2,2,2,2,2,2,2]",130,867.3619,4,251,0,251,0,1,229579,4,SV_73ADPjbMtd0KUBg,304,2022-03-02_15h06.07.165,implicit_time,2021.1.4,Linux x86_64,59.95563283
cursorjump,45,45,0.5,10,NA,0,NA,0,1,0.5,FALSE,rotation,1,"[0.022917,0.022917,0.022917,0.022917,0.022917,0.022917,0.022917,0.022917,0.022917,0.022917,0.025,0.025,0.025,0.025,0.025,0.022917,0.022917,0.022917,0.022917,0.022917,0.022917,0.025,0.025,0.025,0.025,0.025,0.025,0.022917,0.022917,0.022917,0.025,0.025,0.025,0.025,0.025,0.022917,0.022917,0.022917,0.022917,0.022917,0.022917,0.022917,0.022917,0.025,0.025,0.025,0.025,0.022917,0.022917,0.022917,0.022917,0.025,0.025,0.025,0.025,0.025,0.025,0.027083,0.041667,0.070833,0.089583,0.133333,0.158333,0.20625,0.2625,0.327083,0.358333,0.41875,0.445833,0.497917,0.547917,0.59375,0.616667,0.658333,0.677083,0.714583,0.747917,0.783333,0.797917,0.829167,0.84375,0.870833,0.895833,0.91875,0.929167,0.945833,0.952083,0.9625,0.975,0.9875,0.995833,1.00625,1.010417,1.016667,1.01875,1.01875,1.01875,1.01875,1.01875,1.016667,1.010417,0.995833,0.985417,0.954167,0.933333,0.889583,0.835417,0.770833,0.7375,0.666667,0.6,0.566667,0.50625,0.44375,0.414583,0.360417,0.335417,0.291667,0.252083,0.21875,0.204167,0.18125,0.160417,0.147917,0.129167,0.120833,0.108333,0.097917,0.085417,0.079167,0.0625,0.05625,0.04375,0.033333,0.025,0.020833,0.0125,0.010417,0.004167]","[-0.032889,-0.032889,-0.032889,-0.032889,-0.032889,-0.032889,-0.032889,-0.032889,-0.032889,-0.032889,-0.032889,-0.032889,-0.032889,-0.032889,-0.032889,-0.032889,-0.032889,-0.032889,-0.032889,-0.032889,-0.032889,-0.032889,-0.032889,-0.032889,-0.032889,-0.032889,-0.032889,-0.032889,-0.032889,-0.032889,-0.032889,-0.032889,-0.032889,-0.032889,-0.032889,-0.032889,-0.032889,-0.032889,-0.032889,-0.032889,-0.032889,-0.032889,-0.032889,-0.032889,-0.032889,-0.032889,-0.032889,-0.032889,-0.032889,-0.032889,-0.032889,-0.032889,-0.032889,-0.032889,-0.032889,-0.032889,-0.032889,-0.032889,-0.023556,-0.014222,-0.008,-0.001778,-0.001778,0.004444,0.013778,0.023111,0.029333,0.038667,0.041778,0.057333,0.072889,0.091556,0.104,0.122667,0.135111,0.156889,0.178667,0.206667,0.219111,0.244,0.256444,0.275111,0.290667,0.306222,0.312444,0.318667,0.321778,0.328,0.334222,0.340444,0.343556,0.346667,0.349778,0.352889,0.352889,0.352889,0.352889,0.352889,0.352889,0.352889,0.352889,0.349778,0.346667,0.334222,0.324889,0.3,0.268889,0.231556,0.212889,0.172444,0.132,0.113333,0.076,0.041778,0.029333,0.001333,-0.008,-0.026667,-0.042222,-0.051556,-0.057778,-0.067111,-0.073333,-0.079556,-0.085778,-0.088889,-0.095111,-0.101333,-0.107556,-0.107556,-0.107556,-0.104444,-0.095111,-0.085778,-0.073333,-0.067111,-0.054667,-0.048444,-0.032889]","[0.0002,0.016,0.0334,0.0494,0.0662,0.0831,0.099,0.1159,0.1329,0.15,0.1662,0.1831,0.2,0.2162,0.2334,0.2495,0.2667,0.2827,0.2996,0.3167,0.3329,0.35,0.3659,0.3829,0.3997,0.4166,0.4326,0.4499,0.4669,0.4827,0.4997,0.5167,0.5338,0.5499,0.5663,0.5834,0.6002,0.6161,0.6331,0.6503,0.6663,0.6831,0.7,0.7172,0.7333,0.7501,0.767,0.7839,0.7999,0.8165,0.8336,0.8498,0.8667,0.8836,0.9007,0.9169,0.9341,0.9503,0.9665,0.9834,1.0004,1.0174,1.0336,1.0508,1.0667,1.0834,1.1005,1.1166,1.1336,1.1507,1.1669,1.184,1.2002,1.2173,1.2335,1.2507,1.2667,1.2835,1.3005,1.3176,1.3338,1.351,1.3669,1.3841,1.4002,1.4176,1.4336,1.4507,1.4678,1.484,1.5011,1.5171,1.534,1.5509,1.5679,1.5842,1.6004,1.6177,1.6337,1.6508,1.6678,1.6836,1.7006,1.7173,1.7344,1.7508,1.768,1.7843,1.8014,1.8175,1.8347,1.8508,1.868,1.8842,1.9013,1.9175,1.9343,1.9513,1.9676,1.9848,2.0009,2.0179,2.0349,2.0509,2.0678,2.0848,2.1008,2.1176,2.1345,2.1513,2.1682,2.1843,2.2015,2.2176,2.2344,2.2515,2.2678,2.2849,2.3012]","[1,1,1,1,1,1,1,1,1,1,1,1,1,1,1,1,1,1,1,1,1,1,1,1,1,1,1,1,1,1,1,1,1,1,1,1,1,1,1,1,1,1,1,1,1,1,1,1,1,1,1,1,1,1,1,1,1,1,1,1,1,1,1,1,1,1,1,1,1,1,1,1,1,1,1,1,1,1,1,1,1,1,1,2,2,2,2,2,2,2,2,2,2,2,2,2,2,2,2,2,2,2,2,2,2,2,2,2,2,2,2,2,2,2,2,2,2,2,2,2,2,2,2,2,2,2,2,2,2,2,2,2,2,2,2,2,2,2,2]",130,870.1801,4,252,0,252,0,1,229579,4,SV_73ADPjbMtd0KUBg,304,2022-03-02_15h06.07.165,implicit_time,2021.1.4,Linux x86_64,59.95563283
cursorjump,55,0,0,10,NA,0,NA,0,0,0.5,FALSE,rotation,0,"[0.03125,0.03125,0.03125,0.033333,0.033333,0.033333,0.033333,0.035417,0.035417,0.035417,0.035417,0.0375,0.0375,0.0375,0.039583,0.039583,0.039583,0.039583,0.039583,0.041667,0.041667,0.041667,0.041667,0.041667,0.041667,0.041667,0.041667,0.041667,0.041667,0.041667,0.041667,0.041667,0.041667,0.041667,0.041667,0.047917,0.058333,0.066667,0.09375,0.13125,0.15,0.191667,0.214583,0.260417,0.316667,0.377083,0.40625,0.466667,0.497917,0.558333,0.622917,0.689583,0.722917,0.779167,0.829167,0.854167,0.89375,0.910417,0.910417,0.910417,0.910417,0.9125,0.9125,0.90625,0.9,0.875,0.84375,0.825,0.785417,0.733333,0.702083,0.625,0.541667,0.504167,0.441667,0.3875,0.358333,0.302083,0.252083,0.23125,0.195833,0.170833,0.158333,0.133333,0.114583,0.108333,0.09375,0.083333,0.077083,0.06875,0.0625,0.060417,0.054167,0.052083,0.045833,0.041667,0.0375]","[0.013778,0.013778,0.013778,0.013778,0.013778,0.013778,0.010667,0.010667,0.010667,0.010667,0.010667,0.010667,0.010667,0.010667,0.010667,0.010667,0.010667,0.010667,0.010667,0.010667,0.010667,0.010667,0.010667,0.010667,0.010667,0.010667,0.010667,0.010667,0.010667,0.010667,0.010667,0.010667,0.010667,0.010667,0.010667,0.013778,0.02,0.026222,0.044889,0.066667,0.079111,0.107111,0.122667,0.16,0.203556,0.250222,0.272,0.315556,0.334222,0.374667,0.412,0.449333,0.468,0.499111,0.530222,0.542667,0.567556,0.58,0.58,0.58,0.58,0.58,0.58,0.58,0.58,0.573778,0.564444,0.558222,0.539556,0.511556,0.489778,0.436889,0.371556,0.343556,0.293778,0.250222,0.231556,0.188,0.150667,0.138222,0.119556,0.107111,0.097778,0.085333,0.072889,0.066667,0.051111,0.038667,0.032444,0.023111,0.02,0.016889,0.013778,0.010667,0.010667,0.007556,0.004444]","[0.0002,0.0163,0.0335,0.0499,0.0662,0.083,0.1002,0.1165,0.1336,0.1499,0.1661,0.1832,0.2001,0.2165,0.2335,0.2499,0.2664,0.2834,0.3,0.3165,0.3336,0.3501,0.3666,0.3827,0.4001,0.4166,0.4338,0.4501,0.467,0.4833,0.5004,0.5168,0.5333,0.5504,0.5668,0.5839,0.6001,0.6167,0.6337,0.6505,0.667,0.6836,0.7003,0.7171,0.7337,0.7503,0.7673,0.7837,0.8005,0.8171,0.8339,0.8503,0.8673,0.8836,0.9006,0.9173,0.9339,0.9506,0.9672,0.984,1.0004,1.0175,1.0341,1.0508,1.0675,1.0841,1.1008,1.1176,1.1342,1.151,1.1678,1.1842,1.2008,1.2174,1.2343,1.2507,1.2674,1.2845,1.301,1.3178,1.3342,1.3508,1.3676,1.3841,1.4009,1.4177,1.4343,1.4509,1.4675,1.4848,1.5012,1.5177,1.5344,1.5509,1.5677,1.5847,1.6013]","[1,1,1,1,1,1,1,1,1,1,1,1,1,1,1,1,1,1,1,1,1,1,1,1,1,1,1,1,1,1,1,1,1,1,1,1,1,1,1,1,1,1,1,1,1,1,1,1,1,1,1,1,1,1,2,2,2,2,2,2,2,2,2,2,2,2,2,2,2,2,2,2,2,2,2,2,2,2,2,2,2,2,2,2,2,2,2,2,2,2,2,2,2,2,2,2,2]",130,872.2991,4,253,0,253,0,1,229579,4,SV_73ADPjbMtd0KUBg,304,2022-03-02_15h06.07.165,implicit_time,2021.1.4,Linux x86_64,59.95563283
cursorjump,315,45,0.5,10,NA,0,NA,0,1,0.5,FALSE,rotation,1,"[0,0,0,0,0,0,0,0,0,0,0,0,0,0,0,0,0.002083,0.004167,0.004167,0.00625,0.00625,0.00625,0.00625,0.00625,0.008333,0.008333,0.008333,0.008333,0.008333,0.008333,0.008333,0.008333,0.008333,0.00625,0.00625,0.00625,0.00625,0.00625,0.00625,0.004167,0.002083,-0.002083,-0.008333,-0.0125,-0.010417,-0.008333,0,0.004167,0.01875,0.041667,0.077083,0.1,0.152083,0.179167,0.23125,0.275,0.316667,0.335417,0.370833,0.385417,0.404167,0.416667,0.422917,0.427083,0.4375,0.44375,0.452083,0.458333,0.460417,0.460417,0.4625,0.464583,0.466667,0.46875,0.470833,0.470833,0.470833,0.470833,0.470833,0.46875,0.466667,0.464583,0.454167,0.441667,0.408333,0.360417,0.302083,0.270833,0.204167,0.170833,0.108333,0.058333,0.020833,0.00625,-0.020833,-0.033333,-0.052083,-0.064583,-0.070833,-0.075,-0.08125,-0.083333,-0.089583,-0.095833,-0.097917,-0.1,-0.102083,-0.102083,-0.102083,-0.1,-0.097917,-0.089583,-0.079167,-0.075,-0.060417,-0.047917,-0.041667,-0.027083,-0.010417]","[-0.023556,-0.023556,-0.023556,-0.023556,-0.023556,-0.023556,-0.023556,-0.023556,-0.023556,-0.023556,-0.023556,-0.023556,-0.023556,-0.023556,-0.023556,-0.020444,-0.020444,-0.020444,-0.020444,-0.020444,-0.017333,-0.017333,-0.017333,-0.017333,-0.017333,-0.017333,-0.017333,-0.017333,-0.017333,-0.017333,-0.017333,-0.017333,-0.017333,-0.017333,-0.017333,-0.017333,-0.023556,-0.036,-0.054667,-0.064,-0.088889,-0.104444,-0.148,-0.197778,-0.253778,-0.281778,-0.334667,-0.359556,-0.415556,-0.480889,-0.552444,-0.589778,-0.661333,-0.695556,-0.751556,-0.798222,-0.835556,-0.854222,-0.879111,-0.888444,-0.904,-0.916444,-0.925778,-0.928889,-0.938222,-0.944444,-0.953778,-0.96,-0.963111,-0.963111,-0.966222,-0.969333,-0.972444,-0.975556,-0.978667,-0.981778,-0.981778,-0.981778,-0.981778,-0.984889,-0.984889,-0.988,-0.984889,-0.981778,-0.969333,-0.941333,-0.900889,-0.876,-0.816889,-0.779556,-0.692444,-0.599111,-0.515111,-0.480889,-0.418667,-0.390667,-0.337778,-0.291111,-0.256889,-0.244444,-0.228889,-0.219556,-0.200889,-0.179111,-0.169778,-0.157333,-0.151111,-0.151111,-0.151111,-0.151111,-0.144889,-0.132444,-0.116889,-0.107556,-0.088889,-0.070222,-0.060889,-0.036,-0.008]","[0.0003,0.0164,0.0333,0.0499,0.0661,0.0829,0.0997,0.1161,0.1331,0.1495,0.1664,0.1833,0.2,0.2168,0.2332,0.2503,0.2667,0.2835,0.3001,0.3169,0.3335,0.3499,0.3666,0.3834,0.4,0.4169,0.4336,0.4503,0.4669,0.4835,0.4999,0.5168,0.5338,0.5503,0.5672,0.5837,0.6004,0.617,0.6339,0.6506,0.6671,0.6837,0.7003,0.7172,0.734,0.7507,0.7672,0.7838,0.8004,0.8172,0.8341,0.8508,0.8665,0.8829,0.901,0.9163,0.934,0.9505,0.9674,0.9835,1.0002,1.0175,1.0344,1.0498,1.0669,1.0835,1.1004,1.1174,1.1343,1.1501,1.1667,1.1834,1.2003,1.2174,1.2335,1.2502,1.2669,1.2835,1.3006,1.3178,1.3336,1.3505,1.367,1.3836,1.4002,1.4172,1.4342,1.4504,1.467,1.4835,1.5005,1.5177,1.5337,1.5506,1.5672,1.5837,1.6006,1.6174,1.6345,1.6506,1.6673,1.684,1.7008,1.7176,1.7348,1.7507,1.7673,1.7839,1.8005,1.8175,1.8342,1.8508,1.8672,1.8839,1.9007,1.9176,1.9343,1.9508,1.9673]","[1,1,1,1,1,1,1,1,1,1,1,1,1,1,1,1,1,1,1,1,1,1,1,1,1,1,1,1,1,1,1,1,1,1,1,1,1,1,1,1,1,1,1,1,1,1,1,1,1,1,1,1,1,1,1,1,1,1,1,2,2,2,2,2,2,2,2,2,2,2,2,2,2,2,2,2,2,2,2,2,2,2,2,2,2,2,2,2,2,2,2,2,2,2,2,2,2,2,2,2,2,2,2,2,2,2,2,2,2,2,2,2,2,2,2,2,2,2,2]",130,874.784,4,254,0,254,0,1,229579,4,SV_73ADPjbMtd0KUBg,304,2022-03-02_15h06.07.165,implicit_time,2021.1.4,Linux x86_64,59.95563283
cursorjump,325,0,0,10,NA,0,NA,0,0,0.5,FALSE,rotation,0,"[0.002083,0.002083,0.002083,0.002083,0.002083,0.002083,0.002083,0.002083,0.002083,0.002083,0.002083,0.002083,0.002083,0.002083,0.002083,0.002083,0.002083,0.002083,0.002083,0.002083,0.002083,0.002083,0.002083,0.002083,0.002083,0.002083,0.002083,0.002083,0.002083,0.002083,0.002083,0.002083,0.002083,0.002083,0.00625,0.008333,0.020833,0.04375,0.077083,0.097917,0.154167,0.1875,0.26875,0.35625,0.4375,0.470833,0.525,0.545833,0.579167,0.6,0.614583,0.620833,0.63125,0.633333,0.6375,0.641667,0.641667,0.641667,0.641667,0.641667,0.641667,0.641667,0.6375,0.633333,0.610417,0.59375,0.54375,0.483333,0.454167,0.395833,0.341667,0.314583,0.266667,0.229167,0.214583,0.19375,0.177083,0.170833,0.160417,0.15,0.14375,0.135417,0.125,0.122917,0.116667,0.114583,0.114583,0.114583,0.114583,0.114583,0.1125,0.108333,0.104167,0.095833,0.083333,0.077083,0.066667,0.060417,0.05625,0.054167,0.052083,0.052083,0.052083,0.05,0.05,0.047917,0.045833,0.04375,0.04375,0.039583]","[-0.020444,-0.020444,-0.017333,-0.014222,-0.014222,-0.014222,-0.011111,-0.011111,-0.011111,-0.011111,-0.011111,-0.011111,-0.011111,-0.011111,-0.011111,-0.011111,-0.008,-0.008,-0.008,-0.008,-0.008,-0.008,-0.008,-0.008,-0.008,-0.008,-0.008,-0.008,-0.008,-0.008,-0.008,-0.008,-0.008,-0.008,-0.014222,-0.017333,-0.039111,-0.073333,-0.123111,-0.157333,-0.241333,-0.291111,-0.403111,-0.508889,-0.589778,-0.620889,-0.673778,-0.695556,-0.732889,-0.760889,-0.785778,-0.798222,-0.82,-0.829333,-0.848,-0.860444,-0.866667,-0.866667,-0.863556,-0.863556,-0.860444,-0.854222,-0.844889,-0.838667,-0.810667,-0.792,-0.739111,-0.673778,-0.639556,-0.574222,-0.505778,-0.468444,-0.393778,-0.325333,-0.300444,-0.263111,-0.238222,-0.225778,-0.204,-0.185333,-0.176,-0.157333,-0.141778,-0.135556,-0.126222,-0.116889,-0.113778,-0.110667,-0.107556,-0.107556,-0.101333,-0.092,-0.085778,-0.070222,-0.051556,-0.042222,-0.023556,-0.011111,-0.008,-0.001778,-0.001778,-0.001778,-0.001778,-0.001778,-0.001778,-0.001778,-0.001778,-0.001778,-0.001778,-0.001778]","[0.0006,0.0165,0.0322,0.0491,0.0662,0.0823,0.0993,0.1161,0.1328,0.1488,0.1658,0.1828,0.2,0.2158,0.2325,0.2491,0.2659,0.2829,0.2999,0.3155,0.3331,0.3493,0.3664,0.3833,0.3988,0.4164,0.4328,0.4493,0.4664,0.4831,0.4993,0.5162,0.5333,0.5503,0.5663,0.5831,0.6002,0.616,0.6328,0.6496,0.6664,0.6832,0.6998,0.7164,0.7331,0.7499,0.7666,0.7835,0.7998,0.8165,0.8337,0.8497,0.8667,0.8828,0.9,0.9167,0.9336,0.9496,0.9667,0.9835,0.9997,1.0165,1.0332,1.0502,1.0663,1.0836,1.0999,1.1169,1.1329,1.1503,1.1666,1.1837,1.1997,1.2167,1.2337,1.25,1.2669,1.2835,1.2999,1.3164,1.3334,1.3504,1.3664,1.3834,1.4002,1.4167,1.4336,1.4503,1.4669,1.4838,1.4998,1.5169,1.5339,1.5499,1.5669,1.5837,1.6001,1.6168,1.6336,1.6503,1.6672,1.6836,1.7003,1.7172,1.7338,1.7505,1.7671,1.7838,1.8004,1.8172]","[1,1,1,1,1,1,1,1,1,1,1,1,1,1,1,1,1,1,1,1,1,1,1,1,1,1,1,1,1,1,1,1,1,1,1,1,1,1,1,1,1,1,1,1,1,1,1,1,1,2,2,2,2,2,2,2,2,2,2,2,2,2,2,2,2,2,2,2,2,2,2,2,2,2,2,2,2,2,2,2,2,2,2,2,2,2,2,2,2,2,2,2,2,2,2,2,2,2,2,2,2,2,2,2,2,2,2,2,2,2]",130,877.52,4,255,0,255,0,1,229579,4,SV_73ADPjbMtd0KUBg,304,2022-03-02_15h06.07.165,implicit_time,2021.1.4,Linux x86_64,59.95563283
cursorjump,135,45,0.5,10,NA,0,NA,0,1,0.5,FALSE,rotation,1,"[0,0.002083,0.002083,0.002083,0.002083,0.004167,0.004167,0.004167,0.004167,0.004167,0.004167,0.004167,0.004167,0.00625,0.00625,0.00625,0.00625,0.00625,0.00625,0.00625,0.00625,0.00625,0.00625,0.00625,0.00625,0.00625,0.00625,0.00625,0.00625,0.00625,0.00625,0.00625,0.00625,0.00625,0.00625,0.00625,0.00625,0.00625,0.00625,0.00625,0.00625,0.00625,0.00625,0.00625,0.00625,0.00625,0.00625,0.00625,0.00625,0.00625,0.00625,0.00625,0.00625,0.00625,0.00625,0.00625,0.00625,0.00625,0.004167,0,-0.002083,-0.008333,-0.01875,-0.027083,-0.05,-0.08125,-0.102083,-0.14375,-0.189583,-0.214583,-0.264583,-0.291667,-0.347917,-0.40625,-0.464583,-0.49375,-0.552083,-0.583333,-0.645833,-0.708333,-0.76875,-0.8,-0.858333,-0.885417,-0.941667,-0.991667,-1.0375,-1.060417,-1.095833,-1.1125,-1.1375,-1.15,-1.15,-1.15,-1.147917,-1.147917,-1.15,-1.147917,-1.145833,-1.141667,-1.13125,-1.127083,-1.116667,-1.10625,-1.09375,-1.085417,-1.0625,-1.045833,-1.004167,-0.95625,-0.90625,-0.879167,-0.822917,-0.791667,-0.725,-0.652083,-0.579167,-0.54375,-0.477083,-0.44375,-0.379167,-0.320833,-0.272917,-0.254167,-0.222917,-0.210417,-0.191667,-0.179167,-0.170833,-0.166667,-0.164583,-0.164583,-0.1625,-0.160417,-0.15625,-0.154167,-0.15,-0.145833,-0.1375,-0.125,-0.116667,-0.097917,-0.079167,-0.064583,-0.058333,-0.05,-0.047917,-0.045833,-0.045833,-0.045833,-0.045833,-0.045833,-0.045833,-0.045833,-0.045833,-0.045833,-0.045833,-0.04375,-0.04375,-0.041667,-0.041667,-0.041667,-0.041667,-0.0375,-0.033333,-0.025]","[0.010667,0.010667,0.010667,0.010667,0.010667,0.010667,0.010667,0.010667,0.010667,0.010667,0.010667,0.007556,0.007556,0.007556,0.007556,0.007556,0.007556,0.007556,0.007556,0.007556,0.007556,0.007556,0.007556,0.007556,0.007556,0.007556,0.007556,0.007556,0.007556,0.007556,0.007556,0.007556,0.007556,0.007556,0.007556,0.007556,0.007556,0.007556,0.007556,0.007556,0.007556,0.007556,0.007556,0.007556,0.007556,0.007556,0.007556,0.007556,0.007556,0.007556,0.007556,0.007556,0.007556,0.007556,0.007556,0.007556,0.007556,0.007556,0.010667,0.010667,0.010667,0.013778,0.013778,0.013778,0.010667,0.007556,0.007556,0.010667,0.016889,0.02,0.026222,0.029333,0.035556,0.041778,0.041778,0.038667,0.032444,0.026222,0.010667,-0.004889,-0.017333,-0.023556,-0.032889,-0.039111,-0.051556,-0.060889,-0.070222,-0.070222,-0.070222,-0.070222,-0.067111,-0.064,-0.064,-0.064,-0.064,-0.064,-0.060889,-0.057778,-0.054667,-0.051556,-0.045333,-0.042222,-0.039111,-0.039111,-0.036,-0.036,-0.032889,-0.029778,-0.023556,-0.017333,-0.011111,-0.004889,0.010667,0.02,0.038667,0.057333,0.072889,0.076,0.082222,0.082222,0.082222,0.082222,0.079111,0.079111,0.079111,0.079111,0.079111,0.082222,0.082222,0.082222,0.079111,0.079111,0.079111,0.076,0.072889,0.072889,0.066667,0.063556,0.048,0.032444,0.02,-0.001778,-0.020444,-0.032889,-0.039111,-0.045333,-0.048444,-0.048444,-0.048444,-0.048444,-0.048444,-0.048444,-0.048444,-0.051556,-0.051556,-0.051556,-0.051556,-0.051556,-0.051556,-0.051556,-0.051556,-0.051556,-0.051556,-0.048444,-0.042222,-0.032889]","[0.0008,0.0165,0.0324,0.0494,0.0662,0.0834,0.0992,0.1162,0.133,0.1498,0.1664,0.1827,0.1997,0.2169,0.2327,0.2496,0.2663,0.283,0.2994,0.3162,0.333,0.3496,0.3666,0.383,0.4001,0.416,0.4335,0.45,0.4667,0.4836,0.4994,0.5163,0.5331,0.5495,0.5667,0.5834,0.6001,0.6164,0.633,0.65,0.667,0.683,0.7001,0.717,0.7335,0.7503,0.7672,0.7831,0.8,0.817,0.8333,0.8498,0.8665,0.8833,0.9003,0.9166,0.9332,0.9501,0.9673,0.9843,1,1.0166,1.0333,1.0505,1.0669,1.0835,1.1002,1.117,1.1336,1.1506,1.1673,1.184,1.2001,1.2166,1.2336,1.2501,1.2669,1.2837,1.3004,1.3169,1.3337,1.3504,1.3671,1.3838,1.4003,1.4169,1.4336,1.4509,1.4673,1.484,1.5005,1.517,1.534,1.5507,1.5676,1.5839,1.6007,1.6177,1.6334,1.651,1.6675,1.6842,1.7009,1.7175,1.7342,1.7511,1.7675,1.7841,1.8007,1.8174,1.834,1.8506,1.8675,1.8842,1.901,1.9178,1.9344,1.9502,1.9673,1.9838,2.0005,2.0172,2.0342,2.0512,2.0681,2.0848,2.1016,2.1175,2.1346,2.1516,2.1674,2.1841,2.2011,2.218,2.2349,2.251,2.2679,2.2846,2.3015,2.3184,2.3343,2.3514,2.3685,2.3851,2.4018,2.4177,2.4344,2.4512,2.4677,2.4843,2.5012,2.5179,2.5345,2.5512,2.5676,2.5847,2.6017,2.6185,2.6349,2.6515,2.6679,2.6846,2.7014,2.7184,2.7352,2.7521]","[1,1,1,1,1,1,1,1,1,1,1,1,1,1,1,1,1,1,1,1,1,1,1,1,1,1,1,1,1,1,1,1,1,1,1,1,1,1,1,1,1,1,1,1,1,1,1,1,1,1,1,1,1,1,1,1,1,1,1,1,1,1,1,1,1,1,1,1,1,1,1,1,1,1,1,1,1,1,1,1,1,1,1,1,1,2,2,2,2,2,2,2,2,2,2,2,2,2,2,2,2,2,2,2,2,2,2,2,2,2,2,2,2,2,2,2,2,2,2,2,2,2,2,2,2,2,2,2,2,2,2,2,2,2,2,2,2,2,2,2,2,2,2,2,2,2,2,2,2,2,2,2,2,2,2,2,2,2,2,2,2,2,2,2,2,2]",130,880.7898,4,256,0,256,0,1,229579,4,SV_73ADPjbMtd0KUBg,304,2022-03-02_15h06.07.165,implicit_time,2021.1.4,Linux x86_64,59.95563283
cursorjump,125,0,0,10,NA,0,NA,0,0,0.5,FALSE,rotation,0,"[0.002083,0.002083,0.002083,0.002083,0.002083,0.002083,0.002083,0.002083,0.002083,0.002083,0.002083,0.002083,0.002083,0.002083,0.002083,0.002083,0.002083,0.002083,0.002083,0.002083,0.002083,0.002083,0.002083,0.002083,0.002083,0.002083,0.002083,0.002083,0.002083,0.002083,0.002083,0.002083,0.002083,0.002083,0.002083,0.002083,0.002083,0.002083,0.002083,0,-0.004167,-0.014583,-0.022917,-0.039583,-0.060417,-0.083333,-0.095833,-0.122917,-0.1375,-0.164583,-0.189583,-0.214583,-0.229167,-0.260417,-0.295833,-0.314583,-0.352083,-0.391667,-0.4125,-0.452083,-0.472917,-0.5125,-0.541667,-0.564583,-0.572917,-0.59375,-0.6125,-0.620833,-0.633333,-0.639583,-0.639583,-0.6375,-0.6375,-0.6375,-0.6375,-0.6375,-0.6375,-0.6375,-0.6375,-0.635417,-0.629167,-0.622917,-0.60625,-0.583333,-0.570833,-0.541667,-0.50625,-0.4875,-0.445833,-0.402083,-0.3625,-0.341667,-0.304167,-0.2875,-0.254167,-0.222917,-0.197917,-0.1875,-0.172917,-0.166667,-0.15625,-0.145833,-0.1375,-0.133333,-0.125,-0.122917,-0.116667,-0.110417,-0.104167,-0.1,-0.09375,-0.091667,-0.085417,-0.08125,-0.075,-0.070833,-0.060417,-0.054167,-0.041667,-0.03125,-0.022917,-0.01875,-0.010417,-0.00625,0,0.004167,0.008333,0.010417,0.0125,0.0125,0.014583,0.016667,0.016667,0.01875,0.016667,0.016667,0.014583,0.014583,0.014583,0.014583,0.014583,0.014583,0.014583,0.014583,0.014583,0.014583,0.014583,0.014583,0.014583]","[-0.001778,-0.001778,-0.001778,-0.001778,-0.001778,-0.001778,-0.001778,-0.001778,-0.001778,-0.001778,-0.001778,-0.001778,-0.001778,-0.001778,-0.001778,-0.001778,-0.001778,-0.001778,-0.001778,-0.001778,-0.001778,-0.001778,-0.001778,-0.001778,-0.001778,-0.001778,-0.001778,-0.001778,-0.001778,-0.001778,-0.001778,-0.001778,-0.001778,-0.001778,-0.001778,-0.001778,-0.001778,-0.001778,-0.001778,-0.001778,0.001333,0.010667,0.016889,0.035556,0.060444,0.088444,0.107111,0.144444,0.166222,0.219111,0.281333,0.343556,0.368444,0.415111,0.458667,0.477333,0.520889,0.570667,0.595556,0.639111,0.657778,0.685778,0.713778,0.744889,0.760444,0.791556,0.816444,0.828889,0.850667,0.86,0.863111,0.863111,0.863111,0.863111,0.863111,0.86,0.86,0.86,0.86,0.86,0.853778,0.847556,0.832,0.807111,0.791556,0.754222,0.713778,0.688889,0.636,0.58,0.514667,0.483556,0.424444,0.393333,0.337333,0.287556,0.240889,0.222222,0.188,0.172444,0.147556,0.125778,0.100889,0.088444,0.066667,0.054222,0.032444,0.013778,0.001333,-0.004889,-0.014222,-0.017333,-0.020444,-0.023556,-0.026667,-0.029778,-0.032889,-0.036,-0.042222,-0.048444,-0.054667,-0.057778,-0.064,-0.067111,-0.070222,-0.073333,-0.070222,-0.070222,-0.067111,-0.064,-0.060889,-0.054667,-0.051556,-0.048444,-0.045333,-0.042222,-0.042222,-0.042222,-0.042222,-0.042222,-0.039111,-0.039111,-0.039111,-0.039111,-0.039111,-0.039111,-0.039111,-0.039111,-0.036]","[0.0005,0.0162,0.033,0.0492,0.0657,0.0827,0.0993,0.1155,0.1327,0.1492,0.1656,0.1822,0.1995,0.2162,0.2328,0.2491,0.2658,0.2826,0.2993,0.3163,0.3324,0.3492,0.3655,0.3831,0.3995,0.4158,0.4329,0.4496,0.4661,0.4831,0.4993,0.5161,0.5323,0.5501,0.566,0.5829,0.5995,0.6167,0.6332,0.6501,0.6665,0.6831,0.6999,0.7166,0.7335,0.7504,0.7665,0.7831,0.8,0.817,0.8341,0.85,0.867,0.8842,0.9004,0.9172,0.9333,0.9502,0.9668,0.9836,1.0005,1.0166,1.0333,1.0501,1.0668,1.0838,1.1007,1.1166,1.1335,1.1503,1.1671,1.1844,1.2003,1.217,1.2337,1.2504,1.2669,1.2839,1.3005,1.3174,1.3337,1.3502,1.3669,1.3838,1.4004,1.4169,1.4337,1.4502,1.467,1.4839,1.5005,1.5169,1.5336,1.5504,1.5671,1.584,1.6005,1.617,1.6348,1.6514,1.6678,1.6843,1.701,1.7177,1.7343,1.7505,1.7671,1.7838,1.8006,1.8174,1.8341,1.8507,1.8672,1.8838,1.9005,1.9172,1.9339,1.9505,1.9673,1.9841,2.0005,2.0175,2.0342,2.0507,2.0682,2.084,2.1007,2.1177,2.1345,2.151,2.1676,2.1843,2.2008,2.2173,2.2345,2.2511,2.2676,2.2844,2.3009,2.3176,2.3341,2.351,2.3672,2.3846,2.4012,2.4176,2.4346,2.4509,2.4678]","[1,1,1,1,1,1,1,1,1,1,1,1,1,1,1,1,1,1,1,1,1,1,1,1,1,1,1,1,1,1,1,1,1,1,1,1,1,1,1,1,1,1,1,1,1,1,1,1,1,1,1,1,1,1,1,1,1,1,1,1,1,1,1,1,1,2,2,2,2,2,2,2,2,2,2,2,2,2,2,2,2,2,2,2,2,2,2,2,2,2,2,2,2,2,2,2,2,2,2,2,2,2,2,2,2,2,2,2,2,2,2,2,2,2,2,2,2,2,2,2,2,2,2,2,2,2,2,2,2,2,2,2,2,2,2,2,2,2,2,2,2,2,2,2,2,2,2,2,2]",130,883.7746,4,257,0,257,0,1,229579,4,SV_73ADPjbMtd0KUBg,304,2022-03-02_15h06.07.165,implicit_time,2021.1.4,Linux x86_64,59.95563283
cursorjump,45,45,0.5,10,NA,0,NA,0,1,0.5,FALSE,rotation,1,"[0.010417,0.010417,0.010417,0.010417,0.010417,0.010417,0.010417,0.010417,0.010417,0.010417,0.010417,0.010417,0.010417,0.010417,0.010417,0.010417,0.010417,0.010417,0.010417,0.010417,0.010417,0.010417,0.010417,0.010417,0.010417,0.010417,0.010417,0.010417,0.010417,0.010417,0.010417,0.0125,0.0125,0.0125,0.0125,0.014583,0.014583,0.016667,0.01875,0.01875,0.022917,0.027083,0.029167,0.03125,0.035417,0.039583,0.047917,0.060417,0.077083,0.083333,0.095833,0.1,0.108333,0.114583,0.120833,0.125,0.133333,0.1375,0.147917,0.154167,0.158333,0.158333,0.160417,0.160417,0.16875,0.183333,0.208333,0.220833,0.25625,0.279167,0.33125,0.39375,0.45625,0.485417,0.541667,0.570833,0.627083,0.677083,0.716667,0.733333,0.7625,0.775,0.79375,0.808333,0.820833,0.829167,0.84375,0.85,0.8625,0.872917,0.883333,0.8875,0.895833,0.904167,0.908333,0.916667,0.927083,0.933333,0.947917,0.95625,0.975,0.997917,1.016667,1.025,1.041667,1.047917,1.060417,1.072917,1.077083,1.0875,1.09375,1.097917,1.097917,1.1,1.097917,1.09375,1.077083,1.066667,1.041667,1.004167,0.98125,0.927083,0.8625,0.783333,0.741667,0.647917,0.6,0.502083,0.40625,0.316667,0.275,0.195833,0.160417,0.097917,0.054167,0.027083]","[-0.026667,-0.026667,-0.026667,-0.026667,-0.026667,-0.026667,-0.026667,-0.026667,-0.026667,-0.026667,-0.026667,-0.026667,-0.026667,-0.026667,-0.029778,-0.029778,-0.029778,-0.029778,-0.029778,-0.029778,-0.029778,-0.029778,-0.029778,-0.029778,-0.029778,-0.029778,-0.029778,-0.029778,-0.029778,-0.029778,-0.029778,-0.029778,-0.029778,-0.029778,-0.029778,-0.032889,-0.032889,-0.032889,-0.032889,-0.032889,-0.032889,-0.036,-0.036,-0.036,-0.036,-0.036,-0.032889,-0.032889,-0.029778,-0.029778,-0.026667,-0.026667,-0.026667,-0.023556,-0.023556,-0.020444,-0.017333,-0.017333,-0.014222,-0.011111,-0.011111,-0.011111,-0.011111,-0.011111,-0.008,-0.004889,0.001333,0.004444,0.013778,0.02,0.029333,0.041778,0.048,0.054222,0.063556,0.066667,0.079111,0.091556,0.100889,0.104,0.107111,0.107111,0.107111,0.107111,0.110222,0.110222,0.107111,0.107111,0.107111,0.107111,0.107111,0.107111,0.107111,0.107111,0.107111,0.107111,0.104,0.104,0.104,0.104,0.100889,0.100889,0.097778,0.097778,0.094667,0.091556,0.088444,0.085333,0.085333,0.082222,0.079111,0.076,0.076,0.076,0.076,0.076,0.072889,0.072889,0.072889,0.076,0.082222,0.091556,0.097778,0.094667,0.091556,0.076,0.066667,0.054222,0.044889,0.041778,0.038667,0.035556,0.029333,0.023111,0.016889,0.013778]","[0.0005,0.0172,0.034,0.0507,0.0675,0.084,0.1002,0.1171,0.1336,0.1505,0.167,0.184,0.2005,0.2172,0.2337,0.2502,0.2676,0.2842,0.3001,0.3173,0.3337,0.35,0.3674,0.3837,0.4004,0.4176,0.4341,0.4502,0.4671,0.4845,0.5009,0.5176,0.534,0.5505,0.5672,0.5839,0.6012,0.6177,0.6342,0.6507,0.6675,0.6841,0.7006,0.7182,0.7348,0.7514,0.7681,0.7846,0.801,0.8177,0.8345,0.8511,0.8678,0.8844,0.901,0.9178,0.9345,0.9512,0.9679,0.9845,1.001,1.0176,1.0344,1.051,1.068,1.0845,1.1012,1.1177,1.1344,1.1511,1.1676,1.1852,1.2011,1.2178,1.2344,1.251,1.2677,1.2843,1.301,1.3177,1.3342,1.351,1.3678,1.3846,1.4012,1.4177,1.4344,1.4511,1.4678,1.4846,1.5014,1.5181,1.5348,1.5515,1.5681,1.5847,1.6013,1.618,1.6347,1.6514,1.6682,1.6847,1.7017,1.7183,1.735,1.7515,1.7681,1.7848,1.8015,1.8181,1.8351,1.8517,1.8683,1.8849,1.9014,1.9185,1.935,1.9516,1.9684,1.9848,2.0019,2.0184,2.035,2.0517,2.0686,2.0853,2.1021,2.1187,2.1352,2.1518,2.1684,2.1851,2.2026,2.2186,2.235,2.2524]","[1,1,1,1,1,1,1,1,1,1,1,1,1,1,1,1,1,1,1,1,1,1,1,1,1,1,1,1,1,1,1,1,1,1,1,1,1,1,1,1,1,1,1,1,1,1,1,1,1,1,1,1,1,1,1,1,1,1,1,1,1,1,1,1,1,1,1,1,1,1,1,1,1,1,1,1,1,1,1,1,1,1,1,1,1,1,1,1,1,1,1,1,1,1,1,1,1,1,1,2,2,2,2,2,2,2,2,2,2,2,2,2,2,2,2,2,2,2,2,2,2,2,2,2,2,2,2,2,2,2,2,2,2,2,2,2]",130,886.5435,4,258,0,258,0,1,229579,4,SV_73ADPjbMtd0KUBg,304,2022-03-02_15h06.07.165,implicit_time,2021.1.4,Linux x86_64,59.95563283
cursorjump,55,0,0,10,NA,0,NA,0,0,0.5,FALSE,rotation,0,"[0.010417,0.010417,0.010417,0.010417,0.0125,0.0125,0.0125,0.0125,0.0125,0.010417,0.008333,0.00625,0.004167,0.002083,0.002083,0,0,0,0,0,0,0,0,0,0,0,0,0,0,0,0,0,0,0,0,0,0,0,0,0,0,0,0,0.002083,0.008333,0.020833,0.04375,0.060417,0.097917,0.120833,0.177083,0.25,0.289583,0.375,0.4625,0.508333,0.595833,0.675,0.747917,0.779167,0.835417,0.858333,0.897917,0.916667,0.920833,0.920833,0.916667,0.908333,0.870833,0.816667,0.75625,0.722917,0.65625,0.620833,0.539583,0.445833,0.35625,0.314583,0.247917,0.21875,0.160417,0.108333,0.060417,0.041667,0.016667,0.008333]","[0.007556,0.004444,0.004444,0.004444,0.004444,0.001333,0.001333,-0.001778,-0.001778,-0.004889,-0.008,-0.011111,-0.011111,-0.011111,-0.011111,-0.011111,-0.011111,-0.011111,-0.011111,-0.011111,-0.011111,-0.011111,-0.011111,-0.011111,-0.011111,-0.011111,-0.011111,-0.011111,-0.011111,-0.011111,-0.011111,-0.011111,-0.011111,-0.011111,-0.011111,-0.011111,-0.011111,-0.011111,-0.011111,-0.011111,-0.011111,-0.011111,-0.011111,-0.008,-0.001778,0.010667,0.029333,0.044889,0.076,0.097778,0.147556,0.203556,0.234667,0.287556,0.340444,0.362222,0.405778,0.446222,0.483556,0.499111,0.527111,0.539556,0.555111,0.564444,0.564444,0.564444,0.561333,0.558222,0.548889,0.530222,0.505333,0.492889,0.461778,0.44,0.390222,0.331111,0.268889,0.240889,0.194222,0.172444,0.138222,0.100889,0.069778,0.060444,0.044889,0.038667]","[0.0006,0.0163,0.0332,0.0504,0.0664,0.0832,0.0999,0.1167,0.1329,0.1499,0.1668,0.1832,0.2,0.2165,0.2333,0.2501,0.2666,0.2832,0.2999,0.3167,0.3334,0.3502,0.3669,0.383,0.4002,0.4168,0.4337,0.4507,0.4667,0.4835,0.5001,0.5169,0.5337,0.5504,0.567,0.5834,0.6005,0.6173,0.6334,0.6506,0.6673,0.6839,0.7007,0.7167,0.7338,0.751,0.7671,0.7841,0.8001,0.817,0.834,0.8509,0.8669,0.8836,0.9006,0.917,0.9338,0.9508,0.9678,0.9838,1.0008,1.0178,1.0338,1.0507,1.0677,1.0836,1.1006,1.1176,1.1337,1.1507,1.1676,1.184,1.201,1.2179,1.234,1.251,1.2673,1.2841,1.3005,1.3175,1.3345,1.3507,1.3677,1.3838,1.4007,1.4179]","[1,1,1,1,1,1,1,1,1,1,1,1,1,1,1,1,1,1,1,1,1,1,1,1,1,1,1,1,1,1,1,1,1,1,1,1,1,1,1,1,1,1,1,1,1,1,1,1,1,1,1,1,1,1,1,1,1,1,1,1,2,2,2,2,2,2,2,2,2,2,2,2,2,2,2,2,2,2,2,2,2,2,2,2,2,2]",130,890.4288,4,259,0,259,0,1,229579,4,SV_73ADPjbMtd0KUBg,304,2022-03-02_15h06.07.165,implicit_time,2021.1.4,Linux x86_64,59.95563283
cursorjump,225,45,0.5,10,NA,0,NA,0,1,0.5,FALSE,rotation,1,"[0,0,0.002083,0.002083,0.002083,0.002083,0.002083,0.002083,0.002083,0.002083,0.002083,0.002083,0.002083,0.002083,0.002083,0.002083,0.002083,0.002083,0.002083,0.002083,0.002083,0.002083,0.002083,0.002083,0.002083,0.002083,0.002083,0.002083,0.004167,0.004167,0.004167,0.00625,0.00625,0.00625,0.008333,0.008333,0.008333,0.008333,0.008333,0.008333,0.008333,0.008333,0.008333,0.008333,0.008333,0.008333,0.008333,0.008333,0.008333,0.008333,0.008333,0.008333,0.008333,0.008333,0.008333,0.008333,0.008333,0.008333,0.008333,0.008333,0.008333,0.008333,0.008333,0.008333,0.008333,0.008333,0.008333,0.008333,0.008333,0.004167,0,-0.0125,-0.033333,-0.064583,-0.08125,-0.125,-0.15,-0.208333,-0.272917,-0.341667,-0.375,-0.44375,-0.475,-0.5375,-0.597917,-0.65,-0.675,-0.716667,-0.7375,-0.770833,-0.8,-0.81875,-0.825,-0.833333,-0.835417,-0.8375,-0.839583,-0.839583,-0.839583,-0.8375,-0.8375,-0.833333,-0.827083,-0.822917,-0.822917,-0.81875,-0.81875,-0.816667,-0.814583,-0.814583,-0.8125,-0.810417,-0.808333,-0.795833,-0.775,-0.74375,-0.725,-0.679167,-0.654167,-0.602083,-0.552083,-0.504167,-0.48125,-0.435417,-0.414583,-0.375,-0.339583,-0.327083,-0.304167,-0.289583,-0.285417,-0.277083,-0.272917,-0.270833,-0.26875,-0.266667,-0.266667,-0.260417,-0.247917,-0.239583,-0.220833,-0.204167,-0.185417,-0.175,-0.15,-0.133333,-0.1,-0.06875,-0.058333,-0.041667,-0.03125,-0.027083,-0.020833,-0.01875,-0.01875,-0.016667,-0.016667,-0.016667,-0.014583,-0.010417,-0.00625,-0.004167,-0.002083,-0.002083,0,0.002083,0.00625,0.008333,0.010417]","[-0.004889,-0.004889,-0.004889,-0.004889,-0.004889,-0.004889,-0.004889,-0.004889,-0.004889,-0.004889,-0.004889,-0.004889,-0.004889,-0.004889,-0.004889,-0.004889,-0.004889,-0.004889,-0.004889,-0.004889,-0.004889,-0.004889,-0.004889,-0.004889,-0.004889,-0.004889,-0.004889,-0.004889,-0.004889,-0.004889,-0.004889,-0.004889,-0.004889,-0.004889,-0.001778,-0.001778,-0.001778,-0.001778,-0.001778,-0.001778,-0.001778,-0.001778,-0.004889,-0.004889,-0.004889,-0.004889,-0.004889,-0.004889,-0.004889,-0.004889,-0.004889,-0.004889,-0.004889,-0.004889,-0.004889,-0.004889,-0.004889,-0.004889,-0.004889,-0.004889,-0.004889,-0.004889,-0.004889,-0.004889,-0.004889,-0.004889,-0.004889,-0.004889,-0.004889,-0.004889,-0.004889,-0.008,-0.014222,-0.023556,-0.029778,-0.042222,-0.051556,-0.073333,-0.104444,-0.144889,-0.163556,-0.200889,-0.216444,-0.247556,-0.281778,-0.312889,-0.331556,-0.362667,-0.378222,-0.406222,-0.434222,-0.459111,-0.465333,-0.477778,-0.484,-0.487111,-0.493333,-0.499556,-0.499556,-0.502667,-0.502667,-0.502667,-0.499556,-0.496444,-0.493333,-0.493333,-0.490222,-0.490222,-0.490222,-0.490222,-0.490222,-0.490222,-0.487111,-0.480889,-0.462222,-0.428,-0.406222,-0.359556,-0.331556,-0.275556,-0.216444,-0.163556,-0.138667,-0.095111,-0.079556,-0.048444,-0.023556,-0.017333,-0.001778,0.004444,0.004444,0.004444,0.001333,-0.001778,-0.011111,-0.023556,-0.032889,-0.048444,-0.057778,-0.064,-0.073333,-0.082667,-0.085778,-0.085778,-0.085778,-0.082667,-0.079556,-0.076444,-0.073333,-0.073333,-0.070222,-0.070222,-0.070222,-0.067111,-0.067111,-0.067111,-0.067111,-0.067111,-0.067111,-0.064,-0.060889,-0.060889,-0.057778,-0.057778,-0.057778,-0.054667,-0.048444,-0.045333,-0.032889]","[0.0002,0.0158,0.033,0.0492,0.0664,0.0833,0.0993,0.1162,0.1331,0.1491,0.1662,0.1833,0.1995,0.2168,0.2329,0.2497,0.2666,0.2827,0.2999,0.3166,0.3335,0.3494,0.3664,0.3831,0.3999,0.4168,0.4329,0.4496,0.4666,0.4836,0.4995,0.5165,0.5336,0.5498,0.567,0.5832,0.6002,0.6165,0.6332,0.6498,0.6669,0.6833,0.6998,0.7167,0.7335,0.7495,0.7663,0.7835,0.8006,0.8166,0.8336,0.8498,0.8668,0.8836,0.8999,0.9169,0.9331,0.95,0.967,0.9831,1.0001,1.0166,1.0338,1.0499,1.067,1.0833,1.1001,1.1173,1.1334,1.1504,1.1672,1.1833,1.2003,1.2172,1.2335,1.2507,1.2667,1.2839,1.3009,1.3169,1.3339,1.3508,1.3668,1.3838,1.4008,1.4169,1.4341,1.451,1.4671,1.4839,1.5008,1.5168,1.5341,1.5509,1.5673,1.5843,1.6003,1.6175,1.6336,1.6508,1.6675,1.6845,1.7007,1.718,1.7353,1.7505,1.7677,1.7838,1.8009,1.8179,1.834,1.8509,1.8679,1.8838,1.9008,1.9181,1.9338,1.9509,1.9678,1.9846,2.0006,2.0179,2.0339,2.0508,2.0677,2.0841,2.1013,2.1174,2.1346,2.1509,2.1678,2.1849,2.201,2.2181,2.2342,2.2515,2.2674,2.2845,2.3013,2.3184,2.3344,2.3513,2.3683,2.3844,2.4014,2.4185,2.4344,2.4515,2.4676,2.4849,2.5009,2.5179,2.5348,2.5519,2.5679,2.5845,2.6017,2.6178,2.6349,2.6521,2.6681,2.685,2.7012,2.7185,2.7346,2.7515,2.7688,2.7849,2.802]","[1,1,1,1,1,1,1,1,1,1,1,1,1,1,1,1,1,1,1,1,1,1,1,1,1,1,1,1,1,1,1,1,1,1,1,1,1,1,1,1,1,1,1,1,1,1,1,1,1,1,1,1,1,1,1,1,1,1,1,1,1,1,1,1,1,1,1,1,1,1,1,1,1,1,1,1,1,1,1,1,1,1,1,1,1,1,1,1,1,1,1,1,1,2,2,2,2,2,2,2,2,2,2,2,2,2,2,2,2,2,2,2,2,2,2,2,2,2,2,2,2,2,2,2,2,2,2,2,2,2,2,2,2,2,2,2,2,2,2,2,2,2,2,2,2,2,2,2,2,2,2,2,2,2,2,2,2,2,2,2,2,2,2,2,2,2,2,2,2]",130,893.7483,4,260,0,260,0,1,229579,4,SV_73ADPjbMtd0KUBg,304,2022-03-02_15h06.07.165,implicit_time,2021.1.4,Linux x86_64,59.95563283
cursorjump,235,0,0,10,NA,0,NA,0,0,0.5,FALSE,rotation,0,"[0.016667,0.016667,0.016667,0.016667,0.014583,0.014583,0.014583,0.014583,0.014583,0.014583,0.014583,0.014583,0.014583,0.014583,0.014583,0.014583,0.014583,0.014583,0.014583,0.014583,0.014583,0.014583,0.014583,0.014583,0.014583,0.014583,0.016667,0.016667,0.016667,0.014583,0.014583,0.010417,0.002083,-0.004167,-0.020833,-0.05,-0.066667,-0.10625,-0.152083,-0.177083,-0.23125,-0.285417,-0.314583,-0.370833,-0.425,-0.447917,-0.49375,-0.533333,-0.552083,-0.583333,-0.610417,-0.620833,-0.639583,-0.65625,-0.6625,-0.66875,-0.66875,-0.66875,-0.666667,-0.660417,-0.652083,-0.6375,-0.616667,-0.604167,-0.572917,-0.535417,-0.514583,-0.470833,-0.425,-0.402083,-0.358333,-0.335417,-0.29375,-0.25,-0.20625,-0.1875,-0.15,-0.13125,-0.09375,-0.054167,-0.016667,0,0.029167,0.041667,0.064583,0.083333,0.095833,0.1,0.108333,0.110417,0.1125,0.114583,0.114583,0.114583,0.1125,0.1125,0.10625,0.095833,0.083333,0.077083,0.066667,0.060417,0.052083,0.04375,0.035417]","[0.004444,0.004444,0.001333,0.001333,0.001333,0.001333,0.001333,0.001333,0.001333,0.001333,0.001333,0.001333,0.001333,0.001333,0.001333,0.001333,0.001333,0.001333,0.001333,0.001333,0.001333,0.001333,0.001333,0.001333,0.001333,0.001333,0.001333,0.001333,0.001333,0.001333,-0.001778,-0.004889,-0.014222,-0.020444,-0.039111,-0.064,-0.079556,-0.123111,-0.176,-0.207111,-0.272444,-0.337778,-0.368889,-0.434222,-0.493333,-0.524444,-0.577333,-0.633333,-0.658222,-0.708,-0.751556,-0.773333,-0.816889,-0.854222,-0.869778,-0.888444,-0.891556,-0.891556,-0.888444,-0.879111,-0.869778,-0.848,-0.823111,-0.807556,-0.773333,-0.739111,-0.717333,-0.676889,-0.627111,-0.602222,-0.543111,-0.515111,-0.449778,-0.387556,-0.334667,-0.309778,-0.263111,-0.241333,-0.197778,-0.154222,-0.116889,-0.101333,-0.073333,-0.060889,-0.039111,-0.020444,-0.004889,-0.001778,0.007556,0.010667,0.013778,0.016889,0.02,0.02,0.02,0.02,0.02,0.02,0.016889,0.016889,0.013778,0.010667,0.007556,0.007556,0.004444]","[0.0001,0.0162,0.0334,0.0494,0.0664,0.0837,0.0996,0.1166,0.1334,0.1496,0.167,0.183,0.2001,0.2169,0.2337,0.2496,0.2667,0.2835,0.3004,0.3162,0.3331,0.3499,0.3664,0.3834,0.3998,0.4168,0.4337,0.4497,0.4666,0.4838,0.4998,0.5168,0.5336,0.5505,0.5666,0.5836,0.6001,0.6172,0.6336,0.65,0.6672,0.6837,0.6999,0.7167,0.7337,0.7507,0.767,0.7835,0.8003,0.8168,0.834,0.8502,0.8671,0.8837,0.9002,0.9172,0.9335,0.9507,0.9675,0.9835,1.0007,1.0175,1.0336,1.0507,1.067,1.0842,1.1006,1.1176,1.1339,1.1504,1.1675,1.1841,1.2011,1.2174,1.2345,1.2506,1.2675,1.2845,1.3007,1.3181,1.3342,1.3513,1.3672,1.3841,1.4009,1.418,1.4341,1.4512,1.4673,1.4842,1.5014,1.5175,1.5347,1.5508,1.5676,1.5847,1.6008,1.6178,1.6349,1.651,1.668,1.6842,1.7014,1.7176,1.7347]","[1,1,1,1,1,1,1,1,1,1,1,1,1,1,1,1,1,1,1,1,1,1,1,1,1,1,1,1,1,1,1,1,1,1,1,1,1,1,1,1,1,1,1,1,1,1,1,1,1,1,2,2,2,2,2,2,2,2,2,2,2,2,2,2,2,2,2,2,2,2,2,2,2,2,2,2,2,2,2,2,2,2,2,2,2,2,2,2,2,2,2,2,2,2,2,2,2,2,2,2,2,2,2,2,2]",130,895.9995,4,261,0,261,0,1,229579,4,SV_73ADPjbMtd0KUBg,304,2022-03-02_15h06.07.165,implicit_time,2021.1.4,Linux x86_64,59.95563283
cursorjump,315,45,0.5,10,NA,0,NA,0,1,0.5,FALSE,rotation,1,"[0.004167,0.004167,0.004167,0.004167,0.004167,0.004167,0.004167,0.004167,0.004167,0.004167,0.004167,0.004167,0.004167,0.00625,0.00625,0.00625,0.004167,0.004167,0.004167,0.004167,0.004167,0.004167,0.004167,0.004167,0.004167,0.004167,0.004167,0.004167,0.004167,0.004167,0.00625,0.0125,0.01875,0.039583,0.06875,0.0875,0.125,0.160417,0.179167,0.21875,0.266667,0.29375,0.352083,0.408333,0.447917,0.460417,0.475,0.479167,0.485417,0.491667,0.495833,0.502083,0.508333,0.514583,0.525,0.539583,0.547917,0.55,0.554167,0.554167,0.554167,0.55625,0.55625,0.558333,0.560417,0.560417,0.5625,0.564583,0.566667,0.566667,0.570833,0.572917,0.575,0.577083,0.577083,0.575,0.572917,0.570833,0.55625,0.54375,0.502083,0.44375,0.38125,0.354167,0.304167,0.279167,0.222917,0.160417,0.102083,0.079167,0.041667,0.010417,-0.004167,-0.033333,-0.05625,-0.066667,-0.077083,-0.08125,-0.0875,-0.089583,-0.091667,-0.091667,-0.09375,-0.095833,-0.095833,-0.09375,-0.085417,-0.075,-0.05,-0.0375,-0.014583,0.004167,0.014583,0.01875,0.027083,0.033333,0.035417,0.0375,0.035417,0.035417,0.035417,0.035417,0.035417,0.033333,0.03125,0.029167,0.027083,0.022917,0.022917,0.020833,0.020833,0.020833,0.01875,0.016667,0.016667,0.014583]","[-0.004889,-0.004889,-0.004889,-0.004889,-0.004889,-0.004889,-0.004889,-0.004889,-0.004889,-0.004889,-0.004889,-0.004889,-0.004889,-0.004889,-0.004889,-0.004889,-0.004889,-0.004889,-0.004889,-0.004889,-0.004889,-0.004889,-0.004889,-0.004889,-0.004889,-0.004889,-0.004889,-0.004889,-0.004889,-0.004889,-0.004889,-0.011111,-0.014222,-0.032889,-0.060889,-0.079556,-0.129333,-0.197778,-0.241333,-0.331556,-0.424889,-0.471556,-0.558667,-0.627111,-0.670667,-0.686222,-0.711111,-0.717333,-0.732889,-0.745333,-0.751556,-0.760889,-0.767111,-0.770222,-0.779556,-0.795111,-0.810667,-0.82,-0.829333,-0.832444,-0.835556,-0.835556,-0.838667,-0.838667,-0.841778,-0.841778,-0.844889,-0.844889,-0.851111,-0.851111,-0.857333,-0.860444,-0.866667,-0.866667,-0.866667,-0.866667,-0.860444,-0.857333,-0.841778,-0.832444,-0.798222,-0.757778,-0.714222,-0.695556,-0.658222,-0.642667,-0.611556,-0.580444,-0.549333,-0.536889,-0.515111,-0.490222,-0.474667,-0.437333,-0.412444,-0.403111,-0.393778,-0.390667,-0.384444,-0.375111,-0.365778,-0.356444,-0.337778,-0.312889,-0.300444,-0.275556,-0.250667,-0.235111,-0.200889,-0.185333,-0.160444,-0.144889,-0.132444,-0.129333,-0.12,-0.110667,-0.107556,-0.098222,-0.088889,-0.085778,-0.079556,-0.076444,-0.070222,-0.064,-0.057778,-0.057778,-0.054667,-0.048444,-0.048444,-0.045333,-0.045333,-0.045333,-0.042222,-0.039111,-0.039111,-0.032889]","[0.0003,0.0163,0.0332,0.0494,0.0667,0.0837,0.1002,0.1165,0.1334,0.1504,0.1665,0.1833,0.2004,0.2164,0.2335,0.2504,0.2665,0.2834,0.3002,0.3171,0.3341,0.3501,0.3672,0.3832,0.4002,0.4166,0.4336,0.4506,0.4667,0.4836,0.5006,0.5165,0.5336,0.5506,0.5666,0.5836,0.6005,0.6174,0.6335,0.6506,0.6668,0.6841,0.7001,0.717,0.7341,0.7502,0.7672,0.7842,0.8004,0.8175,0.8337,0.8509,0.867,0.8838,0.9009,0.9171,0.9342,0.9504,0.9676,0.9837,1.0007,1.017,1.0342,1.0504,1.067,1.084,1.1011,1.1171,1.1343,1.1505,1.1677,1.1838,1.2006,1.2175,1.2346,1.2506,1.2674,1.2844,1.3005,1.3177,1.3339,1.3511,1.3672,1.3844,1.4013,1.4174,1.4345,1.4505,1.4676,1.4846,1.5008,1.5179,1.5341,1.5512,1.5673,1.5845,1.6015,1.6176,1.6349,1.6509,1.6679,1.6851,1.7012,1.7183,1.7344,1.7515,1.7679,1.7848,1.8017,1.8177,1.8347,1.8518,1.8679,1.8851,1.9011,1.9182,1.9343,1.951,1.9682,1.9843,2.0016,2.0179,2.035,2.0509,2.0678,2.0847,2.1019,2.1181,2.1352,2.1512,2.1681,2.1851,2.2014,2.2185,2.2345,2.2516]","[1,1,1,1,1,1,1,1,1,1,1,1,1,1,1,1,1,1,1,1,1,1,1,1,1,1,1,1,1,1,1,1,1,1,1,1,1,1,1,1,1,1,1,1,1,1,1,1,1,1,1,1,1,1,1,2,2,2,2,2,2,2,2,2,2,2,2,2,2,2,2,2,2,2,2,2,2,2,2,2,2,2,2,2,2,2,2,2,2,2,2,2,2,2,2,2,2,2,2,2,2,2,2,2,2,2,2,2,2,2,2,2,2,2,2,2,2,2,2,2,2,2,2,2,2,2,2,2,2,2,2,2,2,2,2,2]",130,898.7679,4,262,0,262,0,1,229579,4,SV_73ADPjbMtd0KUBg,304,2022-03-02_15h06.07.165,implicit_time,2021.1.4,Linux x86_64,59.95563283
cursorjump,305,0,0,10,NA,0,NA,0,0,0.5,FALSE,rotation,0,"[-0.010417,-0.010417,-0.010417,-0.010417,-0.010417,-0.010417,-0.010417,-0.010417,-0.010417,-0.010417,-0.010417,-0.010417,-0.010417,-0.010417,-0.010417,-0.010417,-0.010417,-0.010417,-0.010417,-0.010417,-0.010417,-0.010417,-0.010417,-0.010417,-0.010417,-0.008333,-0.004167,0.004167,0.008333,0.022917,0.03125,0.052083,0.083333,0.125,0.15,0.202083,0.229167,0.279167,0.322917,0.352083,0.3625,0.377083,0.383333,0.39375,0.4,0.404167,0.410417,0.414583,0.416667,0.420833,0.422917,0.422917,0.422917,0.422917,0.420833,0.4125,0.39375,0.379167,0.352083,0.325,0.310417,0.28125,0.24375,0.222917,0.177083,0.133333,0.1125,0.08125,0.058333,0.05,0.033333,0.01875,0.014583,0.00625,0.004167,0.004167,0.004167,0.004167,0.004167,0.004167,0.004167,0.00625,0.008333,0.010417,0.010417,0.010417,0.0125,0.0125,0.0125,0.010417,0.010417]","[0.010667,0.010667,0.010667,0.010667,0.010667,0.010667,0.010667,0.010667,0.010667,0.010667,0.010667,0.010667,0.010667,0.010667,0.010667,0.010667,0.010667,0.010667,0.010667,0.010667,0.010667,0.010667,0.010667,0.007556,0.007556,-0.001778,-0.020444,-0.051556,-0.073333,-0.129333,-0.163556,-0.247556,-0.347111,-0.459111,-0.512,-0.608444,-0.648889,-0.720444,-0.779556,-0.829333,-0.848,-0.882222,-0.897778,-0.928889,-0.950667,-0.963111,-0.984889,-1.000444,-1.009778,-1.022222,-1.028444,-1.028444,-1.028444,-1.025333,-1.022222,-1.006667,-0.975556,-0.956889,-0.907111,-0.848,-0.813778,-0.742222,-0.664444,-0.624,-0.543111,-0.471556,-0.437333,-0.372,-0.316,-0.288,-0.244444,-0.210222,-0.197778,-0.172889,-0.151111,-0.144889,-0.135556,-0.132444,-0.132444,-0.132444,-0.129333,-0.129333,-0.123111,-0.116889,-0.104444,-0.098222,-0.085778,-0.076444,-0.060889,-0.045333,-0.039111]","[0.0003,0.0168,0.0338,0.0499,0.0671,0.0833,0.1003,0.1166,0.1338,0.1499,0.1669,0.1839,0.2,0.2171,0.2333,0.2507,0.2669,0.2841,0.3001,0.3173,0.3334,0.3507,0.3713,0.3835,0.4003,0.4166,0.4336,0.4505,0.4668,0.4837,0.5007,0.5169,0.5341,0.5504,0.567,0.5841,0.6004,0.6177,0.6339,0.6503,0.6675,0.6837,0.7009,0.717,0.734,0.7512,0.7675,0.784,0.8005,0.8171,0.8343,0.8505,0.8677,0.8847,0.9009,0.917,0.9341,0.9506,0.9677,0.984,1.0012,1.0174,1.034,1.0511,1.0673,1.0842,1.1012,1.1173,1.1344,1.1506,1.1679,1.1841,1.2013,1.2174,1.2345,1.2506,1.2676,1.2845,1.3015,1.3176,1.3346,1.3515,1.3675,1.3845,1.4015,1.4176,1.4348,1.4508,1.468,1.4841,1.5011]","[1,1,1,1,1,1,1,1,1,1,1,1,1,1,1,1,1,1,1,1,1,1,1,1,1,1,1,1,1,1,1,1,1,1,1,1,1,1,1,1,1,2,2,2,2,2,2,2,2,2,2,2,2,2,2,2,2,2,2,2,2,2,2,2,2,2,2,2,2,2,2,2,2,2,2,2,2,2,2,2,2,2,2,2,2,2,2,2,2,2,2]",130,900.786,4,263,0,263,0,1,229579,4,SV_73ADPjbMtd0KUBg,304,2022-03-02_15h06.07.165,implicit_time,2021.1.4,Linux x86_64,59.95563283
cursorjump,45,45,0.5,10,NA,0,NA,0,1,0.5,FALSE,rotation,1,"[-0.002083,-0.002083,-0.002083,-0.002083,-0.002083,-0.002083,-0.002083,-0.002083,-0.002083,-0.002083,-0.002083,-0.002083,-0.002083,-0.002083,-0.002083,-0.002083,-0.002083,-0.002083,-0.002083,-0.002083,-0.002083,-0.002083,-0.002083,-0.002083,-0.002083,-0.002083,-0.002083,-0.002083,-0.002083,-0.002083,-0.002083,-0.002083,-0.002083,-0.002083,-0.002083,-0.002083,-0.002083,-0.002083,-0.002083,-0.002083,-0.002083,-0.002083,-0.002083,-0.002083,-0.002083,-0.002083,-0.002083,-0.002083,-0.002083,-0.002083,-0.002083,-0.004167,-0.004167,-0.004167,-0.004167,-0.004167,-0.004167,-0.004167,-0.004167,-0.004167,-0.004167,-0.004167,-0.004167,-0.004167,-0.004167,-0.004167,-0.004167,-0.004167,-0.004167,-0.004167,-0.004167,-0.004167,-0.004167,-0.004167,-0.004167,-0.004167,-0.004167,-0.004167,-0.004167,-0.004167,-0.004167,-0.004167,-0.004167,-0.004167,-0.004167,-0.004167,-0.004167,-0.004167,-0.004167,-0.004167,-0.004167,-0.004167,-0.004167,-0.004167,-0.004167,-0.004167,-0.004167,-0.004167,-0.004167,-0.004167,-0.004167,-0.004167,-0.004167,-0.004167,-0.004167,-0.004167,-0.004167,-0.002083,0.010417,0.027083,0.08125,0.160417,0.247917,0.289583,0.377083,0.41875,0.508333,0.59375,0.677083,0.716667,0.791667,0.827083,0.897917,0.9625,1.020833,1.045833,1.089583,1.102083,1.110417,1.110417,1.108333,1.108333,1.108333,1.110417,1.110417,1.110417,1.10625,1.0875,1.064583,1.052083,1.029167,0.99375,0.970833,0.916667,0.854167,0.820833,0.747917,0.66875,0.629167,0.55625,0.491667,0.460417,0.4,0.341667,0.314583,0.2625,0.216667,0.195833,0.1625,0.141667,0.135417,0.127083,0.11875,0.114583,0.110417,0.108333,0.10625,0.10625,0.108333,0.10625,0.104167,0.1,0.097917,0.09375,0.089583,0.0875,0.083333,0.075,0.070833,0.066667,0.0625,0.0625,0.060417,0.058333,0.05625,0.054167,0.052083,0.05,0.04375,0.035417]","[-0.008,-0.008,-0.008,-0.008,-0.008,-0.008,-0.008,-0.008,-0.008,-0.008,-0.008,-0.008,-0.008,-0.008,-0.008,-0.008,-0.008,-0.008,-0.008,-0.008,-0.008,-0.008,-0.008,-0.008,-0.008,-0.008,-0.008,-0.008,-0.008,-0.008,-0.008,-0.008,-0.008,-0.008,-0.008,-0.008,-0.008,-0.008,-0.008,-0.008,-0.008,-0.008,-0.008,-0.008,-0.008,-0.008,-0.008,-0.008,-0.008,-0.008,-0.008,-0.008,-0.008,-0.008,-0.008,-0.008,-0.008,-0.008,-0.008,-0.008,-0.008,-0.008,-0.008,-0.008,-0.008,-0.008,-0.008,-0.008,-0.008,-0.008,-0.008,-0.008,-0.008,-0.008,-0.008,-0.008,-0.008,-0.008,-0.008,-0.008,-0.008,-0.008,-0.008,-0.008,-0.008,-0.008,-0.008,-0.008,-0.008,-0.008,-0.008,-0.008,-0.008,-0.008,-0.008,-0.008,-0.008,-0.008,-0.008,-0.008,-0.008,-0.008,-0.008,-0.008,-0.008,-0.008,-0.008,-0.008,-0.004889,0.001333,0.02,0.038667,0.044889,0.044889,0.035556,0.029333,0.010667,-0.008,-0.020444,-0.023556,-0.032889,-0.032889,-0.036,-0.036,-0.036,-0.036,-0.036,-0.039111,-0.039111,-0.039111,-0.042222,-0.051556,-0.064,-0.070222,-0.079556,-0.092,-0.098222,-0.107556,-0.116889,-0.12,-0.123111,-0.123111,-0.126222,-0.126222,-0.126222,-0.126222,-0.132444,-0.141778,-0.144889,-0.151111,-0.154222,-0.157333,-0.160444,-0.163556,-0.166667,-0.172889,-0.179111,-0.182222,-0.188444,-0.194667,-0.194667,-0.200889,-0.204,-0.207111,-0.210222,-0.210222,-0.210222,-0.210222,-0.200889,-0.194667,-0.182222,-0.166667,-0.157333,-0.135556,-0.113778,-0.104444,-0.085778,-0.067111,-0.060889,-0.051556,-0.042222,-0.039111,-0.036,-0.032889,-0.032889,-0.029778,-0.026667,-0.026667,-0.023556,-0.020444]","[0.0003,0.0159,0.0331,0.0492,0.0664,0.0834,0.0995,0.1164,0.1335,0.1497,0.1669,0.183,0.2001,0.2163,0.2335,0.2497,0.2666,0.2837,0.2997,0.3166,0.3338,0.3496,0.3664,0.3831,0.4001,0.4163,0.4333,0.4495,0.4666,0.483,0.5,0.5171,0.5329,0.5501,0.5673,0.5834,0.5996,0.6167,0.633,0.6503,0.6666,0.6838,0.6998,0.717,0.7332,0.7504,0.7666,0.7837,0.7997,0.8169,0.8341,0.8503,0.8674,0.8832,0.9003,0.9172,0.9333,0.9504,0.9667,0.9838,1,1.017,1.034,1.0502,1.0673,1.0836,1.1007,1.117,1.1342,1.1504,1.1672,1.1834,1.2004,1.2173,1.2334,1.2507,1.2668,1.284,1.3,1.3171,1.3334,1.3504,1.3674,1.3843,1.4005,1.4174,1.4337,1.4508,1.467,1.484,1.5005,1.5169,1.534,1.5511,1.5672,1.5842,1.6003,1.6174,1.6343,1.6512,1.6673,1.6845,1.7006,1.7177,1.7336,1.7507,1.7675,1.7843,1.8012,1.8173,1.8346,1.8508,1.8679,1.884,1.9012,1.9175,1.9347,1.9508,1.968,1.984,2.0012,2.0174,2.0347,2.0507,2.0678,2.0848,2.1008,2.1177,2.135,2.151,2.1679,2.1847,2.2015,2.2177,2.235,2.2511,2.2684,2.2846,2.3018,2.318,2.3351,2.351,2.3679,2.3851,2.4014,2.4186,2.4347,2.4518,2.4678,2.485,2.5012,2.5183,2.5344,2.5513,2.5681,2.5851,2.6013,2.6184,2.6345,2.6515,2.6684,2.6846,2.7018,2.718,2.7351,2.7519,2.7679,2.785,2.8022,2.8184,2.8354,2.8513,2.8686,2.8847,2.902,2.9182,2.9351,2.9521,2.9681,2.9851,3.0022,3.0183,3.0354,3.0522,3.0682,3.0852,3.1023,3.1183,3.1351,3.1521]","[1,1,1,1,1,1,1,1,1,1,1,1,1,1,1,1,1,1,1,1,1,1,1,1,1,1,1,1,1,1,1,1,1,1,1,1,1,1,1,1,1,1,1,1,1,1,1,1,1,1,1,1,1,1,1,1,1,1,1,1,1,1,1,1,1,1,1,1,1,1,1,1,1,1,1,1,1,1,1,1,1,1,1,1,1,1,1,1,1,1,1,1,1,1,1,1,1,1,1,1,1,1,1,1,1,1,1,1,1,1,1,1,1,1,1,1,1,1,1,1,1,1,1,2,2,2,2,2,2,2,2,2,2,2,2,2,2,2,2,2,2,2,2,2,2,2,2,2,2,2,2,2,2,2,2,2,2,2,2,2,2,2,2,2,2,2,2,2,2,2,2,2,2,2,2,2,2,2,2,2,2,2,2,2,2,2,2,2,2,2]",130,904.4563,4,264,0,264,0,1,229579,4,SV_73ADPjbMtd0KUBg,304,2022-03-02_15h06.07.165,implicit_time,2021.1.4,Linux x86_64,59.95563283
cursorjump,35,0,0,10,NA,0,NA,0,0,0.5,FALSE,rotation,0,"[0.002083,0.002083,0.002083,0.002083,0.002083,0.002083,0.002083,0.002083,0.002083,0.002083,0.002083,0.002083,0.002083,0.002083,0.002083,0.002083,0.002083,0.002083,0.002083,0.002083,0.002083,0.002083,0.002083,0.002083,0.002083,0.002083,0.002083,0.002083,0.002083,0.002083,0.002083,0.002083,0.002083,0.010417,0.0375,0.089583,0.120833,0.1875,0.227083,0.3125,0.408333,0.504167,0.55,0.635417,0.714583,0.752083,0.816667,0.86875,0.8875,0.916667,0.927083,0.933333,0.933333,0.929167,0.9125,0.889583,0.858333,0.839583,0.791667,0.764583,0.70625,0.641667,0.570833,0.53125,0.447917,0.402083,0.3125,0.229167,0.1625,0.133333,0.083333,0.0625,0.022917,-0.002083,-0.010417,-0.01875,-0.020833,-0.020833,-0.020833,-0.020833,-0.01875,-0.016667,-0.016667,-0.016667,-0.020833,-0.025,-0.029167,-0.029167,-0.029167,-0.025,-0.01875]","[-0.001778,-0.004889,-0.004889,-0.004889,-0.004889,-0.004889,-0.004889,-0.004889,-0.004889,-0.004889,-0.004889,-0.004889,-0.004889,-0.004889,-0.004889,-0.004889,-0.004889,-0.004889,-0.004889,-0.004889,-0.004889,-0.004889,-0.004889,-0.004889,-0.004889,-0.004889,-0.004889,-0.004889,-0.004889,-0.004889,-0.004889,-0.004889,-0.004889,-0.001778,0.013778,0.038667,0.054222,0.079111,0.091556,0.119556,0.147556,0.178667,0.194222,0.225333,0.253333,0.265778,0.290667,0.306222,0.315556,0.328,0.331111,0.334222,0.334222,0.334222,0.331111,0.328,0.321778,0.315556,0.3,0.290667,0.272,0.253333,0.225333,0.209778,0.169333,0.144444,0.097778,0.054222,0.023111,0.010667,-0.017333,-0.029778,-0.051556,-0.064,-0.067111,-0.070222,-0.070222,-0.070222,-0.070222,-0.070222,-0.070222,-0.067111,-0.067111,-0.067111,-0.064,-0.064,-0.060889,-0.057778,-0.048444,-0.042222,-0.032889]","[0.0002,0.0159,0.0328,0.0497,0.0657,0.083,0.0991,0.1164,0.1325,0.1494,0.1665,0.1826,0.1997,0.216,0.233,0.2499,0.2659,0.2829,0.2991,0.3164,0.3325,0.3494,0.3666,0.3827,0.4,0.4161,0.4333,0.4493,0.4665,0.4836,0.4997,0.5169,0.533,0.55,0.5661,0.5833,0.5999,0.6161,0.6329,0.6499,0.6664,0.6834,0.6997,0.717,0.7332,0.7498,0.7663,0.7835,0.7996,0.8166,0.8329,0.8501,0.8663,0.8836,0.8999,0.9172,0.9335,0.9496,0.9666,0.9832,0.9997,1.0165,1.0335,1.05,1.0666,1.0838,1.0999,1.117,1.1333,1.1504,1.1667,1.1838,1.2,1.217,1.2332,1.2505,1.2666,1.2835,1.3004,1.3175,1.3336,1.3507,1.3669,1.384,1.4008,1.4166,1.4338,1.4506,1.4668,1.484,1.5001]","[1,1,1,1,1,1,1,1,1,1,1,1,1,1,1,1,1,1,1,1,1,1,1,1,1,1,1,1,1,1,1,1,1,1,1,1,1,1,1,1,1,1,1,1,1,1,1,1,1,2,2,2,2,2,2,2,2,2,2,2,2,2,2,2,2,2,2,2,2,2,2,2,2,2,2,2,2,2,2,2,2,2,2,2,2,2,2,2,2,2,2]",130,906.4732,4,265,0,265,0,1,229579,4,SV_73ADPjbMtd0KUBg,304,2022-03-02_15h06.07.165,implicit_time,2021.1.4,Linux x86_64,59.95563283
cursorjump,225,45,0.5,10,NA,0,NA,0,1,0.5,FALSE,rotation,1,"[0.00625,0.00625,0.00625,0.00625,0.00625,0.00625,0.00625,0.00625,0.00625,0.00625,0.00625,0.00625,0.00625,0.00625,0.00625,0.00625,0.00625,0.00625,0.00625,0.00625,0.00625,0.00625,0.00625,0.00625,0.00625,0.00625,0.00625,0.00625,0.00625,0.00625,0.00625,0.00625,0.00625,0.00625,0.00625,0.00625,0.00625,0.00625,0.00625,0.00625,0.00625,0.00625,0.00625,0.00625,0.00625,0.00625,0.00625,0.00625,0.00625,0.00625,0.00625,0.004167,0.004167,0.004167,0.004167,0.004167,0.004167,0.002083,0,-0.008333,-0.014583,-0.016667,-0.01875,-0.014583,-0.0125,-0.004167,0.008333,0.016667,0.033333,0.039583,0.05,0.054167,0.05625,0.05625,0.058333,0.060417,0.066667,0.070833,0.072917,0.072917,0.072917,0.072917,0.070833,0.060417,0.045833,0.0375,0.014583,0.002083,-0.027083,-0.05625,-0.085417,-0.097917,-0.114583,-0.11875,-0.125,-0.129167,-0.13125,-0.13125,-0.129167,-0.129167,-0.129167,-0.129167,-0.127083,-0.127083,-0.122917,-0.122917,-0.11875,-0.116667,-0.114583,-0.1125,-0.10625,-0.097917,-0.09375,-0.083333,-0.072917,-0.066667,-0.05625,-0.05,-0.041667,-0.03125,-0.025,-0.022917,-0.016667,-0.00625,-0.004167]","[0.001333,0.001333,0.001333,0.001333,0.001333,0.001333,0.001333,0.001333,0.001333,0.001333,0.001333,0.001333,0.001333,0.001333,0.001333,0.001333,0.001333,0.001333,0.001333,0.001333,0.001333,0.001333,0.001333,0.001333,0.001333,0.001333,0.001333,0.001333,0.001333,0.001333,0.001333,0.001333,0.001333,0.001333,0.001333,0.001333,0.001333,0.001333,0.001333,0.001333,0.001333,0.001333,0.001333,0.001333,0.001333,0.001333,0.001333,0.001333,0.001333,0.001333,0.001333,-0.001778,-0.001778,-0.004889,-0.014222,-0.023556,-0.054667,-0.101333,-0.132444,-0.213333,-0.312889,-0.368889,-0.490222,-0.605333,-0.655111,-0.748444,-0.829333,-0.863556,-0.922667,-0.944444,-0.978667,-0.997333,-1.012889,-1.022222,-1.034667,-1.044,-1.056444,-1.065778,-1.072,-1.072,-1.072,-1.072,-1.068889,-1.056444,-1.034667,-1.019111,-0.978667,-0.956889,-0.900889,-0.823111,-0.723556,-0.670667,-0.574222,-0.530667,-0.459111,-0.406222,-0.362667,-0.344,-0.309778,-0.294222,-0.272444,-0.253778,-0.235111,-0.225778,-0.207111,-0.200889,-0.188444,-0.176,-0.157333,-0.148,-0.129333,-0.113778,-0.107556,-0.101333,-0.095111,-0.092,-0.085778,-0.082667,-0.076444,-0.070222,-0.064,-0.060889,-0.054667,-0.042222,-0.039111]","[0.0002,0.0164,0.0337,0.05,0.0669,0.083,0.1,0.117,0.1332,0.1496,0.1665,0.1835,0.2005,0.2167,0.2338,0.2501,0.2673,0.2834,0.3005,0.3163,0.3332,0.3512,0.367,0.3832,0.4002,0.4172,0.4333,0.4503,0.467,0.4834,0.5005,0.5168,0.5339,0.5507,0.5666,0.5837,0.6006,0.6167,0.6339,0.6501,0.6672,0.6834,0.7004,0.7174,0.7337,0.7507,0.7676,0.7837,0.8007,0.8169,0.8339,0.8508,0.8671,0.8844,0.9006,0.9177,0.9337,0.9505,0.9676,0.9838,1.0005,1.0177,1.034,1.0511,1.0672,1.0844,1.1007,1.1176,1.1341,1.1511,1.1672,1.1845,1.2008,1.218,1.2338,1.251,1.2681,1.2843,1.3013,1.3174,1.3345,1.3512,1.368,1.3843,1.4012,1.418,1.4343,1.4514,1.4677,1.4849,1.5011,1.5182,1.5345,1.5511,1.5683,1.5845,1.6012,1.6182,1.6345,1.6514,1.6679,1.6851,1.7014,1.7183,1.7346,1.7517,1.7679,1.7848,1.8013,1.8183,1.8347,1.8519,1.8683,1.8847,1.9018,1.9182,1.935,1.9516,1.9682,1.9852,2.0017,2.0185,2.035,2.052,2.0684]","[1,1,1,1,1,1,1,1,1,1,1,1,1,1,1,1,1,1,1,1,1,1,1,1,1,1,1,1,1,1,1,1,1,1,1,1,1,1,1,1,1,1,1,1,1,1,1,1,1,1,1,1,1,1,1,1,1,1,1,1,1,1,1,1,1,1,1,1,1,1,2,2,2,2,2,2,2,2,2,2,2,2,2,2,2,2,2,2,2,2,2,2,2,2,2,2,2,2,2,2,2,2,2,2,2,2,2,2,2,2,2,2,2,2,2,2,2,2,2,2,2,2,2,2,2]",130,909.0594,4,266,0,266,0,1,229579,4,SV_73ADPjbMtd0KUBg,304,2022-03-02_15h06.07.165,implicit_time,2021.1.4,Linux x86_64,59.95563283
cursorjump,215,0,0,10,NA,0,NA,0,0,0.5,FALSE,rotation,0,"[0.002083,0.002083,0.002083,0.002083,0.002083,0.002083,0.002083,0.002083,0.002083,0.002083,0.002083,0.002083,0.002083,0.002083,0.002083,0.002083,0.002083,0.002083,0.002083,0.002083,0.002083,0.002083,0.002083,0.002083,0.002083,0.002083,0.002083,0.002083,0.002083,0.002083,0.002083,0.002083,0,-0.00625,-0.020833,-0.03125,-0.0625,-0.083333,-0.133333,-0.1875,-0.245833,-0.277083,-0.339583,-0.36875,-0.425,-0.475,-0.514583,-0.533333,-0.564583,-0.579167,-0.60625,-0.627083,-0.635417,-0.652083,-0.6625,-0.664583,-0.666667,-0.666667,-0.664583,-0.6625,-0.652083,-0.64375,-0.622917,-0.59375,-0.575,-0.535417,-0.4875,-0.4625,-0.4,-0.329167,-0.295833,-0.235417,-0.185417,-0.164583,-0.129167,-0.097917,-0.085417,-0.064583,-0.05,-0.047917,-0.04375,-0.045833,-0.047917,-0.052083,-0.058333,-0.060417,-0.064583,-0.06875,-0.06875,-0.06875,-0.06875,-0.06875,-0.066667,-0.060417,-0.05625,-0.045833,-0.035417,-0.03125,-0.025]","[-0.014222,-0.014222,-0.014222,-0.014222,-0.014222,-0.014222,-0.014222,-0.014222,-0.014222,-0.014222,-0.014222,-0.014222,-0.014222,-0.014222,-0.014222,-0.014222,-0.014222,-0.014222,-0.014222,-0.014222,-0.014222,-0.014222,-0.014222,-0.014222,-0.014222,-0.014222,-0.014222,-0.014222,-0.014222,-0.014222,-0.014222,-0.014222,-0.017333,-0.020444,-0.029778,-0.039111,-0.064,-0.079556,-0.123111,-0.172889,-0.228889,-0.256889,-0.325333,-0.359556,-0.431111,-0.502667,-0.571111,-0.605333,-0.667556,-0.695556,-0.757778,-0.810667,-0.829333,-0.863556,-0.885333,-0.891556,-0.891556,-0.891556,-0.894667,-0.894667,-0.894667,-0.888444,-0.869778,-0.832444,-0.810667,-0.754667,-0.689333,-0.655111,-0.571111,-0.487111,-0.446667,-0.375111,-0.316,-0.288,-0.241333,-0.194667,-0.176,-0.141778,-0.113778,-0.104444,-0.088889,-0.082667,-0.079556,-0.073333,-0.073333,-0.073333,-0.073333,-0.073333,-0.073333,-0.073333,-0.073333,-0.073333,-0.070222,-0.064,-0.057778,-0.048444,-0.036,-0.032889,-0.026667]","[0.0008,0.0168,0.0331,0.0499,0.0664,0.0829,0.0998,0.1165,0.1331,0.1501,0.1664,0.1829,0.2002,0.2165,0.2331,0.2503,0.2665,0.2835,0.2993,0.3172,0.3338,0.3503,0.3667,0.3836,0.4003,0.4165,0.4333,0.4505,0.4667,0.4838,0.5001,0.5164,0.5341,0.5508,0.5672,0.5836,0.6004,0.6173,0.6341,0.6507,0.6674,0.6839,0.7008,0.7176,0.7341,0.7508,0.7676,0.7842,0.8009,0.8174,0.8342,0.851,0.8678,0.8845,0.9011,0.9177,0.9342,0.9507,0.9672,0.9843,1.0009,1.0176,1.0343,1.051,1.0673,1.0841,1.1012,1.118,1.1342,1.1511,1.1679,1.1844,1.2009,1.2176,1.2347,1.2511,1.2677,1.2845,1.3013,1.3179,1.3344,1.3512,1.3678,1.3845,1.4016,1.4182,1.4348,1.4511,1.4678,1.4848,1.5016,1.5179,1.5348,1.5515,1.5679,1.5847,1.6019,1.6184,1.635]","[1,1,1,1,1,1,1,1,1,1,1,1,1,1,1,1,1,1,1,1,1,1,1,1,1,1,1,1,1,1,1,1,1,1,1,1,1,1,1,1,1,1,1,1,1,1,1,1,1,1,2,2,2,2,2,2,2,2,2,2,2,2,2,2,2,2,2,2,2,2,2,2,2,2,2,2,2,2,2,2,2,2,2,2,2,2,2,2,2,2,2,2,2,2,2,2,2,2,2]",130,911.2117,4,267,0,267,0,1,229579,4,SV_73ADPjbMtd0KUBg,304,2022-03-02_15h06.07.165,implicit_time,2021.1.4,Linux x86_64,59.95563283
cursorjump,135,45,0.5,10,NA,0,NA,0,1,0.5,FALSE,rotation,1,"[-0.022917,-0.022917,-0.022917,-0.022917,-0.022917,-0.022917,-0.022917,-0.022917,-0.022917,-0.022917,-0.022917,-0.022917,-0.022917,-0.022917,-0.022917,-0.022917,-0.022917,-0.022917,-0.022917,-0.022917,-0.022917,-0.022917,-0.022917,-0.022917,-0.022917,-0.022917,-0.022917,-0.022917,-0.022917,-0.022917,-0.022917,-0.022917,-0.022917,-0.022917,-0.022917,-0.022917,-0.022917,-0.022917,-0.022917,-0.022917,-0.022917,-0.022917,-0.022917,-0.022917,-0.022917,-0.022917,-0.025,-0.025,-0.033333,-0.04375,-0.06875,-0.085417,-0.127083,-0.172917,-0.227083,-0.254167,-0.316667,-0.35,-0.420833,-0.489583,-0.552083,-0.58125,-0.633333,-0.683333,-0.708333,-0.752083,-0.772917,-0.80625,-0.833333,-0.84375,-0.864583,-0.88125,-0.889583,-0.904167,-0.916667,-0.920833,-0.927083,-0.927083,-0.927083,-0.91875,-0.904167,-0.89375,-0.86875,-0.839583,-0.825,-0.789583,-0.745833,-0.697917,-0.670833,-0.616667,-0.591667,-0.54375,-0.497917,-0.458333,-0.439583,-0.40625,-0.39375,-0.370833,-0.354167,-0.341667,-0.3375,-0.333333,-0.33125,-0.329167,-0.329167,-0.329167,-0.327083,-0.31875,-0.310417,-0.291667,-0.272917,-0.252083,-0.241667,-0.21875,-0.20625,-0.18125,-0.160417,-0.145833,-0.139583,-0.13125,-0.127083,-0.116667,-0.108333,-0.102083,-0.102083,-0.1,-0.1,-0.1,-0.1,-0.1,-0.097917,-0.09375,-0.089583,-0.077083,-0.058333,-0.047917,-0.03125,-0.01875]","[-0.023556,-0.023556,-0.023556,-0.023556,-0.023556,-0.023556,-0.023556,-0.023556,-0.023556,-0.023556,-0.023556,-0.023556,-0.023556,-0.023556,-0.023556,-0.023556,-0.023556,-0.023556,-0.023556,-0.023556,-0.023556,-0.023556,-0.023556,-0.023556,-0.023556,-0.023556,-0.023556,-0.023556,-0.023556,-0.023556,-0.023556,-0.023556,-0.023556,-0.023556,-0.023556,-0.023556,-0.023556,-0.023556,-0.023556,-0.023556,-0.023556,-0.023556,-0.023556,-0.023556,-0.023556,-0.023556,-0.023556,-0.023556,-0.029778,-0.032889,-0.045333,-0.051556,-0.067111,-0.085778,-0.104444,-0.113778,-0.141778,-0.157333,-0.197778,-0.244444,-0.291111,-0.312889,-0.356444,-0.393778,-0.412444,-0.446667,-0.462222,-0.493333,-0.518222,-0.527556,-0.543111,-0.558667,-0.564889,-0.580444,-0.592889,-0.599111,-0.602222,-0.605333,-0.602222,-0.599111,-0.586667,-0.577333,-0.558667,-0.533778,-0.518222,-0.484,-0.440444,-0.387556,-0.359556,-0.303556,-0.275556,-0.222667,-0.176,-0.135556,-0.116889,-0.088889,-0.076444,-0.060889,-0.048444,-0.039111,-0.039111,-0.036,-0.036,-0.036,-0.036,-0.036,-0.036,-0.029778,-0.023556,-0.011111,0.001333,0.007556,0.007556,0.007556,0.007556,0.001333,-0.008,-0.017333,-0.023556,-0.036,-0.042222,-0.051556,-0.057778,-0.060889,-0.060889,-0.060889,-0.060889,-0.060889,-0.060889,-0.060889,-0.060889,-0.060889,-0.057778,-0.051556,-0.042222,-0.039111,-0.036,-0.032889]","[0.0007,0.0162,0.0333,0.0502,0.0658,0.0831,0.0994,0.1158,0.1326,0.1501,0.1664,0.1834,0.1998,0.2169,0.2334,0.2501,0.2671,0.284,0.3,0.3168,0.3339,0.3499,0.3665,0.3833,0.4002,0.4167,0.4337,0.4506,0.4666,0.483,0.5004,0.5169,0.5338,0.5504,0.5662,0.5834,0.5997,0.6162,0.633,0.6496,0.6666,0.6831,0.7001,0.7162,0.733,0.7505,0.767,0.7834,0.8005,0.8169,0.8336,0.8503,0.867,0.8836,0.9006,0.9172,0.9337,0.9508,0.9673,0.9837,1.0005,1.0172,1.034,1.0509,1.0669,1.084,1.1007,1.1177,1.1335,1.1504,1.1672,1.1839,1.2006,1.2175,1.2341,1.2508,1.2675,1.2842,1.3009,1.3174,1.3341,1.3508,1.3675,1.3844,1.4014,1.4173,1.4344,1.4515,1.4672,1.4841,1.5008,1.5177,1.5345,1.551,1.5677,1.5845,1.6013,1.6172,1.6342,1.6509,1.6677,1.6844,1.7011,1.7182,1.734,1.7508,1.7676,1.7844,1.8014,1.8183,1.8349,1.8515,1.8684,1.8844,1.9014,1.9184,1.9351,1.9519,1.9676,1.9847,2.0018,2.0179,2.0346,2.0511,2.0679,2.085,2.101,2.1182,2.1349,2.1512,2.1679,2.1849,2.201,2.2179,2.2346,2.2513,2.2679,2.2845]","[1,1,1,1,1,1,1,1,1,1,1,1,1,1,1,1,1,1,1,1,1,1,1,1,1,1,1,1,1,1,1,1,1,1,1,1,1,1,1,1,1,1,1,1,1,1,1,1,1,1,1,1,1,1,1,1,1,1,1,1,1,1,1,1,1,1,1,1,2,2,2,2,2,2,2,2,2,2,2,2,2,2,2,2,2,2,2,2,2,2,2,2,2,2,2,2,2,2,2,2,2,2,2,2,2,2,2,2,2,2,2,2,2,2,2,2,2,2,2,2,2,2,2,2,2,2,2,2,2,2,2,2,2,2,2,2,2,2]",130,914.0132,4,268,0,268,0,1,229579,4,SV_73ADPjbMtd0KUBg,304,2022-03-02_15h06.07.165,implicit_time,2021.1.4,Linux x86_64,59.95563283
cursorjump,145,0,0,10,NA,0,NA,0,0,0.5,FALSE,rotation,0,"[0,0,0,0,0,0,0,0,0,0,0,0,0,0,0,0,0,0,0,0,0,0,0,0,0,0,0,0,0,0,0,0,0,0,0,0,0,0,0,0,-0.00625,-0.0125,-0.033333,-0.058333,-0.091667,-0.1125,-0.160417,-0.189583,-0.252083,-0.320833,-0.395833,-0.4375,-0.520833,-0.566667,-0.654167,-0.739583,-0.8125,-0.84375,-0.889583,-0.9,-0.904167,-0.904167,-0.902083,-0.902083,-0.9,-0.9,-0.89375,-0.883333,-0.872917,-0.86875,-0.8625,-0.860417,-0.854167,-0.839583,-0.808333,-0.785417,-0.725,-0.691667,-0.622917,-0.55,-0.470833,-0.43125,-0.35625,-0.322917,-0.266667,-0.222917,-0.1875,-0.170833,-0.147917,-0.141667,-0.133333,-0.133333,-0.133333,-0.135417,-0.139583,-0.141667,-0.145833,-0.154167,-0.160417,-0.160417,-0.1625,-0.1625,-0.160417,-0.154167,-0.14375,-0.116667,-0.085417,-0.072917,-0.05625,-0.045833,-0.041667,-0.035417,-0.03125]","[-0.011111,-0.011111,-0.011111,-0.011111,-0.011111,-0.011111,-0.011111,-0.011111,-0.011111,-0.011111,-0.011111,-0.011111,-0.011111,-0.011111,-0.011111,-0.011111,-0.011111,-0.011111,-0.011111,-0.011111,-0.011111,-0.011111,-0.011111,-0.011111,-0.011111,-0.011111,-0.011111,-0.011111,-0.011111,-0.011111,-0.011111,-0.011111,-0.011111,-0.011111,-0.011111,-0.011111,-0.011111,-0.011111,-0.011111,-0.011111,-0.011111,-0.011111,-0.008,-0.004889,-0.001778,-0.001778,-0.008,-0.014222,-0.036,-0.070222,-0.12,-0.151111,-0.225778,-0.269333,-0.365778,-0.465333,-0.558667,-0.596,-0.655111,-0.667556,-0.673778,-0.673778,-0.673778,-0.676889,-0.68,-0.683111,-0.686222,-0.686222,-0.686222,-0.683111,-0.683111,-0.683111,-0.676889,-0.664444,-0.630222,-0.605333,-0.552444,-0.527556,-0.471556,-0.409333,-0.337778,-0.300444,-0.225778,-0.191556,-0.135556,-0.098222,-0.070222,-0.060889,-0.042222,-0.036,-0.029778,-0.026667,-0.029778,-0.029778,-0.032889,-0.036,-0.039111,-0.045333,-0.051556,-0.051556,-0.051556,-0.051556,-0.051556,-0.048444,-0.042222,-0.029778,-0.023556,-0.020444,-0.023556,-0.023556,-0.023556,-0.026667,-0.026667]","[0.0006,0.0167,0.033,0.0494,0.0664,0.083,0.0996,0.1161,0.1331,0.1494,0.1661,0.1828,0.1994,0.2161,0.2326,0.2496,0.2664,0.283,0.3,0.3162,0.3327,0.3494,0.3665,0.3832,0.3996,0.4164,0.4333,0.4502,0.4666,0.4831,0.4994,0.5167,0.5336,0.5497,0.567,0.5834,0.5999,0.6164,0.6336,0.6502,0.6671,0.6838,0.6997,0.7164,0.7343,0.7503,0.7675,0.7834,0.8003,0.8173,0.8337,0.8507,0.8669,0.8839,0.9007,0.9166,0.9339,0.9502,0.9674,0.9835,1.0003,1.0169,1.0338,1.051,1.0672,1.0837,1.1004,1.1171,1.1337,1.1507,1.167,1.1837,1.2005,1.217,1.2339,1.2509,1.2673,1.2838,1.3006,1.3173,1.3344,1.3506,1.3672,1.384,1.4008,1.4174,1.4344,1.4501,1.4678,1.4847,1.5008,1.5178,1.5345,1.5506,1.5673,1.5842,1.601,1.6179,1.6339,1.6506,1.6677,1.684,1.7008,1.7177,1.7347,1.7507,1.7676,1.7842,1.801,1.8182,1.8343,1.8513,1.8676]","[1,1,1,1,1,1,1,1,1,1,1,1,1,1,1,1,1,1,1,1,1,1,1,1,1,1,1,1,1,1,1,1,1,1,1,1,1,1,1,1,1,1,1,1,1,1,1,1,1,1,1,1,1,1,1,1,2,2,2,2,2,2,2,2,2,2,2,2,2,2,2,2,2,2,2,2,2,2,2,2,2,2,2,2,2,2,2,2,2,2,2,2,2,2,2,2,2,2,2,2,2,2,2,2,2,2,2,2,2,2,2,2,2]",130,916.3983,4,269,0,269,0,1,229579,4,SV_73ADPjbMtd0KUBg,304,2022-03-02_15h06.07.165,implicit_time,2021.1.4,Linux x86_64,59.95563283
cursorjump,315,45,0.5,10,NA,0,NA,0,1,0.5,FALSE,rotation,1,"[0.016667,0.016667,0.016667,0.014583,0.014583,0.0125,0.0125,0.010417,0.010417,0.010417,0.010417,0.008333,0.008333,0.008333,0.00625,0.00625,0.00625,0.00625,0.00625,0.00625,0.00625,0.00625,0.00625,0.00625,0.00625,0.00625,0.00625,0.00625,0.008333,0.008333,0.00625,0.00625,0.00625,0.00625,0.00625,0.00625,0.00625,0.00625,0.00625,0.00625,0.00625,0.00625,0.00625,0.00625,0.00625,0.00625,0.00625,0.00625,0.00625,0.00625,0.00625,0.00625,0.00625,0.00625,0.00625,0.00625,0.00625,0.00625,0.00625,0.00625,0.00625,0.00625,0.00625,0.00625,0.00625,0.00625,0.00625,0.008333,0.008333,0.008333,0.008333,0.008333,0.00625,0.00625,0.00625,0.00625,0.00625,0.00625,0.008333,0.008333,0.008333,0.008333,0.008333,0.010417,0.010417,0.010417,0.010417,0.010417,0.010417,0.010417,0.010417,0.010417,0.010417,0.010417,0.010417,0.0125,0.014583,0.01875,0.022917,0.025,0.027083,0.029167,0.03125,0.033333,0.039583,0.04375,0.0625,0.091667,0.110417,0.15,0.189583,0.208333,0.241667,0.270833,0.285417,0.3125,0.339583,0.35,0.364583,0.377083,0.385417,0.395833,0.40625,0.410417,0.4125,0.414583,0.414583,0.414583,0.414583,0.414583,0.4125,0.410417,0.408333,0.404167,0.397917,0.39375,0.391667,0.383333,0.375,0.34375,0.29375,0.2625,0.202083,0.147917,0.120833,0.0625,0.008333,-0.029167,-0.041667,-0.060417,-0.070833,-0.0875,-0.09375,-0.10625,-0.116667,-0.122917,-0.127083,-0.133333,-0.1375,-0.14375,-0.147917,-0.147917,-0.145833,-0.139583,-0.133333,-0.125,-0.116667,-0.10625,-0.1,-0.085417,-0.079167,-0.06875,-0.058333,-0.05,-0.045833,-0.035417]","[0.023111,0.023111,0.02,0.016889,0.016889,0.013778,0.013778,0.013778,0.010667,0.010667,0.010667,0.010667,0.007556,0.007556,0.007556,0.007556,0.007556,0.007556,0.007556,0.007556,0.007556,0.007556,0.007556,0.007556,0.007556,0.007556,0.007556,0.007556,0.007556,0.007556,0.007556,0.007556,0.007556,0.007556,0.007556,0.007556,0.007556,0.007556,0.007556,0.007556,0.007556,0.007556,0.007556,0.007556,0.007556,0.007556,0.007556,0.007556,0.007556,0.007556,0.007556,0.007556,0.007556,0.007556,0.007556,0.007556,0.007556,0.007556,0.007556,0.007556,0.007556,0.007556,0.007556,0.007556,0.007556,0.007556,0.007556,0.007556,0.007556,0.007556,0.007556,0.007556,0.007556,0.007556,0.007556,0.007556,0.007556,0.007556,0.007556,0.007556,0.007556,0.007556,0.007556,0.004444,0.004444,0.004444,0.004444,0.004444,0.004444,0.004444,0.004444,0.004444,0.004444,0.004444,0.004444,0.001333,-0.001778,-0.020444,-0.051556,-0.067111,-0.110667,-0.163556,-0.194667,-0.266222,-0.353333,-0.4,-0.499556,-0.596,-0.639556,-0.714222,-0.779556,-0.804444,-0.848,-0.879111,-0.891556,-0.913333,-0.925778,-0.928889,-0.938222,-0.944444,-0.950667,-0.963111,-0.975556,-0.984889,-0.988,-0.991111,-0.991111,-0.991111,-0.991111,-0.991111,-0.988,-0.984889,-0.981778,-0.978667,-0.975556,-0.978667,-0.978667,-0.978667,-0.978667,-0.96,-0.922667,-0.897778,-0.844889,-0.792,-0.764,-0.695556,-0.605333,-0.521333,-0.490222,-0.440444,-0.424889,-0.396889,-0.384444,-0.356444,-0.328444,-0.300444,-0.288,-0.263111,-0.250667,-0.222667,-0.197778,-0.176,-0.166667,-0.144889,-0.135556,-0.12,-0.107556,-0.095111,-0.088889,-0.073333,-0.067111,-0.048444,-0.029778,-0.014222,-0.004889,0.007556]","[0.0006,0.0156,0.0322,0.049,0.0656,0.0828,0.0985,0.1154,0.132,0.1485,0.1654,0.1821,0.1989,0.2157,0.2322,0.2483,0.265,0.2829,0.2993,0.3158,0.3324,0.3493,0.365,0.383,0.4,0.4163,0.4324,0.4489,0.4658,0.4822,0.4998,0.516,0.5326,0.549,0.5654,0.582,0.5987,0.6153,0.6325,0.6485,0.6658,0.6831,0.6992,0.7152,0.7327,0.7492,0.7657,0.7822,0.7998,0.816,0.8322,0.8488,0.8656,0.8821,0.8992,0.9162,0.9326,0.949,0.9661,0.9824,0.9995,1.0158,1.0331,1.0495,1.066,1.0826,1.0995,1.1161,1.1331,1.1497,1.1661,1.1827,1.1999,1.2164,1.233,1.2495,1.2665,1.283,1.2996,1.3162,1.3328,1.3498,1.3664,1.383,1.3995,1.4161,1.4333,1.4498,1.4664,1.4829,1.4996,1.517,1.5327,1.5503,1.5667,1.5832,1.5999,1.6166,1.6332,1.6502,1.667,1.6835,1.7001,1.7167,1.7334,1.7501,1.7668,1.7834,1.8001,1.8169,1.8336,1.8504,1.867,1.8836,1.9003,1.917,1.9336,1.9504,1.9671,1.9838,2.0005,2.0172,2.034,2.0508,2.0672,2.0838,2.1003,2.1169,2.1335,2.1503,2.1669,2.1835,2.2001,2.2167,2.2339,2.2506,2.2672,2.2836,2.3003,2.3169,2.3336,2.3504,2.367,2.3836,2.4004,2.4169,2.4338,2.4507,2.4672,2.4837,2.5003,2.5171,2.5339,2.5506,2.5672,2.5837,2.6008,2.6174,2.6339,2.6503,2.6672,2.6839,2.7003,2.7174,2.7342,2.7508,2.7674,2.7838,2.8009,2.8175,2.8339,2.8505,2.8672,2.8841,2.9006,2.9175]","[1,1,1,1,1,1,1,1,1,1,1,1,1,1,1,1,1,1,1,1,1,1,1,1,1,1,1,1,1,1,1,1,1,1,1,1,1,1,1,1,1,1,1,1,1,1,1,1,1,1,1,1,1,1,1,1,1,1,1,1,1,1,1,1,1,1,1,1,1,1,1,1,1,1,1,1,1,1,1,1,1,1,1,1,1,1,1,1,1,1,1,1,1,1,1,1,1,1,1,1,1,1,1,1,1,1,1,1,1,1,1,1,1,1,1,2,2,2,2,2,2,2,2,2,2,2,2,2,2,2,2,2,2,2,2,2,2,2,2,2,2,2,2,2,2,2,2,2,2,2,2,2,2,2,2,2,2,2,2,2,2,2,2,2,2,2,2,2,2,2,2,2,2,2,2,2]",130,921.3185,4,270,0,270,0,1,229579,4,SV_73ADPjbMtd0KUBg,304,2022-03-02_15h06.07.165,implicit_time,2021.1.4,Linux x86_64,59.95563283
cursorjump,325,0,0,10,NA,0,NA,0,0,0.5,FALSE,rotation,0,"[-0.00625,-0.00625,-0.00625,-0.00625,-0.00625,-0.00625,-0.00625,-0.00625,-0.00625,-0.00625,-0.00625,-0.00625,-0.00625,-0.00625,-0.00625,-0.00625,-0.00625,-0.00625,-0.00625,-0.00625,-0.00625,-0.00625,-0.00625,-0.00625,-0.00625,-0.00625,-0.00625,-0.00625,-0.00625,-0.00625,-0.00625,-0.00625,-0.00625,-0.00625,-0.00625,-0.00625,-0.00625,-0.00625,-0.00625,-0.00625,-0.00625,-0.00625,-0.00625,-0.00625,-0.00625,-0.00625,-0.00625,-0.00625,-0.00625,-0.00625,-0.004167,0,0.014583,0.039583,0.064583,0.077083,0.1,0.1125,0.14375,0.191667,0.252083,0.283333,0.345833,0.375,0.43125,0.48125,0.525,0.541667,0.566667,0.579167,0.6,0.622917,0.64375,0.65,0.65625,0.65625,0.652083,0.641667,0.627083,0.61875,0.604167,0.59375,0.570833,0.5375,0.514583,0.458333,0.4,0.370833,0.316667,0.275,0.258333,0.233333,0.208333,0.195833,0.16875,0.14375,0.13125,0.114583,0.104167,0.097917,0.091667,0.085417,0.083333,0.08125,0.08125,0.08125,0.08125,0.079167,0.079167,0.077083,0.075,0.075,0.070833,0.066667,0.0625,0.058333,0.05625,0.054167,0.05,0.047917,0.045833,0.04375,0.041667,0.039583,0.035417,0.03125]","[0.004444,0.004444,0.004444,0.004444,0.004444,0.004444,0.004444,0.004444,0.004444,0.004444,0.004444,0.004444,0.004444,0.004444,0.004444,0.004444,0.004444,0.004444,0.004444,0.004444,0.004444,0.004444,0.004444,0.004444,0.004444,0.004444,0.004444,0.004444,0.004444,0.004444,0.004444,0.004444,0.004444,0.004444,0.004444,0.004444,0.004444,0.004444,0.004444,0.004444,0.004444,0.004444,0.004444,0.004444,0.004444,0.004444,0.004444,0.004444,0.004444,0.004444,0.004444,0.001333,-0.014222,-0.045333,-0.082667,-0.104444,-0.148,-0.172889,-0.238222,-0.322222,-0.424889,-0.477778,-0.571111,-0.608444,-0.670667,-0.723556,-0.764,-0.779556,-0.804444,-0.816889,-0.835556,-0.854222,-0.869778,-0.876,-0.882222,-0.885333,-0.888444,-0.882222,-0.876,-0.866667,-0.851111,-0.838667,-0.804444,-0.757778,-0.729778,-0.667556,-0.596,-0.558667,-0.477778,-0.393778,-0.350222,-0.269333,-0.197778,-0.169778,-0.123111,-0.088889,-0.076444,-0.051556,-0.032889,-0.026667,-0.017333,-0.011111,-0.011111,-0.011111,-0.011111,-0.011111,-0.008,-0.004889,-0.004889,-0.001778,0.001333,0.004444,0.007556,0.013778,0.016889,0.023111,0.026222,0.029333,0.029333,0.029333,0.029333,0.029333,0.029333,0.029333,0.026222,0.026222]","[0.0006,0.0162,0.0329,0.0497,0.0661,0.083,0.0992,0.1164,0.1326,0.1497,0.1664,0.1834,0.1997,0.2167,0.233,0.2499,0.2663,0.2827,0.3004,0.3168,0.3332,0.3495,0.3663,0.3835,0.3998,0.4164,0.4332,0.4497,0.4665,0.4831,0.4997,0.5164,0.534,0.5495,0.5671,0.5835,0.6,0.6166,0.633,0.6503,0.6667,0.6832,0.6998,0.7171,0.7336,0.7499,0.7668,0.7832,0.8008,0.8172,0.834,0.8507,0.8667,0.8831,0.9001,0.9167,0.9344,0.95,0.9667,0.9834,1.0002,1.017,1.0337,1.0504,1.0673,1.0842,1.1005,1.1173,1.1337,1.1506,1.1674,1.1841,1.2007,1.2174,1.2341,1.2507,1.2675,1.2836,1.3004,1.3173,1.3341,1.3511,1.3676,1.3841,1.4007,1.4175,1.4344,1.4511,1.4678,1.4843,1.5008,1.5178,1.5344,1.551,1.5676,1.5841,1.6006,1.6172,1.6339,1.6506,1.6673,1.684,1.7007,1.7174,1.7348,1.7509,1.7677,1.7841,1.8007,1.8175,1.8341,1.8509,1.8676,1.8843,1.9012,1.9177,1.9344,1.9508,1.9676,1.9843,2.001,2.0177,2.0343,2.0508,2.0677,2.0842]","[1,1,1,1,1,1,1,1,1,1,1,1,1,1,1,1,1,1,1,1,1,1,1,1,1,1,1,1,1,1,1,1,1,1,1,1,1,1,1,1,1,1,1,1,1,1,1,1,1,1,1,1,1,1,1,1,1,1,1,1,1,1,1,1,1,1,1,1,2,2,2,2,2,2,2,2,2,2,2,2,2,2,2,2,2,2,2,2,2,2,2,2,2,2,2,2,2,2,2,2,2,2,2,2,2,2,2,2,2,2,2,2,2,2,2,2,2,2,2,2,2,2,2,2,2,2]",130,923.9201,4,271,0,271,0,1,229579,4,SV_73ADPjbMtd0KUBg,304,2022-03-02_15h06.07.165,implicit_time,2021.1.4,Linux x86_64,59.95563283
cursorjump,135,-45,0.5,10,NA,0,NA,0,1,0.5,FALSE,counter,1,"[0.010417,0.010417,0.010417,0.010417,0.008333,0.00625,0.00625,0,-0.002083,-0.00625,-0.008333,-0.010417,-0.0125,-0.0125,-0.0125,-0.0125,-0.0125,-0.0125,-0.0125,-0.0125,-0.0125,-0.0125,-0.0125,-0.0125,-0.0125,-0.0125,-0.0125,-0.0125,-0.0125,-0.0125,-0.0125,-0.0125,-0.0125,-0.0125,-0.0125,-0.0125,-0.0125,-0.0125,-0.0125,-0.0125,-0.0125,-0.0125,-0.0125,-0.0125,-0.0125,-0.0125,-0.0125,-0.0125,-0.0125,-0.0125,-0.0125,-0.0125,-0.0125,-0.0125,-0.0125,-0.0125,-0.0125,-0.0125,-0.0125,-0.010417,-0.010417,-0.010417,-0.010417,-0.010417,-0.010417,-0.010417,-0.010417,-0.010417,-0.010417,-0.010417,-0.010417,-0.010417,-0.010417,-0.010417,-0.010417,-0.010417,-0.010417,-0.010417,-0.010417,-0.008333,-0.008333,-0.008333,-0.008333,-0.008333,-0.008333,-0.010417,-0.008333,-0.008333,0,0.002083,0.010417,0.014583,0.022917,0.029167,0.045833,0.054167,0.072917,0.089583,0.102083,0.108333,0.116667,0.120833,0.129167,0.1375,0.147917,0.152083,0.160417,0.164583,0.170833,0.179167,0.1875,0.191667,0.2,0.202083,0.202083,0.202083,0.202083,0.202083,0.202083,0.202083,0.202083,0.202083,0.202083,0.202083,0.202083,0.202083,0.202083,0.202083,0.2,0.195833,0.18125,0.170833,0.145833,0.116667,0.104167,0.075,0.047917,0.033333,0.00625,-0.016667,-0.027083,-0.045833,-0.064583,-0.070833,-0.083333,-0.09375,-0.095833,-0.1,-0.104167,-0.104167,-0.104167,-0.104167,-0.104167,-0.104167,-0.104167,-0.104167,-0.104167,-0.104167,-0.10625,-0.10625,-0.104167,-0.1,-0.091667,-0.079167,-0.072917,-0.064583,-0.054167,-0.05,-0.04375,-0.0375]","[0.016889,0.016889,0.016889,0.016889,0.016889,0.016889,0.016889,0.013778,0.010667,0.007556,0.004444,0.004444,0.004444,0.001333,0.001333,0.001333,0.001333,0.001333,0.001333,0.001333,0.001333,0.001333,0.001333,0.001333,0.001333,0.001333,0.001333,0.001333,0.001333,0.001333,0.001333,0.001333,0.001333,0.001333,0.001333,0.001333,0.001333,0.001333,0.001333,0.001333,0.001333,0.001333,0.001333,0.001333,0.001333,0.001333,0.001333,0.001333,0.001333,0.001333,0.001333,0.001333,0.001333,0.001333,0.001333,0.001333,0.001333,0.001333,0.001333,0.001333,0.001333,0.001333,0.001333,0.001333,0.001333,0.001333,0.001333,0.001333,0.001333,0.001333,0.001333,0.001333,0.001333,0.001333,0.001333,0.001333,0.001333,0.001333,0.001333,0.001333,0.001333,0.001333,-0.001778,-0.001778,0.001333,0.004444,0.02,0.029333,0.054222,0.069778,0.107111,0.153778,0.209778,0.237778,0.296889,0.324889,0.380889,0.436889,0.489778,0.517778,0.567556,0.592444,0.639111,0.685778,0.732444,0.754222,0.794667,0.813333,0.850667,0.888,0.922222,0.940889,0.972,0.987556,1.003111,1.006222,1.006222,1.006222,1.006222,1.006222,1.006222,1.006222,1.006222,1.006222,1.006222,1.006222,1.003111,1,0.990667,0.978222,0.944,0.922222,0.869333,0.810222,0.779111,0.72,0.654667,0.623556,0.555111,0.496,0.464889,0.408889,0.359111,0.337333,0.296889,0.262667,0.250222,0.228444,0.212889,0.206667,0.197333,0.191111,0.191111,0.191111,0.188,0.188,0.181778,0.175556,0.169333,0.163111,0.150667,0.141333,0.116444,0.088444,0.072889,0.048,0.026222,0.016889,0.004444,-0.001778]","[0.0006,0.0167,0.0335,0.0498,0.0669,0.0835,0.1001,0.1168,0.1335,0.1501,0.1668,0.1836,0.2,0.2166,0.2332,0.2493,0.266,0.2836,0.2997,0.3164,0.3329,0.3496,0.366,0.3837,0.4003,0.4167,0.4337,0.4503,0.467,0.4834,0.4999,0.5173,0.5337,0.5499,0.5672,0.5832,0.6002,0.6167,0.6332,0.6498,0.6675,0.684,0.7002,0.7168,0.7336,0.7502,0.7665,0.7832,0.7998,0.8173,0.8339,0.8505,0.8668,0.8831,0.9008,0.9168,0.9331,0.951,0.9668,0.9834,0.9999,1.0176,1.0336,1.0497,1.0668,1.0833,1.0999,1.1175,1.1336,1.15,1.1674,1.1836,1.2002,1.2168,1.2331,1.2503,1.2671,1.2834,1.3003,1.3167,1.3338,1.35,1.367,1.3834,1.4,1.417,1.4347,1.4502,1.4667,1.4836,1.5004,1.518,1.5337,1.5513,1.567,1.5836,1.6007,1.6168,1.6337,1.6502,1.6673,1.6834,1.7005,1.7176,1.7342,1.7502,1.7673,1.7836,1.8005,1.8172,1.8342,1.8504,1.8674,1.8839,1.9007,1.9179,1.9342,1.9506,1.9672,1.984,2.0007,2.0175,2.0338,2.051,2.0672,2.0839,2.1011,2.1173,2.1343,2.1506,2.1673,2.1842,2.2009,2.2176,2.2347,2.2507,2.2676,2.2842,2.3009,2.3179,2.3339,2.3508,2.3675,2.3843,2.401,2.4175,2.4342,2.451,2.4677,2.4844,2.501,2.518,2.5342,2.5512,2.5677,2.5846,2.6012,2.6179,2.6347,2.6516,2.6679,2.6847,2.7009,2.7178,2.7348,2.7511,2.768,2.7847,2.8016,2.8177]","[1,1,1,1,1,1,1,1,1,1,1,1,1,1,1,1,1,1,1,1,1,1,1,1,1,1,1,1,1,1,1,1,1,1,1,1,1,1,1,1,1,1,1,1,1,1,1,1,1,1,1,1,1,1,1,1,1,1,1,1,1,1,1,1,1,1,1,1,1,1,1,1,1,1,1,1,1,1,1,1,1,1,1,1,1,1,1,1,1,1,1,1,1,1,1,1,1,1,1,1,1,1,1,1,1,1,1,1,1,1,1,2,2,2,2,2,2,2,2,2,2,2,2,2,2,2,2,2,2,2,2,2,2,2,2,2,2,2,2,2,2,2,2,2,2,2,2,2,2,2,2,2,2,2,2,2,2,2,2,2,2,2,2,2,2,2,2,2,2,2]",130,927.2554,4,272,0,272,0,1,229579,4,SV_73ADPjbMtd0KUBg,304,2022-03-02_15h06.07.165,implicit_time,2021.1.4,Linux x86_64,59.95563283
cursorjump,145,0,0,10,NA,0,NA,0,0,0.5,FALSE,counter,0,"[-0.00625,-0.010417,-0.014583,-0.014583,-0.016667,-0.016667,-0.016667,-0.01875,-0.01875,-0.01875,-0.020833,-0.022917,-0.022917,-0.022917,-0.022917,-0.022917,-0.022917,-0.022917,-0.022917,-0.022917,-0.022917,-0.022917,-0.022917,-0.022917,-0.022917,-0.022917,-0.022917,-0.022917,-0.022917,-0.022917,-0.022917,-0.022917,-0.022917,-0.022917,-0.022917,-0.025,-0.027083,-0.03125,-0.045833,-0.05625,-0.077083,-0.095833,-0.114583,-0.125,-0.145833,-0.15625,-0.183333,-0.2125,-0.24375,-0.258333,-0.2875,-0.302083,-0.329167,-0.354167,-0.379167,-0.391667,-0.416667,-0.43125,-0.458333,-0.485417,-0.508333,-0.51875,-0.5375,-0.547917,-0.564583,-0.572917,-0.5875,-0.59375,-0.59375,-0.589583,-0.583333,-0.579167,-0.579167,-0.577083,-0.570833,-0.566667,-0.552083,-0.541667,-0.535417,-0.520833,-0.504167,-0.49375,-0.472917,-0.458333,-0.43125,-0.397917,-0.358333,-0.3375,-0.29375,-0.25,-0.229167,-0.1875,-0.154167,-0.139583,-0.116667,-0.097917,-0.09375,-0.0875,-0.085417,-0.085417,-0.085417,-0.085417,-0.0875,-0.089583,-0.091667,-0.09375,-0.09375,-0.09375,-0.091667,-0.0875,-0.079167,-0.075,-0.064583,-0.054167,-0.047917,-0.039583,-0.033333]","[0.016889,0.010667,0.010667,0.007556,0.007556,0.007556,0.007556,0.007556,0.007556,0.004444,0.004444,0.001333,0.001333,0.001333,0.001333,0.001333,0.001333,0.001333,0.001333,0.001333,0.001333,0.001333,0.001333,0.001333,0.001333,0.001333,0.001333,0.001333,0.001333,0.001333,0.001333,0.001333,0.001333,0.001333,0.001333,0.001333,0.001333,-0.001778,-0.001778,-0.001778,0.001333,0.004444,0.010667,0.010667,0.007556,0.004444,-0.004889,-0.017333,-0.032889,-0.039111,-0.060889,-0.073333,-0.107556,-0.148,-0.194667,-0.219556,-0.269333,-0.294222,-0.347111,-0.406222,-0.465333,-0.493333,-0.549333,-0.574222,-0.630222,-0.655111,-0.711111,-0.773333,-0.841778,-0.876,-0.932,-0.953778,-0.953778,-0.953778,-0.956889,-0.96,-0.966222,-0.972444,-0.969333,-0.947556,-0.904,-0.879111,-0.816889,-0.782667,-0.701778,-0.608444,-0.508889,-0.459111,-0.372,-0.297333,-0.266222,-0.213333,-0.169778,-0.151111,-0.12,-0.095111,-0.085778,-0.076444,-0.076444,-0.076444,-0.076444,-0.076444,-0.079556,-0.085778,-0.092,-0.092,-0.092,-0.092,-0.092,-0.082667,-0.073333,-0.067111,-0.057778,-0.045333,-0.036,-0.023556,-0.014222]","[0.0003,0.0165,0.0334,0.0496,0.0666,0.0835,0.0997,0.1166,0.1337,0.15,0.1673,0.1833,0.2006,0.2165,0.2336,0.2496,0.2665,0.2835,0.3006,0.3167,0.3336,0.3503,0.3673,0.3831,0.4003,0.4164,0.4335,0.4505,0.4665,0.4837,0.5006,0.5167,0.5336,0.5504,0.5666,0.5838,0.601,0.6171,0.6341,0.6503,0.6674,0.6833,0.7004,0.7169,0.7338,0.7507,0.7669,0.7842,0.8004,0.8174,0.8338,0.851,0.867,0.8837,0.9008,0.9171,0.9341,0.9503,0.9675,0.9837,1.001,1.0172,1.0341,1.0506,1.0671,1.0838,1.1005,1.1172,1.1341,1.1511,1.1671,1.1842,1.2013,1.2172,1.2343,1.2505,1.2676,1.2846,1.3006,1.3176,1.334,1.3509,1.3678,1.3839,1.4008,1.4178,1.4342,1.4514,1.4678,1.484,1.501,1.5183,1.5344,1.5514,1.5676,1.5847,1.6007,1.6177,1.6349,1.6512,1.6683,1.6842,1.7011,1.7181,1.7351,1.7512,1.7685,1.7843,1.8013,1.8183,1.8345,1.8517,1.8678,1.8848,1.9017,1.9178,1.9349]","[1,1,1,1,1,1,1,1,1,1,1,1,1,1,1,1,1,1,1,1,1,1,1,1,1,1,1,1,1,1,1,1,1,1,1,1,1,1,1,1,1,1,1,1,1,1,1,1,1,1,1,1,1,1,1,1,1,1,1,1,1,1,1,1,1,1,1,2,2,2,2,2,2,2,2,2,2,2,2,2,2,2,2,2,2,2,2,2,2,2,2,2,2,2,2,2,2,2,2,2,2,2,2,2,2,2,2,2,2,2,2,2,2,2,2,2,2]",130,931.0422,4,273,0,273,0,1,229579,4,SV_73ADPjbMtd0KUBg,304,2022-03-02_15h06.07.165,implicit_time,2021.1.4,Linux x86_64,59.95563283
cursorjump,225,-45,0.5,10,NA,0,NA,0,1,0.5,FALSE,counter,1,"[-0.008333,-0.008333,-0.008333,-0.008333,-0.008333,-0.008333,-0.008333,-0.008333,-0.008333,-0.008333,-0.008333,-0.008333,-0.008333,-0.00625,-0.004167,-0.004167,-0.004167,-0.002083,-0.002083,0,0,0.002083,0.002083,0.002083,0.002083,0.004167,0.004167,0.004167,0.004167,0.004167,0.004167,0.004167,0.004167,0.004167,0.004167,0.004167,0.004167,0.004167,0.004167,0.004167,0.004167,0.004167,0.004167,0.004167,0.004167,0.004167,0.004167,0.004167,0.004167,0.004167,0.004167,0.002083,0.002083,0.002083,0.002083,0.002083,0.002083,0.002083,0.002083,0.002083,0.002083,0,-0.002083,-0.00625,-0.010417,-0.014583,-0.022917,-0.03125,-0.0375,-0.052083,-0.070833,-0.095833,-0.108333,-0.1375,-0.152083,-0.183333,-0.2125,-0.225,-0.25,-0.272917,-0.28125,-0.297917,-0.310417,-0.31875,-0.322917,-0.325,-0.327083,-0.327083,-0.327083,-0.329167,-0.33125,-0.333333,-0.333333,-0.333333,-0.333333,-0.333333,-0.333333,-0.333333,-0.333333,-0.333333,-0.333333,-0.333333,-0.333333,-0.333333,-0.333333,-0.33125,-0.327083,-0.31875,-0.314583,-0.3,-0.291667,-0.272917,-0.25,-0.220833,-0.202083,-0.164583,-0.14375,-0.102083,-0.0625,-0.022917,-0.004167,0.035417,0.054167,0.095833,0.116667,0.175,0.191667,0.21875,0.227083,0.239583,0.24375,0.245833,0.241667,0.233333,0.225,0.20625,0.195833,0.177083,0.160417,0.15,0.145833,0.1375,0.127083,0.120833,0.104167,0.0875,0.08125,0.06875,0.060417,0.054167,0.04375,0.035417,0.03125,0.025,0.01875]","[-0.004889,-0.004889,-0.004889,-0.004889,-0.004889,-0.004889,-0.004889,-0.004889,-0.004889,-0.004889,-0.004889,-0.004889,-0.004889,-0.004889,-0.004889,-0.004889,-0.004889,-0.004889,-0.004889,-0.001778,-0.001778,-0.001778,-0.001778,-0.001778,-0.001778,-0.001778,-0.001778,-0.001778,-0.001778,-0.001778,-0.001778,-0.001778,-0.001778,-0.001778,-0.001778,-0.001778,-0.001778,-0.001778,-0.001778,-0.001778,-0.001778,-0.001778,-0.001778,-0.001778,-0.001778,-0.001778,-0.001778,-0.001778,-0.001778,-0.001778,-0.001778,-0.001778,-0.001778,-0.001778,-0.001778,-0.001778,-0.001778,-0.001778,-0.001778,-0.001778,-0.004889,-0.008,-0.011111,-0.023556,-0.039111,-0.045333,-0.064,-0.082667,-0.092,-0.126222,-0.166667,-0.216444,-0.244444,-0.303556,-0.337778,-0.412444,-0.490222,-0.530667,-0.602222,-0.664444,-0.695556,-0.751556,-0.804444,-0.851111,-0.876,-0.919556,-0.938222,-0.978667,-1.012889,-1.025333,-1.044,-1.050222,-1.050222,-1.050222,-1.050222,-1.050222,-1.050222,-1.050222,-1.053333,-1.053333,-1.053333,-1.053333,-1.053333,-1.053333,-1.053333,-1.050222,-1.047111,-1.040889,-1.037778,-1.022222,-1.009778,-0.978667,-0.935111,-0.882222,-0.854222,-0.792,-0.757778,-0.683111,-0.605333,-0.527556,-0.493333,-0.434222,-0.409333,-0.365778,-0.344,-0.278667,-0.26,-0.225778,-0.213333,-0.191556,-0.182222,-0.160444,-0.138667,-0.12,-0.110667,-0.098222,-0.092,-0.085778,-0.079556,-0.073333,-0.070222,-0.064,-0.060889,-0.060889,-0.060889,-0.060889,-0.060889,-0.057778,-0.054667,-0.054667,-0.051556,-0.048444,-0.048444,-0.042222,-0.036]","[0.0004,0.0167,0.0329,0.0499,0.0662,0.083,0.1002,0.1162,0.1331,0.1501,0.1664,0.1833,0.2005,0.2166,0.2336,0.2497,0.2666,0.2837,0.2998,0.3169,0.3338,0.3499,0.3667,0.3837,0.3997,0.4167,0.4335,0.4503,0.4673,0.4834,0.5,0.517,0.534,0.5501,0.5669,0.5838,0.6008,0.6167,0.6334,0.6504,0.6671,0.6834,0.7005,0.7174,0.7342,0.75,0.7671,0.7839,0.8,0.8171,0.8339,0.8508,0.8669,0.8837,0.9008,0.9168,0.9335,0.9508,0.9678,0.9839,1.0008,1.0169,1.0338,1.0507,1.0679,1.084,1.1009,1.1172,1.1341,1.1512,1.1674,1.1846,1.2007,1.2178,1.2339,1.2554,1.2676,1.2838,1.301,1.3179,1.3338,1.351,1.3682,1.3841,1.4009,1.4178,1.4339,1.4507,1.4678,1.484,1.5009,1.5178,1.5347,1.5506,1.5675,1.5846,1.6015,1.6174,1.6344,1.6515,1.6676,1.6847,1.7008,1.7177,1.7347,1.7517,1.7678,1.7849,1.8009,1.8179,1.8349,1.8509,1.868,1.8851,1.9009,1.9178,1.9348,1.9518,1.968,1.9849,2.0017,2.0177,2.0347,2.0518,2.0679,2.0849,2.1018,2.1178,2.1346,2.1516,2.1677,2.1849,2.202,2.218,2.235,2.252,2.268,2.285,2.3019,2.3177,2.3347,2.3517,2.3687,2.3847,2.4015,2.4186,2.4354,2.4516,2.4687,2.4849,2.502,2.518,2.535,2.552,2.5686]","[1,1,1,1,1,1,1,1,1,1,1,1,1,1,1,1,1,1,1,1,1,1,1,1,1,1,1,1,1,1,1,1,1,1,1,1,1,1,1,1,1,1,1,1,1,1,1,1,1,1,1,1,1,1,1,1,1,1,1,1,1,1,1,1,1,1,1,1,1,1,1,1,1,1,1,1,1,1,1,1,1,1,1,1,1,2,2,2,2,2,2,2,2,2,2,2,2,2,2,2,2,2,2,2,2,2,2,2,2,2,2,2,2,2,2,2,2,2,2,2,2,2,2,2,2,2,2,2,2,2,2,2,2,2,2,2,2,2,2,2,2,2,2,2,2,2,2,2,2,2,2,2,2,2,2]",130,934.1283,4,274,0,274,0,1,229579,4,SV_73ADPjbMtd0KUBg,304,2022-03-02_15h06.07.165,implicit_time,2021.1.4,Linux x86_64,59.95563283
cursorjump,215,0,0,10,NA,0,NA,0,0,0.5,FALSE,counter,0,"[-0.014583,-0.014583,-0.014583,-0.014583,-0.014583,-0.014583,-0.014583,-0.014583,-0.014583,-0.014583,-0.014583,-0.014583,-0.014583,-0.014583,-0.014583,-0.014583,-0.014583,-0.014583,-0.014583,-0.014583,-0.014583,-0.014583,-0.014583,-0.014583,-0.014583,-0.014583,-0.014583,-0.014583,-0.014583,-0.014583,-0.014583,-0.014583,-0.014583,-0.016667,-0.020833,-0.025,-0.027083,-0.033333,-0.0375,-0.045833,-0.060417,-0.085417,-0.102083,-0.133333,-0.15,-0.18125,-0.210417,-0.239583,-0.252083,-0.277083,-0.289583,-0.3125,-0.33125,-0.347917,-0.35625,-0.36875,-0.372917,-0.383333,-0.395833,-0.40625,-0.4125,-0.427083,-0.43125,-0.441667,-0.447917,-0.45,-0.45,-0.45,-0.447917,-0.447917,-0.44375,-0.433333,-0.427083,-0.4125,-0.40625,-0.395833,-0.383333,-0.372917,-0.35,-0.320833,-0.304167,-0.26875,-0.23125,-0.2125,-0.179167,-0.15,-0.1375,-0.114583,-0.1,-0.095833,-0.0875,-0.083333,-0.083333,-0.079167,-0.075,-0.070833,-0.066667,-0.0625,-0.060417,-0.060417,-0.058333,-0.05625,-0.054167,-0.05,-0.045833,-0.041667,-0.035417,-0.033333,-0.029167,-0.025]","[-0.001778,-0.001778,-0.001778,-0.001778,-0.001778,-0.001778,-0.001778,-0.001778,-0.001778,-0.001778,-0.001778,-0.001778,-0.001778,-0.001778,-0.001778,-0.001778,-0.001778,-0.001778,-0.001778,-0.001778,-0.001778,-0.001778,-0.001778,-0.001778,-0.001778,-0.001778,-0.001778,-0.001778,-0.001778,-0.001778,-0.001778,-0.001778,-0.001778,-0.004889,-0.011111,-0.020444,-0.023556,-0.036,-0.045333,-0.070222,-0.110667,-0.169778,-0.204,-0.275556,-0.309778,-0.378222,-0.452889,-0.530667,-0.568,-0.639556,-0.670667,-0.726667,-0.776444,-0.816889,-0.832444,-0.860444,-0.869778,-0.885333,-0.900889,-0.916444,-0.925778,-0.947556,-0.96,-0.984889,-1.006667,-1.012889,-1.012889,-1.012889,-1.012889,-1.012889,-1.012889,-1.006667,-1.000444,-0.975556,-0.950667,-0.891556,-0.816889,-0.776444,-0.695556,-0.617778,-0.577333,-0.499556,-0.431111,-0.4,-0.347111,-0.303556,-0.281778,-0.247556,-0.216444,-0.207111,-0.185333,-0.169778,-0.160444,-0.138667,-0.12,-0.110667,-0.098222,-0.092,-0.088889,-0.088889,-0.085778,-0.085778,-0.082667,-0.079556,-0.073333,-0.067111,-0.054667,-0.048444,-0.032889,-0.020444]","[0.0002,0.0165,0.0334,0.0502,0.0664,0.0834,0.0999,0.1171,0.1332,0.1497,0.1668,0.1829,0.1998,0.2167,0.2338,0.2497,0.2666,0.2837,0.3005,0.3167,0.3337,0.3503,0.3664,0.3833,0.4002,0.4171,0.4338,0.45,0.4671,0.4831,0.5001,0.517,0.5339,0.5499,0.5671,0.584,0.5999,0.6169,0.634,0.6503,0.6674,0.6837,0.7007,0.7168,0.7341,0.7504,0.7673,0.7836,0.8008,0.8168,0.834,0.8501,0.8669,0.8839,0.9003,0.9176,0.9337,0.9504,0.9674,0.9838,1.001,1.0171,1.0342,1.0503,1.0673,1.0843,1.1004,1.1176,1.1337,1.1511,1.1672,1.1841,1.2006,1.2174,1.234,1.2506,1.2678,1.2841,1.3006,1.3175,1.3339,1.3508,1.3678,1.3838,1.4009,1.4182,1.4343,1.4512,1.4672,1.4842,1.501,1.5181,1.5342,1.5513,1.5674,1.5843,1.6013,1.6175,1.6348,1.651,1.6681,1.684,1.7013,1.7175,1.7348,1.7508,1.7679,1.7849,1.8011,1.8182]","[1,1,1,1,1,1,1,1,1,1,1,1,1,1,1,1,1,1,1,1,1,1,1,1,1,1,1,1,1,1,1,1,1,1,1,1,1,1,1,1,1,1,1,1,1,1,1,1,1,1,1,1,1,1,1,1,1,2,2,2,2,2,2,2,2,2,2,2,2,2,2,2,2,2,2,2,2,2,2,2,2,2,2,2,2,2,2,2,2,2,2,2,2,2,2,2,2,2,2,2,2,2,2,2,2,2,2,2,2,2]",130,936.4627,4,275,0,275,0,1,229579,4,SV_73ADPjbMtd0KUBg,304,2022-03-02_15h06.07.165,implicit_time,2021.1.4,Linux x86_64,59.95563283
cursorjump,45,-45,0.5,10,NA,0,NA,0,1,0.5,FALSE,counter,1,"[-0.014583,-0.014583,-0.014583,-0.014583,-0.014583,-0.014583,-0.014583,-0.014583,-0.014583,-0.014583,-0.014583,-0.014583,-0.014583,-0.014583,-0.014583,-0.014583,-0.014583,-0.014583,-0.014583,-0.014583,-0.014583,-0.014583,-0.014583,-0.014583,-0.014583,-0.014583,-0.014583,-0.014583,-0.014583,-0.014583,-0.014583,-0.014583,-0.014583,-0.014583,-0.014583,-0.014583,-0.014583,-0.014583,-0.014583,-0.014583,-0.014583,-0.014583,-0.014583,-0.014583,-0.014583,-0.014583,-0.014583,-0.014583,-0.014583,-0.014583,-0.014583,-0.014583,-0.014583,-0.014583,-0.014583,-0.014583,-0.014583,-0.014583,-0.014583,-0.014583,-0.014583,-0.014583,-0.014583,-0.014583,-0.014583,-0.014583,-0.014583,-0.014583,-0.014583,-0.014583,-0.014583,-0.014583,-0.014583,-0.014583,-0.014583,-0.014583,-0.014583,-0.014583,-0.014583,-0.014583,-0.0125,-0.00625,0.004167,0.01875,0.027083,0.052083,0.070833,0.116667,0.177083,0.24375,0.279167,0.35,0.389583,0.472917,0.558333,0.639583,0.679167,0.754167,0.789583,0.854167,0.9125,0.964583,0.9875,1.022917,1.033333,1.04375,1.04375,1.045833,1.045833,1.047917,1.047917,1.05,1.047917,1.041667,1.0375,1.033333,1.03125,1.029167,1.025,1.0125,1.002083,0.96875,0.947917,0.902083,0.852083,0.802083,0.775,0.720833,0.691667,0.63125,0.575,0.53125,0.514583,0.485417,0.472917,0.45,0.43125,0.416667,0.410417,0.4,0.395833,0.385417,0.370833,0.352083,0.339583,0.310417,0.295833,0.266667,0.233333,0.216667,0.179167,0.14375,0.125,0.09375,0.066667,0.054167,0.03125,0.0125,0.004167,-0.00625,-0.010417,-0.010417,-0.010417,-0.010417,-0.010417,-0.010417,-0.010417,-0.0125,-0.014583,-0.01875,-0.020833,-0.022917,-0.022917,-0.020833]","[0.001333,0.001333,0.001333,0.001333,0.001333,0.001333,0.001333,0.001333,0.001333,0.001333,0.001333,0.001333,0.001333,0.001333,0.001333,0.001333,0.001333,0.001333,0.001333,0.001333,0.001333,0.001333,0.001333,0.001333,0.001333,0.001333,0.001333,0.001333,0.001333,0.001333,0.001333,0.001333,0.001333,0.001333,0.001333,0.001333,0.001333,0.001333,0.001333,0.001333,0.001333,0.001333,0.001333,0.001333,0.001333,0.001333,0.001333,0.001333,0.001333,0.001333,0.001333,0.001333,0.001333,0.001333,0.001333,0.001333,0.001333,0.001333,0.001333,0.001333,0.001333,0.001333,0.001333,0.001333,0.001333,0.001333,0.001333,0.001333,0.001333,0.001333,0.001333,0.001333,0.001333,0.001333,0.001333,0.001333,0.001333,0.001333,0.001333,0.001333,0.001333,0.004444,0.013778,0.02,0.023111,0.035556,0.044889,0.060444,0.079111,0.094667,0.104,0.125778,0.135111,0.16,0.181778,0.200444,0.212889,0.234667,0.244,0.265778,0.281333,0.296889,0.303111,0.312444,0.312444,0.312444,0.309333,0.3,0.3,0.296889,0.296889,0.296889,0.296889,0.296889,0.296889,0.296889,0.296889,0.296889,0.296889,0.296889,0.3,0.306222,0.312444,0.324889,0.343556,0.362222,0.371556,0.380889,0.380889,0.380889,0.374667,0.371556,0.368444,0.365333,0.362222,0.356,0.352889,0.349778,0.346667,0.343556,0.343556,0.340444,0.337333,0.334222,0.331111,0.324889,0.321778,0.315556,0.303111,0.296889,0.281333,0.265778,0.256444,0.240889,0.225333,0.219111,0.206667,0.194222,0.188,0.178667,0.172444,0.169333,0.163111,0.150667,0.144444,0.128889,0.110222,0.100889,0.079111,0.060444,0.054222,0.044889,0.035556,0.032444]","[0.0005,0.0167,0.0336,0.0505,0.0665,0.0835,0.0998,0.1166,0.1335,0.1504,0.1663,0.1831,0.2,0.2169,0.2335,0.2497,0.2671,0.2831,0.3004,0.3165,0.3336,0.3497,0.3668,0.3836,0.4006,0.4165,0.4336,0.4507,0.4668,0.4839,0.5,0.517,0.5339,0.5501,0.5668,0.5837,0.6005,0.6168,0.6338,0.65,0.6672,0.6832,0.7003,0.7172,0.7335,0.7508,0.7669,0.784,0.8,0.8169,0.8338,0.8508,0.8671,0.8842,0.9002,0.9175,0.9337,0.9508,0.9669,0.9842,1.0004,1.0174,1.0337,1.0508,1.067,1.0841,1.1012,1.1173,1.1344,1.1504,1.1676,1.1835,1.2004,1.2173,1.2344,1.2508,1.2679,1.284,1.3009,1.3179,1.334,1.3512,1.3674,1.3843,1.4012,1.4172,1.4344,1.4515,1.4675,1.4843,1.5012,1.5175,1.5347,1.5508,1.5679,1.5847,1.6016,1.6177,1.635,1.6511,1.6682,1.6844,1.7016,1.7178,1.735,1.7511,1.7681,1.7842,1.8011,1.8182,1.835,1.851,1.8678,1.8848,1.9011,1.9182,1.9343,1.9513,1.9682,1.9844,2.0015,2.0177,2.0349,2.0517,2.0687,2.0847,2.1016,2.1177,2.1348,2.1517,2.1686,2.1847,2.2017,2.218,2.2353,2.2514,2.2686,2.2848,2.3019,2.3181,2.3352,2.3516,2.3683,2.3851,2.4021,2.4183,2.4353,2.4515,2.4686,2.4849,2.502,2.519,2.5351,2.5522,2.5682,2.5855,2.6017,2.6188,2.6351,2.6523,2.6684,2.6855,2.7024,2.7184,2.7354,2.7516,2.7688,2.7849,2.8019,2.8191,2.8353,2.8523,2.8693,2.8854]","[1,1,1,1,1,1,1,1,1,1,1,1,1,1,1,1,1,1,1,1,1,1,1,1,1,1,1,1,1,1,1,1,1,1,1,1,1,1,1,1,1,1,1,1,1,1,1,1,1,1,1,1,1,1,1,1,1,1,1,1,1,1,1,1,1,1,1,1,1,1,1,1,1,1,1,1,1,1,1,1,1,1,1,1,1,1,1,1,1,1,1,1,1,1,1,1,1,1,1,1,1,2,2,2,2,2,2,2,2,2,2,2,2,2,2,2,2,2,2,2,2,2,2,2,2,2,2,2,2,2,2,2,2,2,2,2,2,2,2,2,2,2,2,2,2,2,2,2,2,2,2,2,2,2,2,2,2,2,2,2,2,2,2,2,2,2,2,2,2,2,2,2,2,2]",130,939.8657,4,276,0,276,0,1,229579,4,SV_73ADPjbMtd0KUBg,304,2022-03-02_15h06.07.165,implicit_time,2021.1.4,Linux x86_64,59.95563283
cursorjump,35,0,0,10,NA,0,NA,0,0,0.5,FALSE,counter,0,"[-0.014583,-0.014583,-0.014583,-0.014583,-0.014583,-0.014583,-0.014583,-0.014583,-0.014583,-0.014583,-0.0125,-0.0125,-0.0125,-0.0125,-0.0125,-0.0125,-0.0125,-0.0125,-0.0125,-0.0125,-0.0125,-0.0125,-0.0125,-0.0125,-0.0125,-0.0125,-0.014583,-0.014583,-0.014583,-0.014583,-0.014583,-0.014583,-0.0125,-0.0125,-0.0125,-0.0125,-0.0125,-0.0125,-0.0125,-0.0125,-0.0125,-0.0125,-0.014583,-0.016667,-0.01875,-0.01875,-0.01875,-0.016667,-0.004167,0.01875,0.03125,0.0625,0.104167,0.129167,0.183333,0.2125,0.275,0.34375,0.410417,0.44375,0.5,0.547917,0.56875,0.608333,0.64375,0.658333,0.683333,0.691667,0.70625,0.7125,0.716667,0.71875,0.722917,0.725,0.725,0.729167,0.739583,0.745833,0.766667,0.785417,0.79375,0.814583,0.827083,0.847917,0.85625,0.858333,0.858333,0.858333,0.858333,0.858333,0.852083,0.841667,0.835417,0.816667,0.804167,0.76875,0.71875,0.658333,0.625,0.554167,0.516667,0.435417,0.352083,0.279167,0.247917,0.19375,0.16875,0.116667,0.06875,0.027083,0.010417,-0.016667,-0.027083,-0.04375,-0.054167,-0.060417,-0.060417,-0.060417,-0.058333,-0.054167,-0.05,-0.047917,-0.047917,-0.045833,-0.045833,-0.045833,-0.045833,-0.04375,-0.04375,-0.04375,-0.04375,-0.04375,-0.041667,-0.041667,-0.039583]","[0.007556,0.007556,0.007556,0.007556,0.007556,0.007556,0.007556,0.007556,0.007556,0.007556,0.007556,0.007556,0.007556,0.007556,0.007556,0.007556,0.007556,0.007556,0.007556,0.007556,0.007556,0.010667,0.010667,0.010667,0.010667,0.010667,0.010667,0.010667,0.010667,0.010667,0.010667,0.010667,0.010667,0.010667,0.010667,0.010667,0.010667,0.010667,0.010667,0.010667,0.010667,0.010667,0.007556,0.007556,0.007556,0.007556,0.007556,0.007556,0.013778,0.026222,0.038667,0.069778,0.116444,0.138222,0.184889,0.206667,0.247111,0.290667,0.334222,0.359111,0.399556,0.433778,0.449333,0.477333,0.502222,0.514667,0.530222,0.536444,0.545778,0.548889,0.552,0.552,0.555111,0.555111,0.555111,0.558222,0.567556,0.573778,0.589333,0.601778,0.608,0.620444,0.626667,0.642222,0.648444,0.648444,0.645333,0.648444,0.648444,0.648444,0.648444,0.651556,0.648444,0.642222,0.639111,0.623556,0.601778,0.573778,0.558222,0.517778,0.492889,0.433778,0.368444,0.303111,0.272,0.222222,0.197333,0.150667,0.107111,0.069778,0.057333,0.041778,0.035556,0.029333,0.026222,0.023111,0.023111,0.023111,0.026222,0.029333,0.032444,0.032444,0.032444,0.032444,0.032444,0.032444,0.032444,0.029333,0.026222,0.016889,0.013778,0.004444,0.001333,-0.001778,-0.004889]","[0.0002,0.0169,0.0338,0.0501,0.0672,0.0831,0.1001,0.1172,0.1331,0.1498,0.1669,0.1839,0.2001,0.2171,0.2341,0.2499,0.2668,0.2839,0.3,0.3168,0.3339,0.3509,0.3667,0.3837,0.4009,0.417,0.4341,0.4501,0.4672,0.4843,0.5004,0.5173,0.5343,0.5504,0.5676,0.5837,0.6008,0.6178,0.6338,0.6508,0.6669,0.6836,0.7005,0.7177,0.7338,0.7507,0.7675,0.7837,0.8009,0.8179,0.8338,0.8508,0.8671,0.8843,0.9006,0.9172,0.9345,0.9506,0.9671,0.9841,1.0006,1.0176,1.034,1.0512,1.0674,1.084,1.1012,1.1173,1.1344,1.1508,1.1673,1.1845,1.2009,1.2178,1.234,1.2514,1.2688,1.2843,1.3008,1.3178,1.3342,1.3512,1.3675,1.3848,1.4011,1.4175,1.4346,1.4511,1.4675,1.4844,1.5014,1.5178,1.5349,1.5512,1.5684,1.5846,1.6009,1.6182,1.6345,1.6518,1.6681,1.6844,1.701,1.7182,1.7345,1.7516,1.7677,1.7845,1.8015,1.8186,1.8348,1.8521,1.8682,1.8854,1.9016,1.9178,1.9349,1.9512,1.9684,1.9845,2.0015,2.0186,2.0349,2.0521,2.0681,2.0851,2.1013,2.1185,2.1347,2.1517,2.1688,2.1847,2.2019,2.218,2.2353]","[1,1,1,1,1,1,1,1,1,1,1,1,1,1,1,1,1,1,1,1,1,1,1,1,1,1,1,1,1,1,1,1,1,1,1,1,1,1,1,1,1,1,1,1,1,1,1,1,1,1,1,1,1,1,1,1,1,1,1,1,1,1,1,1,1,1,1,1,1,1,1,1,1,1,1,1,1,1,2,2,2,2,2,2,2,2,2,2,2,2,2,2,2,2,2,2,2,2,2,2,2,2,2,2,2,2,2,2,2,2,2,2,2,2,2,2,2,2,2,2,2,2,2,2,2,2,2,2,2,2,2,2,2,2,2]",130,942.6173,4,277,0,277,0,1,229579,4,SV_73ADPjbMtd0KUBg,304,2022-03-02_15h06.07.165,implicit_time,2021.1.4,Linux x86_64,59.95563283
cursorjump,315,-45,0.5,10,NA,0,NA,0,1,0.5,FALSE,counter,1,"[-0.033333,-0.033333,-0.033333,-0.033333,-0.033333,-0.033333,-0.033333,-0.033333,-0.033333,-0.033333,-0.033333,-0.033333,-0.033333,-0.033333,-0.033333,-0.033333,-0.033333,-0.033333,-0.033333,-0.033333,-0.033333,-0.033333,-0.033333,-0.033333,-0.033333,-0.033333,-0.033333,-0.033333,-0.033333,-0.033333,-0.033333,-0.033333,-0.033333,-0.033333,-0.033333,-0.033333,-0.033333,-0.033333,-0.033333,-0.033333,-0.033333,-0.033333,-0.033333,-0.033333,-0.033333,-0.033333,-0.033333,-0.033333,-0.033333,-0.033333,-0.033333,-0.033333,-0.033333,-0.033333,-0.033333,-0.033333,-0.033333,-0.033333,-0.033333,-0.033333,-0.03125,-0.029167,-0.022917,-0.0125,-0.004167,0.014583,0.027083,0.058333,0.1,0.15,0.179167,0.239583,0.270833,0.3375,0.402083,0.466667,0.5,0.570833,0.60625,0.677083,0.741667,0.795833,0.820833,0.86875,0.891667,0.93125,0.964583,0.991667,1.004167,1.029167,1.039583,1.060417,1.077083,1.085417,1.0875,1.0875,1.08125,1.077083,1.06875,1.060417,1.058333,1.054167,1.052083,1.052083,1.05,1.047917,1.047917,1.047917,1.047917,1.045833,1.041667,1.03125,1.022917,1,0.985417,0.941667,0.889583,0.833333,0.802083,0.735417,0.702083,0.635417,0.583333,0.547917,0.533333,0.508333,0.497917,0.472917,0.447917,0.433333,0.402083,0.364583,0.345833,0.314583,0.2875,0.272917,0.239583,0.202083,0.166667,0.152083,0.129167,0.11875,0.095833,0.06875,0.041667,0.03125,0.014583,0.010417,0.010417,0.0125,0.016667,0.020833,0.027083,0.03125,0.035417,0.033333,0.025,0.020833,0.014583,0.0125,0.010417,0.010417,0.010417,0.010417,0.010417,0.010417,0.0125,0.0125,0.010417,0.010417,0.00625,0.002083,-0.002083,-0.008333,-0.0125,-0.016667,-0.020833,-0.022917,-0.025]","[-0.011111,-0.011111,-0.011111,-0.011111,-0.011111,-0.011111,-0.011111,-0.011111,-0.011111,-0.011111,-0.011111,-0.011111,-0.011111,-0.011111,-0.011111,-0.011111,-0.011111,-0.011111,-0.011111,-0.011111,-0.011111,-0.011111,-0.011111,-0.011111,-0.011111,-0.011111,-0.011111,-0.011111,-0.011111,-0.011111,-0.011111,-0.011111,-0.011111,-0.011111,-0.011111,-0.011111,-0.011111,-0.011111,-0.011111,-0.011111,-0.011111,-0.011111,-0.011111,-0.011111,-0.011111,-0.011111,-0.011111,-0.011111,-0.011111,-0.011111,-0.011111,-0.011111,-0.011111,-0.011111,-0.011111,-0.011111,-0.011111,-0.011111,-0.011111,-0.011111,-0.011111,-0.014222,-0.017333,-0.020444,-0.020444,-0.026667,-0.029778,-0.039111,-0.048444,-0.057778,-0.064,-0.070222,-0.076444,-0.092,-0.107556,-0.123111,-0.126222,-0.135556,-0.138667,-0.141778,-0.151111,-0.163556,-0.172889,-0.191556,-0.200889,-0.222667,-0.241333,-0.256889,-0.26,-0.269333,-0.272444,-0.281778,-0.291111,-0.297333,-0.300444,-0.303556,-0.309778,-0.312889,-0.322222,-0.331556,-0.334667,-0.337778,-0.340889,-0.340889,-0.340889,-0.344,-0.344,-0.344,-0.344,-0.340889,-0.334667,-0.328444,-0.322222,-0.306667,-0.294222,-0.263111,-0.225778,-0.179111,-0.154222,-0.095111,-0.064,0.007556,0.072889,0.132,0.156889,0.200444,0.219111,0.256444,0.287556,0.303111,0.321778,0.328,0.331111,0.331111,0.331111,0.331111,0.328,0.318667,0.309333,0.306222,0.303111,0.3,0.293778,0.281333,0.268889,0.262667,0.250222,0.247111,0.240889,0.228444,0.209778,0.197333,0.175556,0.163111,0.138222,0.113333,0.094667,0.088444,0.079111,0.079111,0.079111,0.079111,0.079111,0.079111,0.079111,0.079111,0.082222,0.082222,0.079111,0.079111,0.072889,0.066667,0.060444,0.054222,0.051111,0.048,0.038667,0.035556,0.026222]","[0.0001,0.0164,0.0335,0.0495,0.0666,0.0829,0.1,0.1168,0.1337,0.1499,0.1671,0.1831,0.2,0.2169,0.2331,0.2504,0.2663,0.2835,0.2996,0.3166,0.333,0.3502,0.3661,0.383,0.4,0.4165,0.4331,0.4499,0.467,0.4832,0.4999,0.517,0.5331,0.5503,0.5664,0.5834,0.6005,0.6165,0.6338,0.65,0.667,0.6832,0.7,0.7171,0.7333,0.7502,0.7672,0.784,0.8001,0.8171,0.8342,0.8503,0.8674,0.8832,0.9004,0.9173,0.9336,0.9508,0.9669,0.9837,1.0006,1.0169,1.0341,1.0502,1.067,1.084,1.1004,1.1176,1.1338,1.151,1.1672,1.1844,1.2006,1.2175,1.2343,1.2512,1.2671,1.2839,1.3008,1.318,1.3341,1.351,1.3678,1.3838,1.4009,1.4181,1.4342,1.4506,1.4675,1.4845,1.5007,1.518,1.5342,1.551,1.5681,1.5843,1.6014,1.6177,1.6349,1.6511,1.668,1.6842,1.7014,1.7175,1.7347,1.7505,1.7675,1.7848,1.8009,1.8181,1.8342,1.851,1.868,1.8841,1.901,1.9179,1.9347,1.9516,1.9678,1.985,2.0012,2.0184,2.0345,2.0512,2.0682,2.0846,2.101,2.118,2.1351,2.1512,2.1681,2.185,2.2013,2.2183,2.2352,2.2513,2.2684,2.2847,2.3019,2.3181,2.3349,2.3519,2.3682,2.3854,2.4013,2.4181,2.4351,2.4521,2.4683,2.4856,2.5017,2.5189,2.5348,2.5518,2.569,2.5852,2.6015,2.6185,2.6355,2.6517,2.669,2.6852,2.7022,2.7183,2.7352,2.7517,2.7689,2.7853,2.8023,2.8186,2.8355,2.8519,2.8692,2.8854,2.902,2.9188,2.9358,2.9521,2.9692]","[1,1,1,1,1,1,1,1,1,1,1,1,1,1,1,1,1,1,1,1,1,1,1,1,1,1,1,1,1,1,1,1,1,1,1,1,1,1,1,1,1,1,1,1,1,1,1,1,1,1,1,1,1,1,1,1,1,1,1,1,1,1,1,1,1,1,1,1,1,1,1,1,1,1,1,1,1,1,1,1,1,1,1,1,1,1,2,2,2,2,2,2,2,2,2,2,2,2,2,2,2,2,2,2,2,2,2,2,2,2,2,2,2,2,2,2,2,2,2,2,2,2,2,2,2,2,2,2,2,2,2,2,2,2,2,2,2,2,2,2,2,2,2,2,2,2,2,2,2,2,2,2,2,2,2,2,2,2,2,2,2,2,2,2,2,2,2,2,2,2,2,2,2,2,2,2,2,2,2]",150,946.1041,4,278,0,278,0,1,229579,4,SV_73ADPjbMtd0KUBg,304,2022-03-02_15h06.07.165,implicit_time,2021.1.4,Linux x86_64,59.95563283
cursorjump,325,0,0,10,NA,0,NA,0,0,0.5,FALSE,counter,0,"[0.01875,0.01875,0.01875,0.01875,0.01875,0.01875,0.01875,0.020833,0.022917,0.025,0.027083,0.03125,0.03125,0.033333,0.035417,0.035417,0.035417,0.035417,0.035417,0.035417,0.035417,0.035417,0.035417,0.035417,0.035417,0.035417,0.035417,0.035417,0.035417,0.035417,0.035417,0.035417,0.035417,0.035417,0.035417,0.035417,0.035417,0.035417,0.035417,0.035417,0.035417,0.035417,0.035417,0.0375,0.039583,0.039583,0.04375,0.04375,0.047917,0.05,0.054167,0.054167,0.058333,0.058333,0.0625,0.0625,0.064583,0.064583,0.06875,0.075,0.102083,0.152083,0.208333,0.2375,0.3,0.3375,0.43125,0.535417,0.629167,0.670833,0.74375,0.78125,0.854167,0.920833,0.979167,1.002083,1.041667,1.054167,1.077083,1.089583,1.1,1.10625,1.110417,1.110417,1.110417,1.108333,1.102083,1.095833,1.089583,1.085417,1.079167,1.064583,1.0375,1.016667,0.964583,0.93125,0.864583,0.797917,0.725,0.6875,0.604167,0.5625,0.483333,0.414583,0.360417,0.3375,0.295833,0.260417,0.245833,0.220833,0.204167,0.197917,0.1875,0.18125,0.177083,0.170833,0.166667,0.160417,0.15625,0.154167,0.147917,0.1375,0.129167,0.1125,0.095833,0.08125,0.075,0.0625,0.05625,0.047917,0.045833,0.04375,0.04375,0.04375,0.04375,0.04375,0.04375,0.04375,0.04375,0.04375,0.04375,0.041667,0.0375,0.033333,0.03125,0.027083,0.027083,0.025,0.025,0.025,0.025,0.025,0.025,0.025,0.025,0.025,0.025,0.025,0.025,0.025,0.022917,0.022917,0.020833]","[-0.032889,-0.032889,-0.032889,-0.032889,-0.032889,-0.029778,-0.029778,-0.029778,-0.029778,-0.026667,-0.023556,-0.014222,-0.011111,-0.008,-0.004889,-0.004889,-0.004889,-0.004889,-0.004889,-0.004889,-0.004889,-0.004889,-0.004889,-0.004889,-0.004889,-0.004889,-0.004889,-0.004889,-0.004889,-0.004889,-0.004889,-0.004889,-0.004889,-0.004889,-0.004889,-0.004889,-0.004889,-0.004889,-0.004889,-0.004889,-0.004889,-0.004889,-0.004889,-0.004889,-0.004889,-0.004889,-0.004889,-0.004889,-0.004889,-0.004889,-0.004889,-0.004889,-0.004889,-0.004889,-0.004889,-0.004889,-0.004889,-0.004889,-0.001778,-0.001778,-0.004889,-0.017333,-0.032889,-0.039111,-0.054667,-0.060889,-0.076444,-0.088889,-0.095111,-0.098222,-0.104444,-0.110667,-0.126222,-0.148,-0.163556,-0.172889,-0.185333,-0.191556,-0.204,-0.213333,-0.225778,-0.232,-0.241333,-0.244444,-0.244444,-0.244444,-0.241333,-0.241333,-0.241333,-0.241333,-0.238222,-0.228889,-0.210222,-0.194667,-0.163556,-0.148,-0.113778,-0.076444,-0.026667,-0.001778,0.054222,0.079111,0.122667,0.153778,0.178667,0.188,0.200444,0.203556,0.200444,0.197333,0.197333,0.197333,0.200444,0.200444,0.200444,0.197333,0.197333,0.197333,0.200444,0.200444,0.197333,0.188,0.181778,0.166222,0.150667,0.135111,0.125778,0.104,0.094667,0.072889,0.057333,0.054222,0.054222,0.054222,0.054222,0.054222,0.054222,0.054222,0.054222,0.054222,0.054222,0.051111,0.048,0.044889,0.044889,0.041778,0.041778,0.041778,0.041778,0.041778,0.041778,0.041778,0.041778,0.041778,0.041778,0.041778,0.041778,0.041778,0.041778,0.038667,0.038667,0.035556,0.035556]","[0.0004,0.0164,0.0331,0.0498,0.0667,0.0832,0.0999,0.1167,0.1335,0.1498,0.1669,0.1836,0.2002,0.2166,0.2332,0.25,0.2668,0.2835,0.2999,0.317,0.3335,0.3496,0.3672,0.3834,0.4004,0.4168,0.4332,0.4503,0.4668,0.4839,0.5003,0.5162,0.5339,0.5501,0.5667,0.5833,0.6002,0.6166,0.6338,0.6504,0.6667,0.6834,0.7002,0.7173,0.7337,0.7507,0.7673,0.784,0.8006,0.8171,0.834,0.8508,0.8677,0.8838,0.9007,0.9171,0.9338,0.9507,0.9674,0.9841,1.001,1.0176,1.034,1.0508,1.0677,1.0844,1.101,1.1176,1.1346,1.1511,1.1679,1.1846,1.2012,1.2174,1.234,1.2511,1.268,1.2847,1.3014,1.3182,1.3342,1.3509,1.3677,1.3845,1.4013,1.4182,1.4345,1.4513,1.4681,1.4843,1.501,1.5179,1.5348,1.5516,1.5679,1.5846,1.6013,1.6183,1.635,1.6514,1.6678,1.6845,1.7014,1.718,1.735,1.7518,1.7684,1.7852,1.8016,1.8185,1.8354,1.8518,1.8685,1.885,1.9019,1.9186,1.935,1.9518,1.9688,1.9845,2.0016,2.0187,2.0353,2.0517,2.0685,2.0855,2.1019,2.119,2.1354,2.1522,2.1684,2.1851,2.2019,2.2189,2.2354,2.2522,2.2687,2.2854,2.3023,2.3181,2.3351,2.3523,2.3682,2.3848,2.4018,2.4188,2.4358,2.4522,2.4688,2.4855,2.5015,2.5182,2.5345,2.5523,2.5685,2.5854,2.6022,2.6189,2.6357,2.6522,2.6689,2.6857,2.702]","[1,1,1,1,1,1,1,1,1,1,1,1,1,1,1,1,1,1,1,1,1,1,1,1,1,1,1,1,1,1,1,1,1,1,1,1,1,1,1,1,1,1,1,1,1,1,1,1,1,1,1,1,1,1,1,1,1,1,1,1,1,1,1,1,1,1,1,1,1,1,1,1,1,1,2,2,2,2,2,2,2,2,2,2,2,2,2,2,2,2,2,2,2,2,2,2,2,2,2,2,2,2,2,2,2,2,2,2,2,2,2,2,2,2,2,2,2,2,2,2,2,2,2,2,2,2,2,2,2,2,2,2,2,2,2,2,2,2,2,2,2,2,2,2,2,2,2,2,2,2,2,2,2,2,2,2,2,2,2,2,2,2,2]",150,949.5898,4,279,0,279,0,1,229579,4,SV_73ADPjbMtd0KUBg,304,2022-03-02_15h06.07.165,implicit_time,2021.1.4,Linux x86_64,59.95563283
cursorjump,225,-45,0.5,10,NA,0,NA,0,1,0.5,FALSE,counter,1,"[-0.020833,-0.020833,-0.020833,-0.020833,-0.020833,-0.020833,-0.01875,-0.016667,-0.014583,-0.014583,-0.0125,-0.0125,-0.010417,-0.010417,-0.010417,-0.010417,-0.010417,-0.010417,-0.010417,-0.010417,-0.010417,-0.010417,-0.010417,-0.010417,-0.010417,-0.010417,-0.010417,-0.010417,-0.010417,-0.010417,-0.010417,-0.010417,-0.010417,-0.010417,-0.010417,-0.010417,-0.010417,-0.010417,-0.010417,-0.010417,-0.010417,-0.010417,-0.008333,-0.008333,-0.00625,-0.00625,-0.00625,-0.00625,-0.008333,-0.010417,-0.016667,-0.020833,-0.020833,-0.0125,-0.00625,0,-0.002083,-0.004167,-0.008333,-0.016667,-0.022917,-0.039583,-0.058333,-0.075,-0.08125,-0.097917,-0.10625,-0.127083,-0.147917,-0.164583,-0.170833,-0.18125,-0.185417,-0.189583,-0.191667,-0.191667,-0.191667,-0.191667,-0.191667,-0.189583,-0.1875,-0.185417,-0.185417,-0.185417,-0.185417,-0.1875,-0.185417,-0.18125,-0.179167,-0.16875,-0.160417,-0.135417,-0.095833,-0.041667,-0.014583,0.0375,0.05625,0.08125,0.1,0.114583,0.125,0.147917,0.1625,0.195833,0.229167,0.260417,0.272917,0.291667,0.295833,0.302083,0.302083,0.295833,0.291667,0.283333,0.28125,0.275,0.26875,0.258333,0.25,0.229167,0.216667,0.191667,0.170833,0.1625,0.15,0.135417,0.129167,0.114583,0.1,0.09375,0.083333,0.070833,0.064583,0.05,0.0375,0.033333,0.022917,0.016667]","[-0.020444,-0.020444,-0.020444,-0.020444,-0.020444,-0.020444,-0.020444,-0.020444,-0.017333,-0.017333,-0.017333,-0.017333,-0.017333,-0.017333,-0.014222,-0.014222,-0.014222,-0.014222,-0.014222,-0.014222,-0.014222,-0.014222,-0.014222,-0.014222,-0.014222,-0.014222,-0.014222,-0.014222,-0.014222,-0.014222,-0.014222,-0.014222,-0.014222,-0.014222,-0.014222,-0.014222,-0.014222,-0.014222,-0.014222,-0.014222,-0.014222,-0.014222,-0.014222,-0.014222,-0.011111,-0.011111,-0.011111,-0.011111,-0.017333,-0.026667,-0.051556,-0.098222,-0.129333,-0.213333,-0.256889,-0.350222,-0.446667,-0.536889,-0.577333,-0.652,-0.686222,-0.745333,-0.798222,-0.848,-0.869778,-0.913333,-0.932,-0.966222,-0.997333,-1.025333,-1.034667,-1.053333,-1.056444,-1.062667,-1.065778,-1.065778,-1.065778,-1.065778,-1.065778,-1.062667,-1.062667,-1.062667,-1.062667,-1.062667,-1.062667,-1.062667,-1.062667,-1.059556,-1.056444,-1.044,-1.031556,-1.003556,-0.969333,-0.928889,-0.907111,-0.860444,-0.835556,-0.776444,-0.704889,-0.620889,-0.577333,-0.502667,-0.465333,-0.4,-0.334667,-0.269333,-0.238222,-0.179111,-0.151111,-0.098222,-0.048444,-0.008,0.007556,0.029333,0.035556,0.048,0.051111,0.048,0.044889,0.032444,0.026222,0.02,0.02,0.023111,0.026222,0.02,0.016889,0.004444,-0.004889,-0.011111,-0.017333,-0.026667,-0.032889,-0.042222,-0.042222,-0.042222,-0.036,-0.029778]","[0.0006,0.0165,0.0325,0.0493,0.0656,0.0827,0.0994,0.1162,0.1327,0.1492,0.1662,0.1825,0.1992,0.2157,0.2327,0.249,0.2661,0.2823,0.299,0.3153,0.3323,0.349,0.3661,0.3829,0.3992,0.4162,0.4322,0.4489,0.4655,0.4831,0.4997,0.5158,0.5326,0.5492,0.5656,0.5826,0.5995,0.6161,0.6324,0.6495,0.6664,0.683,0.6996,0.7162,0.7328,0.7496,0.7664,0.7831,0.7998,0.8165,0.8334,0.8501,0.867,0.8828,0.8994,0.9161,0.933,0.9501,0.967,0.9828,0.9996,1.0163,1.0332,1.0502,1.0662,1.0832,1.0999,1.1165,1.1336,1.1509,1.1666,1.1834,1.2001,1.2171,1.2329,1.2507,1.2665,1.2833,1.3001,1.317,1.3341,1.3501,1.367,1.3839,1.3996,1.4166,1.4336,1.4507,1.4667,1.4834,1.5001,1.5171,1.5336,1.551,1.567,1.5836,1.6005,1.6175,1.6339,1.6511,1.6672,1.6839,1.7006,1.7167,1.7341,1.7502,1.7671,1.7836,1.8006,1.817,1.8341,1.8511,1.8671,1.8837,1.9006,1.9172,1.934,1.9508,1.9671,1.9837,2.0003,2.0171,2.0341,2.0505,2.0673,2.084,2.1007,2.1176,2.1342,2.1509,2.1673,2.184,2.2007,2.2175,2.2343,2.2509,2.2673,2.2842]","[1,1,1,1,1,1,1,1,1,1,1,1,1,1,1,1,1,1,1,1,1,1,1,1,1,1,1,1,1,1,1,1,1,1,1,1,1,1,1,1,1,1,1,1,1,1,1,1,1,1,1,1,1,1,1,1,1,1,1,1,1,1,1,1,1,1,1,2,2,2,2,2,2,2,2,2,2,2,2,2,2,2,2,2,2,2,2,2,2,2,2,2,2,2,2,2,2,2,2,2,2,2,2,2,2,2,2,2,2,2,2,2,2,2,2,2,2,2,2,2,2,2,2,2,2,2,2,2,2,2,2,2,2,2,2,2,2,2]",170,952.3918,4,280,0,280,0,1,229579,4,SV_73ADPjbMtd0KUBg,304,2022-03-02_15h06.07.165,implicit_time,2021.1.4,Linux x86_64,59.95563283
cursorjump,215,0,0,10,NA,0,NA,0,0,0.5,FALSE,counter,0,"[-0.01875,-0.01875,-0.01875,-0.01875,-0.01875,-0.01875,-0.01875,-0.01875,-0.01875,-0.01875,-0.020833,-0.020833,-0.020833,-0.020833,-0.020833,-0.020833,-0.020833,-0.020833,-0.020833,-0.020833,-0.020833,-0.020833,-0.020833,-0.020833,-0.020833,-0.020833,-0.020833,-0.020833,-0.020833,-0.020833,-0.020833,-0.020833,-0.020833,-0.020833,-0.020833,-0.020833,-0.020833,-0.025,-0.03125,-0.033333,-0.035417,-0.035417,-0.035417,-0.035417,-0.035417,-0.033333,-0.029167,-0.025,-0.020833,-0.016667,-0.016667,-0.016667,-0.016667,-0.022917,-0.03125,-0.054167,-0.085417,-0.104167,-0.14375,-0.166667,-0.208333,-0.247917,-0.2875,-0.304167,-0.339583,-0.370833,-0.385417,-0.4125,-0.43125,-0.439583,-0.45,-0.454167,-0.454167,-0.454167,-0.458333,-0.460417,-0.464583,-0.470833,-0.472917,-0.477083,-0.479167,-0.479167,-0.479167,-0.477083,-0.477083,-0.477083,-0.472917,-0.46875,-0.45625,-0.441667,-0.435417,-0.41875,-0.395833,-0.38125,-0.34375,-0.295833,-0.270833,-0.222917,-0.2,-0.1625,-0.13125,-0.108333,-0.095833,-0.077083,-0.06875,-0.054167,-0.041667,-0.035417,-0.035417,-0.033333]","[-0.017333,-0.017333,-0.017333,-0.017333,-0.017333,-0.017333,-0.017333,-0.017333,-0.017333,-0.017333,-0.017333,-0.017333,-0.017333,-0.017333,-0.017333,-0.017333,-0.017333,-0.017333,-0.017333,-0.017333,-0.017333,-0.017333,-0.017333,-0.017333,-0.017333,-0.017333,-0.017333,-0.017333,-0.017333,-0.017333,-0.017333,-0.017333,-0.017333,-0.017333,-0.017333,-0.017333,-0.017333,-0.020444,-0.026667,-0.029778,-0.032889,-0.032889,-0.032889,-0.032889,-0.032889,-0.032889,-0.029778,-0.029778,-0.026667,-0.026667,-0.026667,-0.026667,-0.026667,-0.032889,-0.042222,-0.060889,-0.088889,-0.104444,-0.148,-0.169778,-0.219556,-0.281778,-0.353333,-0.393778,-0.468444,-0.533778,-0.558667,-0.599111,-0.633333,-0.648889,-0.676889,-0.704889,-0.720444,-0.745333,-0.767111,-0.779556,-0.810667,-0.844889,-0.863556,-0.900889,-0.935111,-0.947556,-0.975556,-0.997333,-1.003556,-1.006667,-1.003556,-1.000444,-0.984889,-0.944444,-0.916444,-0.848,-0.770222,-0.723556,-0.620889,-0.515111,-0.465333,-0.375111,-0.337778,-0.272444,-0.216444,-0.169778,-0.148,-0.113778,-0.098222,-0.070222,-0.048444,-0.032889,-0.023556,-0.011111]","[0.0006,0.016,0.033,0.0489,0.0659,0.0832,0.0994,0.1165,0.1325,0.1491,0.1665,0.1827,0.2,0.2158,0.2325,0.2491,0.2666,0.2823,0.2998,0.3163,0.333,0.3497,0.366,0.3828,0.3994,0.416,0.4332,0.4497,0.4664,0.4829,0.5,0.5167,0.5332,0.55,0.5661,0.5827,0.6003,0.6164,0.6332,0.6499,0.6672,0.6832,0.6995,0.7164,0.7333,0.7504,0.7668,0.7832,0.7996,0.8165,0.8334,0.8507,0.8667,0.8838,0.8999,0.9188,0.9337,0.9497,0.9671,0.9832,1.0002,1.0169,1.0335,1.0503,1.0667,1.0836,1.1003,1.1171,1.1336,1.1504,1.1674,1.1833,1.2001,1.217,1.2338,1.2506,1.2671,1.2841,1.3,1.3175,1.3342,1.35,1.3672,1.3838,1.4007,1.4173,1.4339,1.4508,1.4668,1.4838,1.5006,1.5174,1.5339,1.5508,1.5677,1.584,1.6011,1.6175,1.6345,1.6505,1.6677,1.6834,1.7008,1.7174,1.7338,1.7507,1.7674,1.7841,1.8008,1.8176]","[1,1,1,1,1,1,1,1,1,1,1,1,1,1,1,1,1,1,1,1,1,1,1,1,1,1,1,1,1,1,1,1,1,1,1,1,1,1,1,1,1,1,1,1,1,1,1,1,1,1,1,1,1,1,1,1,1,1,1,1,1,1,1,1,1,1,1,1,1,1,1,1,1,1,1,1,1,2,2,2,2,2,2,2,2,2,2,2,2,2,2,2,2,2,2,2,2,2,2,2,2,2,2,2,2,2,2,2,2,2]",170,954.7271,4,281,0,281,0,1,229579,4,SV_73ADPjbMtd0KUBg,304,2022-03-02_15h06.07.165,implicit_time,2021.1.4,Linux x86_64,59.95563283
cursorjump,45,-45,0.5,10,NA,0,NA,0,1,0.5,FALSE,counter,1,"[-0.033333,-0.033333,-0.033333,-0.033333,-0.033333,-0.033333,-0.033333,-0.03125,-0.03125,-0.03125,-0.033333,-0.033333,-0.033333,-0.033333,-0.033333,-0.033333,-0.033333,-0.033333,-0.033333,-0.033333,-0.033333,-0.033333,-0.033333,-0.033333,-0.033333,-0.033333,-0.033333,-0.033333,-0.033333,-0.033333,-0.033333,-0.033333,-0.033333,-0.033333,-0.033333,-0.033333,-0.033333,-0.033333,-0.033333,-0.033333,-0.033333,-0.033333,-0.033333,-0.033333,-0.033333,-0.033333,-0.033333,-0.033333,-0.033333,-0.033333,-0.033333,-0.033333,-0.033333,-0.033333,-0.03125,-0.03125,-0.029167,-0.027083,-0.025,-0.022917,-0.01875,-0.016667,-0.00625,0.002083,0.014583,0.029167,0.035417,0.045833,0.05625,0.060417,0.064583,0.066667,0.066667,0.066667,0.066667,0.066667,0.066667,0.066667,0.06875,0.06875,0.070833,0.072917,0.075,0.075,0.075,0.075,0.077083,0.077083,0.079167,0.08125,0.08125,0.08125,0.08125,0.08125,0.079167,0.079167,0.077083,0.077083,0.072917,0.06875,0.060417,0.058333,0.052083,0.05,0.052083,0.054167,0.05625,0.058333,0.060417,0.060417,0.060417,0.060417,0.060417,0.060417,0.060417,0.060417,0.0625,0.0625,0.0625,0.064583,0.064583,0.0625,0.060417,0.060417,0.05625,0.05625,0.047917,0.035417,0.016667,0.004167,-0.0625,-0.06875,-0.097917,-0.135417,-0.160417,-0.16875,-0.189583,-0.214583,-0.229167,-0.260417,-0.289583,-0.302083,-0.320833,-0.333333,-0.3375,-0.345833,-0.345833,-0.345833,-0.345833,-0.34375,-0.3375,-0.322917,-0.3,-0.2875,-0.2625,-0.2375,-0.225,-0.202083,-0.179167,-0.16875,-0.154167,-0.139583,-0.135417,-0.127083,-0.125,-0.120833,-0.11875,-0.114583,-0.110417,-0.102083,-0.095833,-0.083333,-0.072917,-0.064583,-0.060417,-0.054167,-0.05,-0.035417]","[0.004444,0.004444,0.004444,0.004444,0.004444,0.004444,0.004444,0.004444,0.004444,0.004444,0.004444,0.004444,0.004444,0.004444,0.004444,0.004444,0.004444,0.004444,0.004444,0.004444,0.004444,0.004444,0.004444,0.004444,0.004444,0.004444,0.004444,0.004444,0.004444,0.004444,0.004444,0.004444,0.004444,0.004444,0.004444,0.004444,0.004444,0.004444,0.004444,0.004444,0.004444,0.004444,0.004444,0.004444,0.004444,0.004444,0.004444,0.004444,0.004444,0.004444,0.004444,0.004444,0.004444,0.007556,0.016889,0.023111,0.044889,0.060444,0.100889,0.153778,0.219111,0.253333,0.321778,0.356,0.421333,0.486667,0.517778,0.58,0.629778,0.651556,0.692,0.729333,0.763556,0.782222,0.810222,0.822667,0.844444,0.863111,0.869333,0.884889,0.906667,0.916,0.937778,0.947111,0.950222,0.950222,0.947111,0.944,0.940889,0.937778,0.937778,0.934667,0.934667,0.934667,0.934667,0.934667,0.937778,0.937778,0.937778,0.937778,0.937778,0.940889,0.947111,0.959556,0.981333,0.993778,1.018667,1.028,1.040444,1.040444,1.040444,1.040444,1.040444,1.040444,1.040444,1.040444,1.040444,1.037333,1.037333,1.034222,1.028,1.015556,0.990667,0.978222,0.944,0.928444,0.884889,0.825778,0.741778,0.692,0.511556,0.502222,0.461778,0.408889,0.365333,0.346667,0.3,0.240889,0.209778,0.147556,0.097778,0.076,0.048,0.023111,0.013778,-0.001778,-0.001778,-0.001778,-0.001778,0.001333,0.004444,0.013778,0.013778,0.010667,-0.001778,-0.011111,-0.014222,-0.014222,-0.008,-0.004889,0.007556,0.016889,0.02,0.026222,0.026222,0.029333,0.029333,0.029333,0.029333,0.026222,0.026222,0.023111,0.023111,0.02,0.02,0.016889,0.016889,0.007556]","[0.0005,0.0162,0.0334,0.0499,0.0665,0.083,0.0999,0.1157,0.1333,0.1497,0.1665,0.1829,0.1998,0.2167,0.2325,0.2501,0.2669,0.2833,0.2997,0.3167,0.333,0.3499,0.3665,0.3831,0.3997,0.4159,0.4329,0.45,0.4669,0.4828,0.5002,0.5159,0.5332,0.5504,0.5657,0.5828,0.5996,0.6161,0.6326,0.6492,0.666,0.6831,0.6998,0.7165,0.7328,0.7497,0.7675,0.7831,0.7997,0.8165,0.8331,0.8497,0.8669,0.8838,0.9006,0.9171,0.9335,0.9502,0.9668,0.9838,1.0007,1.0174,1.0333,1.0496,1.0674,1.0831,1.1001,1.1167,1.1331,1.1509,1.1669,1.1839,1.2008,1.2168,1.2334,1.2498,1.2675,1.2834,1.3001,1.3166,1.3335,1.35,1.3677,1.3836,1.4,1.4165,1.4337,1.4502,1.4669,1.4835,1.5001,1.5167,1.5334,1.5506,1.5677,1.5838,1.6005,1.6171,1.6339,1.6505,1.6673,1.6837,1.7003,1.7171,1.7339,1.7505,1.7672,1.7839,1.8004,1.8176,1.834,1.8505,1.8674,1.8839,1.9004,1.9176,1.9342,1.9507,1.9673,1.9844,2.001,2.0175,2.0341,2.0506,2.0673,2.0842,2.1008,2.1175,2.1342,2.1509,2.1671,2.1846,2.2005,2.2172,2.2339,2.2505,2.2679,2.2845,2.301,2.3176,2.3345,2.3511,2.3678,2.3844,2.4009,2.4177,2.4345,2.451,2.4676,2.4844,2.5011,2.5179,2.5345,2.5516,2.5682,2.5848,2.6014,2.6181,2.6347,2.6516,2.6682,2.6849,2.7016,2.7182,2.7349,2.7517,2.7683,2.7849,2.8015,2.8182,2.8349,2.8517,2.8684,2.8852,2.9017,2.9184,2.935,2.9518]","[1,1,1,1,1,1,1,1,1,1,1,1,1,1,1,1,1,1,1,1,1,1,1,1,1,1,1,1,1,1,1,1,1,1,1,1,1,1,1,1,1,1,1,1,1,1,1,1,1,1,1,1,1,1,1,1,1,1,1,1,1,1,1,1,1,1,1,1,1,1,1,1,1,1,1,1,1,1,1,1,1,1,1,1,1,1,1,1,1,1,1,1,1,1,1,1,1,1,1,1,1,1,1,2,2,2,2,2,2,2,2,2,2,2,2,2,2,2,2,2,2,2,2,2,2,2,2,2,2,2,2,2,2,2,2,2,2,2,2,2,2,2,2,2,2,2,2,2,2,2,2,2,2,2,2,2,2,2,2,2,2,2,2,2,2,2,2,2,2,2,2,2,2,2,2,2,2,2]",170,958.1966,4,282,0,282,0,1,229579,4,SV_73ADPjbMtd0KUBg,304,2022-03-02_15h06.07.165,implicit_time,2021.1.4,Linux x86_64,59.95563283
cursorjump,55,0,0,10,NA,0,NA,0,0,0.5,FALSE,counter,0,"[0.020833,0.01875,0.01875,0.01875,0.01875,0.020833,0.020833,0.020833,0.022917,0.022917,0.025,0.025,0.025,0.025,0.022917,0.022917,0.022917,0.022917,0.022917,0.022917,0.022917,0.022917,0.025,0.025,0.025,0.025,0.022917,0.022917,0.025,0.025,0.025,0.022917,0.022917,0.022917,0.022917,0.025,0.025,0.025,0.025,0.025,0.025,0.027083,0.035417,0.045833,0.075,0.114583,0.1375,0.189583,0.25625,0.295833,0.385417,0.472917,0.508333,0.564583,0.6,0.6125,0.633333,0.65,0.658333,0.675,0.6875,0.691667,0.697917,0.697917,0.697917,0.69375,0.6875,0.68125,0.660417,0.629167,0.610417,0.579167,0.552083,0.5375,0.5,0.45,0.41875,0.354167,0.2875,0.25625,0.191667,0.127083,0.0625,0.035417,-0.010417,-0.029167,-0.054167,-0.072917,-0.083333,-0.085417,-0.085417,-0.085417,-0.083333,-0.08125,-0.077083,-0.070833,-0.064583,-0.0625,-0.05625,-0.054167,-0.05,-0.045833,-0.039583,-0.0375,-0.03125]","[-0.032889,-0.032889,-0.032889,-0.032889,-0.032889,-0.029778,-0.026667,-0.017333,-0.011111,-0.001778,0.004444,0.013778,0.016889,0.02,0.02,0.02,0.02,0.02,0.02,0.02,0.02,0.02,0.02,0.02,0.02,0.02,0.02,0.02,0.02,0.02,0.02,0.02,0.02,0.02,0.02,0.02,0.02,0.02,0.02,0.02,0.02,0.023111,0.044889,0.063556,0.107111,0.156889,0.184889,0.244,0.318667,0.362222,0.461778,0.552,0.589333,0.645333,0.682667,0.692,0.710667,0.723111,0.729333,0.744889,0.757333,0.766667,0.772889,0.776,0.779111,0.782222,0.782222,0.782222,0.769778,0.748,0.732444,0.701333,0.673333,0.657778,0.623556,0.583111,0.555111,0.499111,0.44,0.412,0.349778,0.284444,0.216,0.188,0.141333,0.125778,0.097778,0.082222,0.072889,0.072889,0.069778,0.069778,0.072889,0.076,0.079111,0.082222,0.085333,0.085333,0.085333,0.085333,0.079111,0.066667,0.051111,0.041778,0.026222]","[0.0007,0.0174,0.0331,0.0501,0.0669,0.0835,0.0999,0.1168,0.1332,0.1497,0.1663,0.1831,0.1997,0.2167,0.2332,0.2497,0.2661,0.2833,0.2996,0.3166,0.3333,0.3499,0.3664,0.3835,0.4,0.4166,0.4332,0.4498,0.4665,0.4834,0.5001,0.5166,0.5334,0.55,0.5664,0.5838,0.6003,0.6168,0.6333,0.6505,0.6671,0.6838,0.7001,0.7167,0.7342,0.7507,0.7674,0.7842,0.8009,0.8177,0.8345,0.8502,0.867,0.8838,0.9006,0.9173,0.9338,0.9506,0.9673,0.984,1.0007,1.018,1.034,1.0506,1.0673,1.084,1.1009,1.1176,1.1344,1.1507,1.1673,1.184,1.201,1.2174,1.234,1.2507,1.2675,1.2844,1.3007,1.3175,1.3342,1.3511,1.3679,1.3847,1.4014,1.4182,1.4346,1.4514,1.468,1.4846,1.5011,1.5178,1.5344,1.551,1.5676,1.5842,1.6008,1.6182,1.6349,1.6514,1.668,1.6847,1.7012,1.7179,1.7346]","[1,1,1,1,1,1,1,1,1,1,1,1,1,1,1,1,1,1,1,1,1,1,1,1,1,1,1,1,1,1,1,1,1,1,1,1,1,1,1,1,1,1,1,1,1,1,1,1,1,1,1,1,1,1,1,1,1,2,2,2,2,2,2,2,2,2,2,2,2,2,2,2,2,2,2,2,2,2,2,2,2,2,2,2,2,2,2,2,2,2,2,2,2,2,2,2,2,2,2,2,2,2,2,2,2]",170,960.4477,4,283,0,283,0,1,229579,4,SV_73ADPjbMtd0KUBg,304,2022-03-02_15h06.07.165,implicit_time,2021.1.4,Linux x86_64,59.95563283
cursorjump,135,-45,0.5,10,NA,0,NA,0,1,0.5,FALSE,counter,1,"[-0.020833,-0.020833,-0.020833,-0.022917,-0.022917,-0.022917,-0.022917,-0.022917,-0.022917,-0.022917,-0.022917,-0.022917,-0.022917,-0.020833,-0.020833,-0.020833,-0.020833,-0.01875,-0.01875,-0.01875,-0.01875,-0.01875,-0.01875,-0.01875,-0.01875,-0.01875,-0.01875,-0.01875,-0.01875,-0.01875,-0.01875,-0.01875,-0.016667,-0.016667,-0.016667,-0.016667,-0.016667,-0.016667,-0.016667,-0.016667,-0.016667,-0.016667,-0.020833,-0.025,-0.041667,-0.054167,-0.089583,-0.133333,-0.183333,-0.2125,-0.277083,-0.314583,-0.395833,-0.479167,-0.564583,-0.60625,-0.6875,-0.727083,-0.804167,-0.879167,-0.947917,-0.979167,-1.033333,-1.05625,-1.095833,-1.114583,-1.114583,-1.114583,-1.114583,-1.114583,-1.116667,-1.116667,-1.116667,-1.114583,-1.1,-1.091667,-1.072917,-1.05625,-1.0375,-1.029167,-0.997917,-0.975,-0.914583,-0.84375,-0.772917,-0.735417,-0.664583,-0.63125,-0.566667,-0.5125,-0.470833,-0.454167,-0.427083,-0.416667,-0.397917,-0.38125,-0.360417,-0.35,-0.325,-0.308333,-0.277083,-0.239583,-0.222917,-0.185417,-0.1375,-0.110417,-0.054167,-0.010417,0.004167,0.027083,0.04375,0.052083,0.070833,0.095833,0.104167,0.120833,0.13125,0.135417,0.145833,0.15625,0.1625,0.175,0.189583,0.197917,0.216667,0.229167,0.23125,0.229167,0.220833,0.2125,0.197917,0.177083,0.16875,0.145833,0.125,0.1125,0.091667,0.072917,0.064583,0.05,0.0375,0.033333,0.022917,0.01875]","[-0.008,-0.008,-0.008,-0.008,-0.008,-0.008,-0.008,-0.008,-0.008,-0.008,-0.008,-0.008,-0.008,-0.008,-0.011111,-0.011111,-0.011111,-0.011111,-0.011111,-0.011111,-0.011111,-0.011111,-0.011111,-0.011111,-0.011111,-0.011111,-0.011111,-0.011111,-0.011111,-0.011111,-0.011111,-0.011111,-0.011111,-0.011111,-0.014222,-0.014222,-0.014222,-0.014222,-0.014222,-0.014222,-0.014222,-0.014222,-0.014222,-0.014222,-0.014222,-0.014222,-0.017333,-0.017333,-0.020444,-0.020444,-0.026667,-0.029778,-0.042222,-0.057778,-0.076444,-0.085778,-0.110667,-0.123111,-0.148,-0.176,-0.197778,-0.207111,-0.225778,-0.232,-0.244444,-0.250667,-0.250667,-0.250667,-0.250667,-0.250667,-0.247556,-0.247556,-0.244444,-0.244444,-0.238222,-0.238222,-0.232,-0.228889,-0.222667,-0.219556,-0.210222,-0.207111,-0.197778,-0.191556,-0.194667,-0.200889,-0.216444,-0.228889,-0.250667,-0.266222,-0.281778,-0.288,-0.306667,-0.316,-0.337778,-0.362667,-0.387556,-0.4,-0.428,-0.446667,-0.480889,-0.508889,-0.518222,-0.527556,-0.524444,-0.521333,-0.515111,-0.508889,-0.508889,-0.499556,-0.477778,-0.462222,-0.421778,-0.378222,-0.353333,-0.309778,-0.266222,-0.247556,-0.216444,-0.197778,-0.191556,-0.179111,-0.172889,-0.166667,-0.163556,-0.157333,-0.154222,-0.148,-0.135556,-0.129333,-0.116889,-0.101333,-0.092,-0.073333,-0.060889,-0.054667,-0.051556,-0.051556,-0.051556,-0.051556,-0.045333,-0.042222,-0.036,-0.032889]","[0.0006,0.0169,0.033,0.0498,0.0661,0.083,0.0998,0.116,0.133,0.1494,0.1666,0.1833,0.1999,0.2165,0.2334,0.2501,0.2666,0.2833,0.2997,0.3166,0.3334,0.35,0.3668,0.3833,0.4001,0.4168,0.4336,0.45,0.4663,0.4837,0.5,0.5171,0.5334,0.5495,0.5671,0.5834,0.5997,0.6165,0.6332,0.6504,0.6671,0.6835,0.7002,0.7177,0.7336,0.75,0.7674,0.7841,0.8009,0.8173,0.8338,0.8504,0.8671,0.8838,0.9005,0.9172,0.9339,0.9504,0.9669,0.9836,1.0004,1.0173,1.0338,1.0504,1.0671,1.0837,1.1003,1.1169,1.1344,1.151,1.1676,1.1842,1.2009,1.2176,1.2342,1.2509,1.2675,1.2841,1.3009,1.3174,1.3339,1.3506,1.3673,1.3841,1.4007,1.4183,1.4348,1.4514,1.4679,1.4846,1.5011,1.5179,1.5344,1.5511,1.5677,1.5845,1.6012,1.6179,1.6344,1.6509,1.6675,1.6843,1.7009,1.7174,1.7343,1.7518,1.7684,1.7849,1.8016,1.8177,1.8341,1.8508,1.8674,1.8844,1.901,1.9175,1.9342,1.951,1.9677,1.9844,2.0008,2.0178,2.0343,2.0519,2.0685,2.0845,2.1019,2.1185,2.1349,2.1516,2.1676,2.1844,2.2014,2.2177,2.2354,2.252,2.2687,2.2853,2.3012,2.3176,2.3346,2.3515,2.3681,2.3847]","[1,1,1,1,1,1,1,1,1,1,1,1,1,1,1,1,1,1,1,1,1,1,1,1,1,1,1,1,1,1,1,1,1,1,1,1,1,1,1,1,1,1,1,1,1,1,1,1,1,1,1,1,1,1,1,1,1,1,1,1,2,2,2,2,2,2,2,2,2,2,2,2,2,2,2,2,2,2,2,2,2,2,2,2,2,2,2,2,2,2,2,2,2,2,2,2,2,2,2,2,2,2,2,2,2,2,2,2,2,2,2,2,2,2,2,2,2,2,2,2,2,2,2,2,2,2,2,2,2,2,2,2,2,2,2,2,2,2,2,2,2,2,2,2]",190,963.3494,4,284,0,284,0,1,229579,4,SV_73ADPjbMtd0KUBg,304,2022-03-02_15h06.07.165,implicit_time,2021.1.4,Linux x86_64,59.95563283
cursorjump,145,0,0,10,NA,0,NA,0,0,0.5,FALSE,counter,0,"[-0.004167,-0.004167,-0.004167,-0.004167,-0.004167,-0.002083,-0.002083,-0.002083,-0.002083,-0.002083,-0.002083,-0.002083,-0.002083,-0.002083,-0.002083,-0.002083,0,0,0,0,0,0,0,0,0,0,0,0.002083,0.002083,0.002083,0.004167,0.008333,0.010417,0.0125,0.016667,0.016667,0.01875,0.020833,0.020833,0.020833,0.020833,0.020833,0.020833,0.020833,0.020833,0.020833,0.020833,0.020833,0.020833,0.020833,0.020833,0.020833,0.014583,0.002083,-0.008333,-0.03125,-0.058333,-0.075,-0.110417,-0.15625,-0.18125,-0.241667,-0.275,-0.339583,-0.410417,-0.483333,-0.51875,-0.591667,-0.658333,-0.691667,-0.75,-0.775,-0.820833,-0.852083,-0.8625,-0.870833,-0.872917,-0.872917,-0.872917,-0.870833,-0.864583,-0.858333,-0.8375,-0.822917,-0.783333,-0.729167,-0.660417,-0.622917,-0.541667,-0.5,-0.41875,-0.34375,-0.279167,-0.252083,-0.2125,-0.197917,-0.177083,-0.160417,-0.147917,-0.139583,-0.120833,-0.1125,-0.095833,-0.0875,-0.079167,-0.077083,-0.075,-0.072917,-0.072917,-0.072917,-0.070833,-0.070833,-0.066667,-0.064583,-0.060417,-0.052083,-0.041667,-0.0375,-0.029167,-0.027083,-0.025]","[0.001333,0.001333,0.001333,0.001333,0.001333,0.001333,0.001333,0.001333,0.001333,0.001333,0.001333,0.001333,0.001333,0.001333,0.001333,0.001333,0.001333,0.001333,0.001333,0.001333,0.001333,0.001333,0.001333,0.001333,0.001333,0.001333,0.001333,0.001333,-0.001778,-0.001778,-0.001778,-0.001778,-0.001778,-0.001778,-0.001778,-0.001778,-0.001778,-0.001778,-0.001778,-0.001778,-0.001778,-0.001778,-0.001778,-0.001778,-0.001778,-0.001778,-0.001778,-0.001778,-0.001778,-0.001778,-0.001778,-0.001778,0.001333,0.007556,0.010667,0.026222,0.044889,0.057333,0.082222,0.113333,0.128889,0.163111,0.181778,0.228444,0.281333,0.334222,0.359111,0.408889,0.449333,0.471111,0.505333,0.520889,0.548889,0.567556,0.573778,0.58,0.58,0.58,0.58,0.576889,0.573778,0.570667,0.561333,0.555111,0.539556,0.517778,0.489778,0.474222,0.44,0.418222,0.380889,0.343556,0.309333,0.296889,0.275111,0.265778,0.253333,0.244,0.237778,0.231556,0.219111,0.209778,0.191111,0.172444,0.16,0.156889,0.153778,0.150667,0.150667,0.150667,0.147556,0.147556,0.141333,0.138222,0.125778,0.104,0.076,0.063556,0.044889,0.038667,0.032444]","[0.0005,0.0159,0.0331,0.0499,0.0662,0.0828,0.0996,0.1158,0.1328,0.15,0.1662,0.1828,0.1999,0.2162,0.2327,0.2495,0.2663,0.2831,0.2993,0.3163,0.3332,0.3497,0.3667,0.3829,0.3996,0.4164,0.4329,0.4495,0.4664,0.4829,0.4997,0.5166,0.5334,0.5496,0.5663,0.5831,0.5998,0.617,0.6332,0.6497,0.6665,0.6832,0.7,0.7168,0.7331,0.7499,0.7668,0.7836,0.8004,0.8166,0.8336,0.8497,0.8669,0.8839,0.9002,0.9169,0.9339,0.9502,0.9675,0.9835,1.0006,1.0171,1.0333,1.0504,1.0667,1.0837,1.1008,1.1169,1.134,1.1501,1.167,1.1845,1.2002,1.2172,1.2335,1.2506,1.2677,1.2838,1.301,1.3174,1.3336,1.3507,1.3679,1.3839,1.4004,1.4174,1.4344,1.4504,1.4674,1.4845,1.5007,1.5177,1.5339,1.551,1.5673,1.5843,1.6007,1.6175,1.6345,1.6512,1.667,1.6841,1.7013,1.7174,1.7342,1.7512,1.7672,1.7845,1.8006,1.8175,1.8344,1.8513,1.8673,1.8845,1.9007,1.9177,1.9345,1.9508,1.968,1.9842,2.0013]","[1,1,1,1,1,1,1,1,1,1,1,1,1,1,1,1,1,1,1,1,1,1,1,1,1,1,1,1,1,1,1,1,1,1,1,1,1,1,1,1,1,1,1,1,1,1,1,1,1,1,1,1,1,1,1,1,1,1,1,1,1,1,1,1,1,1,1,1,1,1,1,1,2,2,2,2,2,2,2,2,2,2,2,2,2,2,2,2,2,2,2,2,2,2,2,2,2,2,2,2,2,2,2,2,2,2,2,2,2,2,2,2,2,2,2,2,2,2,2,2,2]",190,965.8679,4,285,0,285,0,1,229579,4,SV_73ADPjbMtd0KUBg,304,2022-03-02_15h06.07.165,implicit_time,2021.1.4,Linux x86_64,59.95563283
cursorjump,315,-45,0.5,10,NA,0,NA,0,1,0.5,FALSE,counter,1,"[-0.022917,-0.022917,-0.020833,-0.01875,-0.01875,-0.014583,-0.010417,-0.008333,-0.002083,0.002083,0.002083,0.00625,0.00625,0.008333,0.008333,0.010417,0.010417,0.010417,0.010417,0.010417,0.010417,0.010417,0.010417,0.0125,0.0125,0.0125,0.0125,0.0125,0.0125,0.0125,0.0125,0.0125,0.0125,0.0125,0.0125,0.0125,0.0125,0.0125,0.0125,0.0125,0.0125,0.0125,0.0125,0.0125,0.0125,0.0125,0.0125,0.0125,0.0125,0.0125,0.0125,0.014583,0.020833,0.035417,0.0625,0.079167,0.125,0.152083,0.2125,0.283333,0.358333,0.395833,0.470833,0.50625,0.575,0.639583,0.697917,0.727083,0.777083,0.8,0.835417,0.864583,0.891667,0.902083,0.922917,0.93125,0.945833,0.96875,0.991667,1.002083,1.014583,1.016667,1.016667,1.008333,0.995833,0.989583,0.977083,0.970833,0.95625,0.945833,0.9375,0.933333,0.927083,0.922917,0.9125,0.889583,0.85,0.822917,0.7625,0.733333,0.672917,0.60625,0.5375,0.508333,0.4625,0.44375,0.404167,0.3625,0.325,0.30625,0.275,0.260417,0.23125,0.210417,0.195833,0.189583,0.172917,0.164583,0.14375,0.122917,0.1125,0.09375,0.075,0.058333,0.047917,0.027083,0.01875,0.004167,-0.004167,-0.00625,-0.0125,-0.014583,-0.014583,-0.014583,-0.0125,-0.010417,-0.008333,-0.004167,-0.002083,0.004167,0.008333,0.008333,0.00625,0]","[0.026222,0.026222,0.026222,0.026222,0.026222,0.023111,0.023111,0.02,0.02,0.016889,0.016889,0.016889,0.013778,0.013778,0.013778,0.013778,0.013778,0.013778,0.013778,0.013778,0.013778,0.013778,0.013778,0.013778,0.013778,0.013778,0.013778,0.013778,0.013778,0.013778,0.013778,0.013778,0.013778,0.013778,0.013778,0.013778,0.013778,0.013778,0.013778,0.013778,0.013778,0.013778,0.013778,0.013778,0.013778,0.013778,0.013778,0.013778,0.013778,0.013778,0.013778,0.013778,0.013778,0.013778,0.013778,0.013778,0.016889,0.016889,0.013778,0.007556,-0.001778,-0.004889,-0.014222,-0.017333,-0.023556,-0.029778,-0.039111,-0.042222,-0.048444,-0.054667,-0.060889,-0.073333,-0.092,-0.101333,-0.126222,-0.135556,-0.151111,-0.166667,-0.176,-0.182222,-0.185333,-0.188444,-0.188444,-0.185333,-0.182222,-0.182222,-0.182222,-0.182222,-0.185333,-0.185333,-0.188444,-0.188444,-0.191556,-0.191556,-0.191556,-0.182222,-0.163556,-0.154222,-0.129333,-0.116889,-0.085778,-0.032889,0.038667,0.072889,0.135111,0.16,0.200444,0.234667,0.256444,0.265778,0.272,0.272,0.272,0.268889,0.265778,0.265778,0.259556,0.253333,0.237778,0.222222,0.216,0.200444,0.181778,0.163111,0.153778,0.128889,0.113333,0.088444,0.063556,0.054222,0.044889,0.044889,0.044889,0.044889,0.048,0.051111,0.051111,0.054222,0.054222,0.054222,0.054222,0.048,0.041778,0.029333]","[0.0003,0.0164,0.0335,0.0507,0.0669,0.0839,0.1,0.1169,0.1339,0.1501,0.1672,0.1831,0.2,0.2171,0.2333,0.2501,0.267,0.2837,0.3006,0.3165,0.3336,0.3507,0.3668,0.3839,0.4008,0.4176,0.4339,0.45,0.4671,0.4841,0.4999,0.5168,0.5338,0.551,0.5669,0.5838,0.601,0.6172,0.6343,0.6556,0.667,0.684,0.7006,0.7178,0.7341,0.7502,0.7673,0.7837,0.8007,0.8178,0.8339,0.8509,0.8671,0.8843,0.9005,0.9174,0.9345,0.9506,0.9674,0.9844,1.0012,1.0172,1.0342,1.051,1.0676,1.0844,1.1015,1.1172,1.1342,1.1512,1.1674,1.1844,1.2013,1.2182,1.2345,1.2507,1.2676,1.2846,1.3008,1.3179,1.3347,1.3508,1.3677,1.3845,1.4014,1.4183,1.4345,1.4513,1.4683,1.4842,1.5011,1.518,1.5348,1.551,1.5678,1.5848,1.6015,1.6177,1.6348,1.651,1.6678,1.6847,1.7017,1.7179,1.7351,1.7512,1.7682,1.7852,1.8011,1.8181,1.8352,1.8513,1.8682,1.885,1.902,1.9183,1.9353,1.9514,1.9687,1.9846,2.0017,2.0186,2.0347,2.0517,2.0686,2.0854,2.1014,2.1184,2.1351,2.1513,2.1682,2.1854,2.2016,2.2181,2.2352,2.2522,2.2682,2.2852,2.3022,2.3181,2.3352,2.3522,2.3683,2.3852]","[1,1,1,1,1,1,1,1,1,1,1,1,1,1,1,1,1,1,1,1,1,1,1,1,1,1,1,1,1,1,1,1,1,1,1,1,1,1,1,1,1,1,1,1,1,1,1,1,1,1,1,1,1,1,1,1,1,1,1,1,1,1,1,1,1,1,1,1,1,1,1,1,1,1,1,1,1,2,2,2,2,2,2,2,2,2,2,2,2,2,2,2,2,2,2,2,2,2,2,2,2,2,2,2,2,2,2,2,2,2,2,2,2,2,2,2,2,2,2,2,2,2,2,2,2,2,2,2,2,2,2,2,2,2,2,2,2,2,2,2,2,2,2,2]",210,968.7699,4,286,0,286,0,1,229579,4,SV_73ADPjbMtd0KUBg,304,2022-03-02_15h06.07.165,implicit_time,2021.1.4,Linux x86_64,59.95563283
cursorjump,305,0,0,10,NA,0,NA,0,0,0.5,FALSE,counter,0,"[-0.0125,-0.010417,-0.010417,-0.008333,-0.00625,-0.004167,-0.002083,-0.002083,0,0,0.002083,0.002083,0.004167,0.004167,0.00625,0.00625,0.008333,0.010417,0.010417,0.010417,0.0125,0.0125,0.0125,0.014583,0.014583,0.014583,0.014583,0.016667,0.016667,0.016667,0.016667,0.016667,0.016667,0.016667,0.01875,0.01875,0.01875,0.01875,0.01875,0.020833,0.022917,0.029167,0.03125,0.039583,0.047917,0.052083,0.064583,0.08125,0.089583,0.108333,0.13125,0.145833,0.18125,0.220833,0.241667,0.285417,0.33125,0.352083,0.39375,0.435417,0.45625,0.502083,0.547917,0.566667,0.597917,0.625,0.635417,0.658333,0.672917,0.675,0.675,0.675,0.675,0.672917,0.672917,0.66875,0.65625,0.633333,0.616667,0.579167,0.535417,0.510417,0.458333,0.402083,0.372917,0.31875,0.277083,0.2625,0.233333,0.21875,0.189583,0.166667,0.147917,0.141667,0.133333,0.13125,0.127083,0.122917,0.11875,0.116667,0.114583,0.114583,0.110417,0.108333,0.102083,0.1,0.089583,0.085417,0.075,0.066667,0.058333,0.054167,0.047917,0.045833,0.04375,0.04375,0.04375,0.04375,0.04375,0.04375,0.04375,0.04375,0.041667,0.041667,0.0375,0.035417,0.033333,0.03125]","[-0.017333,-0.017333,-0.020444,-0.020444,-0.020444,-0.020444,-0.020444,-0.023556,-0.023556,-0.023556,-0.023556,-0.026667,-0.026667,-0.026667,-0.026667,-0.029778,-0.029778,-0.029778,-0.032889,-0.032889,-0.032889,-0.032889,-0.036,-0.036,-0.036,-0.036,-0.036,-0.039111,-0.039111,-0.039111,-0.039111,-0.039111,-0.039111,-0.039111,-0.039111,-0.039111,-0.039111,-0.039111,-0.042222,-0.042222,-0.042222,-0.042222,-0.039111,-0.039111,-0.036,-0.036,-0.039111,-0.045333,-0.051556,-0.067111,-0.098222,-0.123111,-0.188444,-0.253778,-0.288,-0.356444,-0.428,-0.462222,-0.521333,-0.574222,-0.605333,-0.664444,-0.720444,-0.745333,-0.785778,-0.826222,-0.841778,-0.876,-0.897778,-0.904,-0.904,-0.904,-0.904,-0.900889,-0.897778,-0.888444,-0.860444,-0.813778,-0.785778,-0.723556,-0.652,-0.614667,-0.536889,-0.456,-0.412444,-0.322222,-0.228889,-0.185333,-0.092,-0.045333,0.035556,0.082222,0.100889,0.107111,0.113333,0.116444,0.119556,0.119556,0.116444,0.113333,0.110222,0.110222,0.107111,0.104,0.094667,0.088444,0.072889,0.066667,0.054222,0.048,0.041778,0.038667,0.035556,0.035556,0.032444,0.032444,0.032444,0.032444,0.032444,0.032444,0.032444,0.032444,0.032444,0.032444,0.029333,0.026222,0.026222,0.023111]","[0.0002,0.016,0.033,0.0491,0.0663,0.0824,0.0995,0.1157,0.1329,0.1497,0.1658,0.1826,0.1997,0.2157,0.2328,0.2492,0.2663,0.2834,0.2992,0.3162,0.3325,0.3493,0.3663,0.3832,0.3995,0.4166,0.4326,0.4495,0.4667,0.4826,0.4997,0.516,0.5328,0.55,0.5661,0.5832,0.5994,0.6165,0.6334,0.6495,0.6666,0.6827,0.6999,0.7162,0.7334,0.7499,0.7662,0.7832,0.7997,0.8164,0.8334,0.8498,0.8663,0.8836,0.8998,0.9162,0.9332,0.9503,0.9665,0.9837,0.9999,1.0168,1.0335,1.05,1.0665,1.0837,1.0998,1.1168,1.1333,1.1499,1.1671,1.1833,1.2005,1.2167,1.2332,1.2501,1.2671,1.2833,1.3003,1.3168,1.3337,1.35,1.367,1.3834,1.4006,1.4168,1.4338,1.4503,1.4674,1.4835,1.5004,1.5172,1.534,1.5508,1.5669,1.584,1.6002,1.6172,1.6343,1.6503,1.6675,1.6836,1.7004,1.7173,1.7342,1.751,1.7672,1.7843,1.8004,1.8175,1.8343,1.8512,1.8673,1.8845,1.9006,1.9177,1.9334,1.9506,1.9676,1.9836,2.0006,2.0175,2.0344,2.0513,2.0675,2.0846,2.1005,2.1173]","[1,1,1,1,1,1,1,1,1,1,1,1,1,1,1,1,1,1,1,1,1,1,1,1,1,1,1,1,1,1,1,1,1,1,1,1,1,1,1,1,1,1,1,1,1,1,1,1,1,1,1,1,1,1,1,1,1,1,1,1,1,1,1,1,2,2,2,2,2,2,2,2,2,2,2,2,2,2,2,2,2,2,2,2,2,2,2,2,2,2,2,2,2,2,2,2,2,2,2,2,2,2,2,2,2,2,2,2,2,2,2,2,2,2,2,2,2,2,2,2,2,2,2,2,2,2,2,2]",210,971.4049,4,287,0,287,0,1,229579,4,SV_73ADPjbMtd0KUBg,304,2022-03-02_15h06.07.165,implicit_time,2021.1.4,Linux x86_64,59.95563283
cursorjump,315,0,0.5,10,NA,0,NA,0,2,0.5,FALSE,errorclamp,1,"[0.027083,0.027083,0.027083,0.027083,0.027083,0.027083,0.027083,0.025,0.025,0.025,0.022917,0.01875,0.01875,0.014583,0.0125,0.0125,0.0125,0.0125,0.010417,0.010417,0.010417,0.0125,0.0125,0.0125,0.0125,0.0125,0.0125,0.010417,0.010417,0.010417,0.010417,0.0125,0.0125,0.0125,0.0125,0.0125,0.014583,0.016667,0.01875,0.022917,0.022917,0.027083,0.029167,0.03125,0.035417,0.041667,0.045833,0.054167,0.060417,0.077083,0.108333,0.152083,0.18125,0.24375,0.277083,0.345833,0.416667,0.489583,0.522917,0.583333,0.610417,0.65,0.679167,0.7,0.710417,0.729167,0.739583,0.75625,0.764583,0.78125,0.79375,0.80625,0.8125,0.81875,0.81875,0.81875,0.81875,0.816667,0.816667,0.80625,0.789583,0.777083,0.74375,0.702083,0.675,0.608333,0.570833,0.491667,0.427083,0.3875,0.372917,0.341667,0.322917,0.28125,0.245833,0.216667,0.2,0.1625,0.125,0.10625,0.077083,0.054167,0.045833,0.033333,0.020833,0.016667,0.008333,0.002083,0,-0.004167,-0.008333,-0.008333,-0.010417,-0.0125,-0.014583,-0.016667,-0.014583,-0.0125,-0.00625,-0.002083]","[0.023111,0.023111,0.023111,0.023111,0.023111,0.023111,0.023111,0.023111,0.02,0.02,0.016889,0.013778,0.013778,0.010667,0.007556,0.007556,0.007556,0.007556,0.007556,0.007556,0.007556,0.007556,0.007556,0.007556,0.007556,0.007556,0.007556,0.007556,0.007556,0.007556,0.007556,0.007556,0.007556,0.007556,0.007556,0.007556,0.007556,0.007556,0.004444,0.004444,0.004444,0.001333,0.001333,0.001333,-0.001778,-0.004889,-0.004889,-0.008,-0.011111,-0.023556,-0.048444,-0.092,-0.123111,-0.197778,-0.238222,-0.328444,-0.415556,-0.490222,-0.524444,-0.574222,-0.592889,-0.627111,-0.652,-0.68,-0.692444,-0.711111,-0.720444,-0.739111,-0.748444,-0.764,-0.773333,-0.785778,-0.792,-0.798222,-0.798222,-0.798222,-0.798222,-0.795111,-0.795111,-0.785778,-0.770222,-0.757778,-0.726667,-0.68,-0.652,-0.586667,-0.546222,-0.465333,-0.387556,-0.328444,-0.303556,-0.26,-0.235111,-0.185333,-0.151111,-0.126222,-0.110667,-0.067111,-0.014222,0.010667,0.048,0.066667,0.072889,0.079111,0.085333,0.088444,0.094667,0.097778,0.100889,0.104,0.104,0.104,0.104,0.100889,0.094667,0.082222,0.066667,0.057333,0.041778,0.026222]","[0.0003,0.0161,0.033,0.0491,0.0662,0.0833,0.0994,0.1156,0.1328,0.149,0.166,0.1828,0.1999,0.2161,0.2333,0.2492,0.266,0.283,0.2991,0.3163,0.3323,0.3494,0.3664,0.3833,0.3994,0.4164,0.4326,0.4494,0.4664,0.4834,0.4995,0.5166,0.5327,0.5497,0.5665,0.5827,0.5998,0.6159,0.6331,0.65,0.6667,0.6836,0.6997,0.7165,0.7336,0.7498,0.767,0.7832,0.8003,0.8165,0.8334,0.8504,0.8665,0.8838,0.8999,0.917,0.9331,0.9502,0.967,0.983,1.0001,1.0162,1.0335,1.0497,1.0666,1.0837,1.0999,1.1164,1.1334,1.15,1.1669,1.1832,1.1999,1.217,1.2334,1.2507,1.2669,1.2841,1.3002,1.3171,1.3337,1.3501,1.3669,1.3838,1.4001,1.4173,1.4332,1.4502,1.467,1.4833,1.5002,1.5171,1.5334,1.5503,1.5675,1.5837,1.601,1.617,1.6339,1.65,1.6672,1.6844,1.7005,1.7177,1.7336,1.7507,1.7669,1.7842,1.8002,1.8171,1.8341,1.8502,1.8676,1.8838,1.901,1.9171,1.9342,1.9505,1.9676,1.9838]","[1,1,1,1,1,1,1,1,1,1,1,1,1,1,1,1,1,1,1,1,1,1,1,1,1,1,1,1,1,1,1,1,1,1,1,1,1,1,1,1,1,1,1,1,1,1,1,1,1,1,1,1,1,1,1,1,1,1,1,1,1,1,1,2,2,2,2,2,2,2,2,2,2,2,2,2,2,2,2,2,2,2,2,2,2,2,2,2,2,2,2,2,2,2,2,2,2,2,2,2,2,2,2,2,2,2,2,2,2,2,2,2,2,2,2,2,2,2,2,2]",230,973.9067,4,288,0,288,0,1,229579,4,SV_73ADPjbMtd0KUBg,304,2022-03-02_15h06.07.165,implicit_time,2021.1.4,Linux x86_64,59.95563283
cursorjump,305,0,0,10,NA,0,NA,0,0,0.5,FALSE,errorclamp,0,"[-0.0125,-0.0125,-0.0125,-0.0125,-0.0125,-0.0125,-0.0125,-0.0125,-0.0125,-0.010417,-0.010417,-0.008333,-0.00625,-0.004167,-0.004167,-0.004167,-0.004167,-0.004167,-0.004167,-0.004167,-0.002083,-0.002083,0,0,0.004167,0.00625,0.008333,0.010417,0.0125,0.0125,0.014583,0.016667,0.020833,0.022917,0.035417,0.04375,0.070833,0.116667,0.183333,0.220833,0.295833,0.329167,0.3875,0.439583,0.4875,0.508333,0.539583,0.55,0.566667,0.577083,0.583333,0.585417,0.585417,0.585417,0.585417,0.5875,0.59375,0.597917,0.6,0.597917,0.5875,0.566667,0.558333,0.55,0.55,0.552083,0.55,0.5375,0.522917,0.475,0.4125,0.377083,0.308333,0.239583,0.210417,0.1625,0.129167,0.10625,0.097917,0.083333,0.077083,0.064583,0.05625,0.052083,0.041667,0.0375]","[0.004444,0.004444,0.004444,0.004444,0.004444,0.004444,0.004444,0.004444,0.004444,0.004444,0.004444,0.001333,0.001333,0.001333,0.001333,0.001333,0.001333,0.001333,0.001333,0.001333,0.001333,0.001333,0.001333,0.001333,0.001333,0.001333,0.001333,0.001333,0.001333,0.001333,-0.001778,-0.001778,-0.011111,-0.017333,-0.039111,-0.054667,-0.101333,-0.176,-0.284889,-0.344,-0.452889,-0.496444,-0.571111,-0.636444,-0.689333,-0.711111,-0.751556,-0.767111,-0.798222,-0.82,-0.838667,-0.844889,-0.848,-0.848,-0.848,-0.844889,-0.841778,-0.841778,-0.838667,-0.835556,-0.813778,-0.785778,-0.773333,-0.754667,-0.742222,-0.739111,-0.732889,-0.714222,-0.698667,-0.652,-0.596,-0.561778,-0.487111,-0.390667,-0.337778,-0.232,-0.148,-0.098222,-0.082667,-0.060889,-0.048444,-0.029778,-0.014222,-0.008,-0.001778,-0.001778]","[0.0003,0.0169,0.0333,0.0501,0.0671,0.0832,0.1004,0.1173,0.1333,0.1505,0.1666,0.1838,0.2,0.2169,0.2341,0.2502,0.267,0.284,0.3001,0.3169,0.334,0.351,0.3671,0.3841,0.4001,0.417,0.434,0.4503,0.4674,0.4842,0.5001,0.5173,0.5341,0.5511,0.5673,0.5838,0.6012,0.6174,0.6338,0.651,0.6673,0.6844,0.7003,0.7175,0.7338,0.7511,0.7672,0.7842,0.8012,0.8175,0.8338,0.8511,0.8674,0.8845,0.9005,0.9175,0.934,0.9512,0.9673,0.9843,1.0013,1.0175,1.0346,1.0506,1.0677,1.0841,1.101,1.1182,1.1344,1.151,1.1681,1.1844,1.2008,1.2179,1.2343,1.2515,1.2676,1.2847,1.3007,1.3178,1.335,1.3512,1.3683,1.3842,1.4014,1.4175]","[1,1,1,1,1,1,1,1,1,1,1,1,1,1,1,1,1,1,1,1,1,1,1,1,1,1,1,1,1,1,1,1,1,1,1,1,1,1,1,1,1,1,1,1,1,1,1,1,2,2,2,2,2,2,2,2,2,2,2,2,2,2,2,2,2,2,2,2,2,2,2,2,2,2,2,2,2,2,2,2,2,2,2,2,2,2]",230,975.8413,4,289,0,289,0,1,229579,4,SV_73ADPjbMtd0KUBg,304,2022-03-02_15h06.07.165,implicit_time,2021.1.4,Linux x86_64,59.95563283
cursorjump,225,0,0.5,10,NA,0,NA,0,2,0.5,FALSE,errorclamp,1,"[-0.010417,-0.010417,-0.010417,-0.010417,-0.008333,-0.00625,-0.00625,-0.004167,-0.004167,-0.004167,-0.002083,-0.002083,-0.002083,0,0,0,0,0,0,0,0.002083,0.002083,0.002083,0.002083,0,-0.0125,-0.022917,-0.05625,-0.097917,-0.147917,-0.177083,-0.239583,-0.308333,-0.341667,-0.40625,-0.466667,-0.49375,-0.545833,-0.59375,-0.616667,-0.65625,-0.689583,-0.70625,-0.729167,-0.747917,-0.75625,-0.764583,-0.76875,-0.76875,-0.770833,-0.772917,-0.775,-0.777083,-0.78125,-0.78125,-0.783333,-0.783333,-0.777083,-0.766667,-0.75,-0.7375,-0.702083,-0.654167,-0.625,-0.560417,-0.489583,-0.454167,-0.385417,-0.320833,-0.291667,-0.233333,-0.18125,-0.158333,-0.120833,-0.091667,-0.083333,-0.066667,-0.0625,-0.05625,-0.05625,-0.058333,-0.058333,-0.060417,-0.060417,-0.05625,-0.052083,-0.041667,-0.033333,-0.016667,-0.008333,0.002083,0.008333,0.0125,0.014583,0.01875,0.01875,0.01875,0.0125]","[-0.001778,-0.001778,-0.001778,-0.001778,-0.001778,0.001333,0.001333,0.001333,0.001333,0.001333,0.001333,0.001333,0.004444,0.004444,0.004444,0.004444,0.004444,0.004444,0.004444,0.004444,0.004444,0.004444,0.004444,0.004444,0.004444,-0.008,-0.017333,-0.048444,-0.085778,-0.132444,-0.160444,-0.222667,-0.291111,-0.325333,-0.387556,-0.443556,-0.471556,-0.524444,-0.577333,-0.602222,-0.648889,-0.692444,-0.711111,-0.742222,-0.764,-0.770222,-0.779556,-0.782667,-0.782667,-0.782667,-0.782667,-0.779556,-0.779556,-0.776444,-0.776444,-0.776444,-0.776444,-0.767111,-0.745333,-0.717333,-0.698667,-0.648889,-0.586667,-0.552444,-0.480889,-0.412444,-0.378222,-0.316,-0.26,-0.235111,-0.182222,-0.135556,-0.113778,-0.079556,-0.051556,-0.042222,-0.023556,-0.014222,-0.008,-0.004889,-0.004889,-0.004889,-0.001778,0.001333,0.004444,0.013778,0.023111,0.032444,0.044889,0.051111,0.057333,0.060444,0.063556,0.063556,0.060444,0.057333,0.048,0.035556]","[0.0002,0.016,0.0331,0.0503,0.0664,0.0836,0.0998,0.1171,0.1331,0.15,0.1662,0.1835,0.1998,0.217,0.233,0.2501,0.2662,0.2834,0.2995,0.3165,0.3333,0.3504,0.3665,0.3837,0.4,0.4162,0.4331,0.4502,0.4664,0.4836,0.4998,0.5166,0.5336,0.5499,0.5671,0.5833,0.6006,0.6167,0.6339,0.6502,0.6673,0.6834,0.7006,0.7166,0.7337,0.7499,0.7672,0.7834,0.8001,0.8173,0.8333,0.8506,0.8667,0.8836,0.9004,0.9173,0.9332,0.9505,0.9668,0.9841,1.0003,1.0169,1.0341,1.0503,1.067,1.0839,1.1003,1.1168,1.1337,1.1503,1.1675,1.1838,1.201,1.2171,1.2342,1.2504,1.2675,1.2836,1.3006,1.3176,1.3338,1.351,1.3671,1.3843,1.4004,1.4174,1.4344,1.4506,1.4679,1.4841,1.5011,1.517,1.5343,1.5505,1.5678,1.5839,1.6011,1.6173]","[1,1,1,1,1,1,1,1,1,1,1,1,1,1,1,1,1,1,1,1,1,1,1,1,1,1,1,1,1,1,1,1,1,1,1,1,1,1,1,1,1,2,2,2,2,2,2,2,2,2,2,2,2,2,2,2,2,2,2,2,2,2,2,2,2,2,2,2,2,2,2,2,2,2,2,2,2,2,2,2,2,2,2,2,2,2,2,2,2,2,2,2,2,2,2,2,2,2]",250,977.9764,4,290,0,290,0,1,229579,4,SV_73ADPjbMtd0KUBg,304,2022-03-02_15h06.07.165,implicit_time,2021.1.4,Linux x86_64,59.95563283
cursorjump,235,0,0,10,NA,0,NA,0,0,0.5,FALSE,errorclamp,0,"[-0.010417,-0.010417,-0.010417,-0.010417,-0.010417,-0.010417,-0.008333,-0.008333,-0.008333,-0.00625,-0.00625,-0.00625,-0.00625,-0.00625,-0.00625,-0.00625,-0.00625,-0.004167,-0.004167,-0.002083,-0.002083,-0.002083,-0.002083,-0.00625,-0.0125,-0.033333,-0.06875,-0.089583,-0.135417,-0.185417,-0.2125,-0.264583,-0.314583,-0.3375,-0.38125,-0.422917,-0.441667,-0.479167,-0.5125,-0.525,-0.547917,-0.566667,-0.572917,-0.58125,-0.585417,-0.5875,-0.5875,-0.585417,-0.583333,-0.58125,-0.579167,-0.577083,-0.572917,-0.566667,-0.5625,-0.552083,-0.539583,-0.529167,-0.504167,-0.470833,-0.452083,-0.40625,-0.360417,-0.3375,-0.295833,-0.25625,-0.235417,-0.195833,-0.160417,-0.145833,-0.120833,-0.1,-0.089583,-0.070833,-0.05625,-0.05,-0.047917,-0.047917,-0.045833,-0.045833,-0.045833,-0.045833,-0.045833,-0.04375,-0.04375,-0.0375,-0.029167,-0.020833]","[0.007556,0.007556,0.007556,0.007556,0.007556,0.007556,0.007556,0.004444,0.004444,0.004444,0.004444,0.004444,0.004444,0.004444,0.004444,0.004444,0.004444,0.004444,0.004444,0.004444,0.004444,0.004444,0.001333,-0.001778,-0.011111,-0.036,-0.070222,-0.095111,-0.154222,-0.232,-0.275556,-0.365778,-0.456,-0.493333,-0.561778,-0.620889,-0.652,-0.704889,-0.754667,-0.773333,-0.807556,-0.829333,-0.835556,-0.844889,-0.851111,-0.851111,-0.851111,-0.848,-0.844889,-0.841778,-0.838667,-0.835556,-0.826222,-0.813778,-0.804444,-0.785778,-0.757778,-0.739111,-0.689333,-0.624,-0.589778,-0.518222,-0.452889,-0.424889,-0.368889,-0.316,-0.291111,-0.244444,-0.204,-0.188444,-0.160444,-0.132444,-0.116889,-0.092,-0.073333,-0.064,-0.060889,-0.060889,-0.060889,-0.057778,-0.057778,-0.057778,-0.057778,-0.057778,-0.054667,-0.045333,-0.036,-0.023556]","[0.0007,0.0157,0.0327,0.0496,0.0658,0.083,0.1002,0.1162,0.1331,0.1498,0.1668,0.1829,0.2,0.2162,0.2333,0.2492,0.2665,0.2827,0.2999,0.3159,0.3327,0.3498,0.3669,0.383,0.4001,0.4161,0.4329,0.4497,0.4669,0.4831,0.5001,0.5161,0.5331,0.55,0.567,0.5831,0.6001,0.6163,0.6334,0.6499,0.6665,0.6831,0.7003,0.7163,0.7332,0.7499,0.7664,0.7836,0.7998,0.817,0.8331,0.8502,0.8667,0.8833,0.8998,0.9167,0.9332,0.9503,0.9668,0.9833,1.0005,1.0166,1.034,1.0503,1.0668,1.0832,1.1002,1.1171,1.1334,1.1504,1.1676,1.1839,1.2,1.2173,1.2335,1.2508,1.2669,1.284,1.3007,1.3168,1.334,1.3502,1.3674,1.3842,1.4001,1.4172,1.4336,1.4508]","[1,1,1,1,1,1,1,1,1,1,1,1,1,1,1,1,1,1,1,1,1,1,1,1,1,1,1,1,1,1,1,1,1,1,1,1,1,1,1,1,2,2,2,2,2,2,2,2,2,2,2,2,2,2,2,2,2,2,2,2,2,2,2,2,2,2,2,2,2,2,2,2,2,2,2,2,2,2,2,2,2,2,2,2,2,2,2,2]",250,979.945,4,291,0,291,0,1,229579,4,SV_73ADPjbMtd0KUBg,304,2022-03-02_15h06.07.165,implicit_time,2021.1.4,Linux x86_64,59.95563283
cursorjump,45,0,0.5,10,NA,0,NA,0,2,0.5,FALSE,errorclamp,1,"[0,0,0,0,0,0,0,0,0,0,0,0,0,0,0,0,0,0,0,0,0,0,0,0,0.002083,0.010417,0.020833,0.05625,0.079167,0.127083,0.18125,0.24375,0.277083,0.35,0.422917,0.45625,0.520833,0.579167,0.60625,0.654167,0.691667,0.70625,0.733333,0.745833,0.770833,0.789583,0.80625,0.814583,0.827083,0.835417,0.845833,0.847917,0.85,0.85,0.85,0.85,0.847917,0.845833,0.845833,0.845833,0.8375,0.829167,0.797917,0.75,0.6875,0.654167,0.579167,0.539583,0.454167,0.375,0.3125,0.285417,0.241667,0.220833,0.18125,0.15,0.125,0.114583,0.1,0.09375,0.085417,0.077083,0.06875,0.066667,0.0625,0.0625,0.060417,0.054167,0.041667,0.035417,0.025,0.020833,0.014583,0.008333,0.002083,-0.002083,-0.004167,-0.00625,-0.00625,-0.004167,-0.002083,0]","[-0.001778,-0.001778,-0.001778,-0.001778,-0.001778,-0.001778,-0.001778,-0.001778,-0.001778,-0.001778,-0.001778,-0.001778,-0.001778,-0.001778,-0.001778,-0.001778,-0.001778,-0.001778,-0.001778,-0.001778,-0.001778,-0.001778,-0.001778,-0.001778,-0.001778,0.004444,0.013778,0.044889,0.063556,0.104,0.150667,0.203556,0.231556,0.293778,0.352889,0.377778,0.424444,0.464889,0.483556,0.514667,0.539556,0.552,0.570667,0.58,0.595556,0.611111,0.620444,0.623556,0.636,0.642222,0.648444,0.651556,0.648444,0.648444,0.648444,0.648444,0.651556,0.651556,0.651556,0.651556,0.645333,0.639111,0.620444,0.592444,0.561333,0.542667,0.499111,0.471111,0.408889,0.352889,0.306222,0.287556,0.253333,0.237778,0.209778,0.184889,0.166222,0.16,0.153778,0.150667,0.144444,0.138222,0.132,0.132,0.128889,0.128889,0.125778,0.122667,0.113333,0.107111,0.097778,0.091556,0.085333,0.076,0.063556,0.057333,0.048,0.048,0.044889,0.041778,0.041778,0.038667]","[0.0001,0.0169,0.0337,0.05,0.067,0.0831,0.1003,0.1163,0.1332,0.1504,0.1666,0.1898,0.2007,0.2169,0.234,0.2503,0.2673,0.2835,0.3006,0.3168,0.3341,0.3501,0.3674,0.3835,0.4004,0.4174,0.4335,0.4508,0.4669,0.4841,0.5001,0.5171,0.5341,0.5503,0.5675,0.5844,0.6003,0.6173,0.6343,0.6504,0.6675,0.6845,0.7004,0.7173,0.7344,0.7506,0.7676,0.7838,0.8008,0.8174,0.8341,0.8507,0.8672,0.8844,0.9006,0.9174,0.9344,0.9506,0.9678,0.9841,1.0014,1.0176,1.0342,1.051,1.0675,1.084,1.101,1.1175,1.1342,1.1514,1.1675,1.1844,1.201,1.2181,1.2345,1.2515,1.2675,1.2846,1.3008,1.3181,1.3343,1.3513,1.3682,1.385,1.401,1.4181,1.4342,1.4513,1.4674,1.4844,1.5015,1.5177,1.5348,1.551,1.5678,1.5848,1.6019,1.618,1.6352,1.6513,1.6683,1.6852]","[1,1,1,1,1,1,1,1,1,1,1,1,1,1,1,1,1,1,1,1,1,1,1,1,1,1,1,1,1,1,1,1,1,1,1,1,1,1,1,1,1,1,1,1,2,2,2,2,2,2,2,2,2,2,2,2,2,2,2,2,2,2,2,2,2,2,2,2,2,2,2,2,2,2,2,2,2,2,2,2,2,2,2,2,2,2,2,2,2,2,2,2,2,2,2,2,2,2,2,2,2,2]",270,982.1467,4,292,0,292,0,1,229579,4,SV_73ADPjbMtd0KUBg,304,2022-03-02_15h06.07.165,implicit_time,2021.1.4,Linux x86_64,59.95563283
cursorjump,35,0,0,10,NA,0,NA,0,0,0.5,FALSE,errorclamp,0,"[0.004167,0.002083,0.002083,0,0,-0.002083,-0.002083,-0.002083,-0.002083,-0.002083,-0.002083,-0.002083,-0.002083,-0.002083,-0.002083,-0.002083,-0.002083,-0.002083,-0.002083,-0.002083,0.002083,0.0125,0.025,0.058333,0.10625,0.133333,0.195833,0.26875,0.308333,0.391667,0.470833,0.539583,0.572917,0.633333,0.6625,0.710417,0.745833,0.760417,0.78125,0.79375,0.797917,0.8,0.79375,0.789583,0.779167,0.76875,0.764583,0.752083,0.74375,0.720833,0.697917,0.6875,0.685417,0.685417,0.6875,0.695833,0.727083,0.775,0.802083,0.8625,0.891667,0.929167,0.941667,0.945833,0.947917,0.95,0.947917,0.929167,0.8875,0.833333,0.808333,0.760417,0.733333,0.670833,0.591667,0.495833,0.447917,0.364583,0.33125,0.275,0.225,0.177083,0.15625,0.127083,0.11875,0.108333,0.102083,0.097917,0.097917,0.095833,0.09375,0.09375,0.091667,0.091667,0.091667,0.085417,0.08125,0.06875,0.05625,0.04375,0.0375,0.03125,0.025,0.020833,0.014583]","[0.007556,0.007556,0.004444,0.001333,0.001333,-0.001778,-0.001778,-0.001778,-0.001778,-0.001778,-0.001778,-0.001778,-0.001778,-0.001778,-0.004889,-0.004889,-0.004889,-0.004889,-0.004889,-0.004889,-0.004889,0.001333,0.007556,0.029333,0.060444,0.076,0.113333,0.156889,0.181778,0.231556,0.275111,0.315556,0.337333,0.371556,0.387111,0.415111,0.436889,0.446222,0.461778,0.468,0.471111,0.471111,0.471111,0.468,0.468,0.464889,0.461778,0.455556,0.452444,0.44,0.430667,0.427556,0.427556,0.427556,0.427556,0.436889,0.452444,0.474222,0.486667,0.508444,0.517778,0.533333,0.536444,0.527111,0.524,0.520889,0.520889,0.520889,0.511556,0.492889,0.486667,0.468,0.455556,0.427556,0.384,0.328,0.296889,0.237778,0.212889,0.172444,0.138222,0.110222,0.097778,0.085333,0.085333,0.088444,0.088444,0.091556,0.091556,0.091556,0.091556,0.091556,0.094667,0.097778,0.097778,0.094667,0.094667,0.085333,0.079111,0.069778,0.066667,0.057333,0.048,0.041778,0.026222]","[0.0002,0.0165,0.0338,0.0498,0.0668,0.083,0.1003,0.1165,0.1336,0.1497,0.1665,0.1835,0.1998,0.2169,0.234,0.25,0.267,0.2832,0.3004,0.3165,0.3338,0.3498,0.3668,0.3838,0.4,0.4171,0.4335,0.4504,0.4667,0.4836,0.5002,0.5172,0.5334,0.5504,0.5669,0.5836,0.6005,0.6168,0.634,0.6505,0.6668,0.6841,0.7005,0.717,0.7339,0.7504,0.7672,0.7839,0.8005,0.8175,0.834,0.8506,0.8671,0.884,0.9006,0.9171,0.934,0.9507,0.9671,0.9843,1.0007,1.0173,1.0343,1.0507,1.0675,1.084,1.101,1.1174,1.1342,1.1507,1.1675,1.1844,1.2009,1.2175,1.2345,1.2509,1.2675,1.2843,1.3008,1.3177,1.3348,1.3511,1.3676,1.3845,1.4009,1.4179,1.4344,1.4515,1.4678,1.4846,1.5015,1.5178,1.5349,1.5511,1.568,1.5846,1.601,1.6179,1.635,1.6514,1.6678,1.685,1.7015,1.7183,1.7346]","[1,1,1,1,1,1,1,1,1,1,1,1,1,1,1,1,1,1,1,1,1,1,1,1,1,1,1,1,1,1,1,1,1,1,1,1,1,1,1,1,1,1,1,1,1,1,1,1,1,1,1,1,1,1,1,1,1,1,1,2,2,2,2,2,2,2,2,2,2,2,2,2,2,2,2,2,2,2,2,2,2,2,2,2,2,2,2,2,2,2,2,2,2,2,2,2,2,2,2,2,2,2,2,2,2]",270,984.3981,4,293,0,293,0,1,229579,4,SV_73ADPjbMtd0KUBg,304,2022-03-02_15h06.07.165,implicit_time,2021.1.4,Linux x86_64,59.95563283
cursorjump,135,0,0.5,10,NA,0,NA,0,2,0.5,FALSE,errorclamp,1,"[-0.010417,-0.010417,-0.010417,-0.010417,-0.010417,-0.008333,-0.008333,-0.008333,-0.008333,-0.010417,-0.010417,-0.008333,-0.008333,-0.008333,-0.008333,-0.008333,-0.008333,-0.008333,-0.008333,-0.008333,-0.010417,-0.014583,-0.022917,-0.047917,-0.066667,-0.1125,-0.15625,-0.2,-0.220833,-0.2625,-0.283333,-0.325,-0.3625,-0.391667,-0.404167,-0.433333,-0.447917,-0.483333,-0.522917,-0.5625,-0.58125,-0.616667,-0.629167,-0.645833,-0.65,-0.64375,-0.6375,-0.633333,-0.633333,-0.635417,-0.635417,-0.635417,-0.635417,-0.635417,-0.6375,-0.641667,-0.64375,-0.645833,-0.64375,-0.635417,-0.63125,-0.622917,-0.6125,-0.60625,-0.591667,-0.570833,-0.554167,-0.516667,-0.46875,-0.445833,-0.402083,-0.360417,-0.3375,-0.285417,-0.220833,-0.189583,-0.133333,-0.089583,-0.070833,-0.035417,0.002083,0.020833]","[0.001333,0.001333,0.001333,0.001333,0.001333,0.001333,0.001333,0.001333,0.001333,0.001333,0.001333,0.001333,0.001333,0.001333,0.004444,0.004444,0.004444,0.001333,0.001333,0.001333,0.004444,0.007556,0.013778,0.035556,0.051111,0.091556,0.138222,0.188,0.212889,0.262667,0.284444,0.324889,0.365333,0.402667,0.418222,0.452444,0.464889,0.496,0.530222,0.567556,0.586222,0.617333,0.629778,0.648444,0.664,0.682667,0.688889,0.701333,0.707556,0.72,0.726222,0.738667,0.748,0.751111,0.751111,0.754222,0.754222,0.754222,0.751111,0.744889,0.741778,0.735556,0.729333,0.726222,0.713778,0.698222,0.685778,0.654667,0.614222,0.589333,0.530222,0.464889,0.433778,0.365333,0.296889,0.262667,0.203556,0.150667,0.128889,0.085333,0.044889,0.026222]","[0.0008,0.0154,0.0325,0.0492,0.0655,0.0824,0.0987,0.1154,0.132,0.1492,0.1656,0.1829,0.1985,0.216,0.2323,0.2491,0.2658,0.2825,0.299,0.3157,0.3325,0.3494,0.3661,0.3825,0.3994,0.4158,0.4326,0.4495,0.466,0.4828,0.4994,0.516,0.5326,0.5493,0.566,0.5829,0.5995,0.6161,0.6329,0.6499,0.6665,0.6831,0.6997,0.716,0.7329,0.7498,0.7665,0.7833,0.7997,0.8163,0.8332,0.8499,0.8665,0.883,0.8997,0.9166,0.9335,0.9502,0.9668,0.9833,1.0001,1.0169,1.0332,1.0499,1.0667,1.0836,1.0997,1.1164,1.1333,1.1503,1.167,1.1836,1.2,1.2167,1.2338,1.2506,1.2672,1.2839,1.3006,1.3172,1.3339,1.3507]","[1,1,1,1,1,1,1,1,1,1,1,1,1,1,1,1,1,1,1,1,1,1,1,1,1,1,1,1,1,1,1,1,1,1,1,1,1,1,1,1,1,1,1,1,1,1,1,1,1,2,2,2,2,2,2,2,2,2,2,2,2,2,2,2,2,2,2,2,2,2,2,2,2,2,2,2,2,2,2,2,2,2]",290,986.2671,4,294,0,294,0,1,229579,4,SV_73ADPjbMtd0KUBg,304,2022-03-02_15h06.07.165,implicit_time,2021.1.4,Linux x86_64,59.95563283
cursorjump,145,0,0,10,NA,0,NA,0,0,0.5,FALSE,errorclamp,0,"[-0.008333,-0.008333,-0.008333,-0.008333,-0.008333,-0.008333,-0.008333,-0.008333,-0.008333,-0.008333,-0.008333,-0.008333,-0.008333,-0.00625,-0.00625,-0.004167,-0.004167,-0.004167,-0.004167,-0.004167,-0.004167,-0.004167,-0.004167,-0.004167,-0.004167,-0.00625,-0.010417,-0.014583,-0.03125,-0.064583,-0.1125,-0.141667,-0.204167,-0.2375,-0.302083,-0.3625,-0.420833,-0.445833,-0.495833,-0.51875,-0.564583,-0.6125,-0.658333,-0.679167,-0.7125,-0.725,-0.741667,-0.754167,-0.760417,-0.772917,-0.783333,-0.791667,-0.79375,-0.802083,-0.80625,-0.816667,-0.822917,-0.825,-0.820833,-0.808333,-0.797917,-0.766667,-0.729167,-0.670833,-0.65,-0.595833,-0.5625,-0.489583,-0.416667,-0.35625,-0.333333,-0.295833,-0.279167,-0.247917,-0.21875,-0.20625,-0.18125,-0.15625,-0.14375,-0.120833,-0.1,-0.083333,-0.079167,-0.072917,-0.070833,-0.06875,-0.064583,-0.05625,-0.052083,-0.039583]","[-0.023556,-0.023556,-0.023556,-0.023556,-0.023556,-0.023556,-0.023556,-0.023556,-0.023556,-0.023556,-0.023556,-0.020444,-0.017333,-0.017333,-0.014222,-0.014222,-0.014222,-0.014222,-0.014222,-0.014222,-0.014222,-0.014222,-0.014222,-0.014222,-0.014222,-0.014222,-0.014222,-0.011111,-0.001778,0.016889,0.048,0.069778,0.122667,0.150667,0.212889,0.275111,0.337333,0.368444,0.430667,0.458667,0.511556,0.561333,0.601778,0.617333,0.645333,0.657778,0.670222,0.673333,0.676444,0.679556,0.682667,0.695111,0.701333,0.716889,0.72,0.729333,0.735556,0.735556,0.735556,0.726222,0.716889,0.698222,0.664,0.608,0.589333,0.542667,0.511556,0.443111,0.377778,0.312444,0.284444,0.240889,0.222222,0.191111,0.166222,0.153778,0.128889,0.104,0.094667,0.069778,0.051111,0.041778,0.035556,0.032444,0.032444,0.032444,0.029333,0.026222,0.02,0.010667]","[0.0005,0.0157,0.0326,0.049,0.066,0.0829,0.0999,0.1158,0.1325,0.1491,0.166,0.1832,0.1992,0.2159,0.2328,0.2494,0.2658,0.2828,0.2999,0.3159,0.3326,0.3494,0.3664,0.3835,0.3995,0.4159,0.4324,0.4494,0.4664,0.4836,0.4996,0.5163,0.5333,0.5494,0.5667,0.5826,0.5998,0.6167,0.633,0.6498,0.6664,0.683,0.6998,0.7166,0.7328,0.75,0.7662,0.7832,0.8003,0.8161,0.8331,0.8505,0.8665,0.8837,0.8998,0.9167,0.9338,0.9499,0.9672,0.9834,1.0002,1.0172,1.0335,1.05,1.0668,1.0832,1.1001,1.1174,1.1335,1.1506,1.1667,1.1839,1.1998,1.2167,1.234,1.2501,1.2673,1.2833,1.3,1.3167,1.3337,1.3503,1.3672,1.3831,1.4008,1.4164,1.4342,1.4499,1.467,1.4839]","[1,1,1,1,1,1,1,1,1,1,1,1,1,1,1,1,1,1,1,1,1,1,1,1,1,1,1,1,1,1,1,1,1,1,1,1,1,1,1,1,1,1,1,1,2,2,2,2,2,2,2,2,2,2,2,2,2,2,2,2,2,2,2,2,2,2,2,2,2,2,2,2,2,2,2,2,2,2,2,2,2,2,2,2,2,2,2,2,2,2]",290,988.7353,4,295,0,295,0,1,229579,4,SV_73ADPjbMtd0KUBg,304,2022-03-02_15h06.07.165,implicit_time,2021.1.4,Linux x86_64,59.95563283
cursorjump,315,0,0.5,10,NA,0,NA,0,2,0.5,FALSE,errorclamp,1,"[0.002083,0.002083,0.002083,0.002083,0.002083,0.002083,0.002083,0.002083,0.002083,0.002083,0.002083,0.002083,0.002083,0.002083,0.002083,0.002083,0.002083,0.002083,0.002083,0.002083,0.002083,0.002083,0.004167,0.008333,0.0125,0.029167,0.054167,0.066667,0.097917,0.129167,0.145833,0.185417,0.241667,0.275,0.347917,0.416667,0.447917,0.502083,0.54375,0.558333,0.5875,0.614583,0.625,0.639583,0.645833,0.64375,0.6375,0.63125,0.63125,0.63125,0.63125,0.629167,0.622917,0.614583,0.610417,0.60625,0.602083,0.597917,0.577083,0.558333,0.50625,0.45,0.397917,0.375,0.320833,0.291667,0.229167,0.18125,0.147917,0.133333,0.102083,0.085417,0.05,0.014583,-0.014583]","[-0.008,-0.008,-0.008,-0.008,-0.008,-0.011111,-0.011111,-0.011111,-0.011111,-0.011111,-0.014222,-0.014222,-0.014222,-0.017333,-0.017333,-0.017333,-0.020444,-0.020444,-0.020444,-0.020444,-0.020444,-0.020444,-0.023556,-0.029778,-0.036,-0.057778,-0.095111,-0.116889,-0.163556,-0.207111,-0.232,-0.291111,-0.365778,-0.409333,-0.490222,-0.555556,-0.586667,-0.639556,-0.686222,-0.708,-0.751556,-0.788889,-0.807556,-0.826222,-0.832444,-0.832444,-0.826222,-0.823111,-0.82,-0.816889,-0.813778,-0.810667,-0.804444,-0.795111,-0.788889,-0.782667,-0.776444,-0.770222,-0.754667,-0.739111,-0.698667,-0.648889,-0.596,-0.564889,-0.496444,-0.456,-0.359556,-0.278667,-0.225778,-0.207111,-0.166667,-0.144889,-0.095111,-0.054667,-0.032889]","[0.0005,0.0166,0.0329,0.0499,0.0667,0.0835,0.1003,0.1178,0.1338,0.1504,0.1665,0.1831,0.2,0.2173,0.2333,0.25,0.2665,0.2832,0.3003,0.3173,0.3334,0.35,0.3669,0.3837,0.4007,0.4166,0.4334,0.4498,0.4669,0.4835,0.5003,0.517,0.5337,0.5502,0.5667,0.5837,0.6006,0.6173,0.6338,0.6502,0.667,0.684,0.7011,0.717,0.7338,0.7505,0.7672,0.7842,0.8012,0.8171,0.8338,0.8506,0.8675,0.8846,0.9006,0.918,0.934,0.9511,0.9676,0.9839,1.0012,1.0173,1.034,1.0507,1.0674,1.0849,1.1013,1.1172,1.134,1.151,1.1671,1.1838,1.2007,1.2179,1.2345]","[1,1,1,1,1,1,1,1,1,1,1,1,1,1,1,1,1,1,1,1,1,1,1,1,1,1,1,1,1,1,1,1,1,1,1,1,1,1,1,1,1,2,2,2,2,2,2,2,2,2,2,2,2,2,2,2,2,2,2,2,2,2,2,2,2,2,2,2,2,2,2,2,2,2,2]",310,990.687,4,296,0,296,0,1,229579,4,SV_73ADPjbMtd0KUBg,304,2022-03-02_15h06.07.165,implicit_time,2021.1.4,Linux x86_64,59.95563283
cursorjump,305,0,0,10,NA,0,NA,0,0,0.5,FALSE,errorclamp,0,"[-0.004167,-0.004167,-0.004167,-0.002083,-0.002083,-0.002083,-0.002083,-0.002083,-0.002083,-0.002083,0,0,0,0.002083,0.002083,0.004167,0.004167,0.00625,0.008333,0.008333,0.010417,0.010417,0.0125,0.0125,0.0125,0.014583,0.014583,0.01875,0.029167,0.045833,0.058333,0.0875,0.104167,0.147917,0.202083,0.258333,0.285417,0.335417,0.360417,0.40625,0.45,0.4875,0.50625,0.533333,0.545833,0.560417,0.566667,0.564583,0.558333,0.55625,0.554167,0.554167,0.554167,0.547917,0.541667,0.516667,0.502083,0.464583,0.427083,0.3875,0.364583,0.316667,0.295833,0.258333,0.23125,0.208333,0.197917,0.179167,0.170833,0.15625,0.147917,0.135417,0.122917,0.1125,0.108333,0.104167,0.104167,0.102083,0.102083,0.1,0.095833,0.0875,0.08125,0.064583,0.047917,0.03125]","[0.001333,0.004444,0.004444,0.004444,0.004444,0.004444,0.004444,0.004444,0.004444,0.004444,0.004444,0.007556,0.007556,0.007556,0.007556,0.010667,0.010667,0.010667,0.013778,0.013778,0.013778,0.016889,0.016889,0.016889,0.02,0.02,0.02,0.013778,-0.004889,-0.045333,-0.073333,-0.144889,-0.185333,-0.275556,-0.378222,-0.471556,-0.512,-0.583556,-0.617778,-0.683111,-0.745333,-0.804444,-0.829333,-0.879111,-0.900889,-0.938222,-0.956889,-0.96,-0.963111,-0.963111,-0.966222,-0.966222,-0.96,-0.938222,-0.922667,-0.876,-0.844889,-0.773333,-0.692444,-0.602222,-0.552444,-0.443556,-0.390667,-0.297333,-0.232,-0.182222,-0.163556,-0.126222,-0.113778,-0.092,-0.085778,-0.076444,-0.067111,-0.057778,-0.054667,-0.045333,-0.045333,-0.042222,-0.042222,-0.039111,-0.036,-0.026667,-0.023556,-0.014222,-0.008,0.004444]","[0.0005,0.0166,0.0331,0.0502,0.0674,0.0831,0.0998,0.1167,0.1333,0.1503,0.1663,0.1833,0.2003,0.217,0.2334,0.2504,0.2674,0.2834,0.3002,0.3171,0.334,0.351,0.3668,0.3837,0.4003,0.4167,0.4337,0.4504,0.4677,0.4837,0.5012,0.519,0.5338,0.5512,0.5675,0.5836,0.6007,0.6176,0.6333,0.6504,0.6676,0.6842,0.7011,0.7171,0.7343,0.7504,0.7677,0.7834,0.8004,0.8177,0.8346,0.8506,0.8675,0.8839,0.901,0.9171,0.9341,0.9504,0.9674,0.9843,1.0012,1.0173,1.0342,1.0504,1.0674,1.0843,1.101,1.1176,1.1335,1.1506,1.1674,1.1842,1.201,1.2176,1.2345,1.2504,1.2672,1.2839,1.3005,1.3175,1.3343,1.3509,1.3674,1.3841,1.4009,1.4175]","[1,1,1,1,1,1,1,1,1,1,1,1,1,1,1,1,1,1,1,1,1,1,1,1,1,1,1,1,1,1,1,1,1,1,1,1,1,1,1,1,1,1,2,2,2,2,2,2,2,2,2,2,2,2,2,2,2,2,2,2,2,2,2,2,2,2,2,2,2,2,2,2,2,2,2,2,2,2,2,2,2,2,2,2,2,2]",310,992.9719,4,297,0,297,0,1,229579,4,SV_73ADPjbMtd0KUBg,304,2022-03-02_15h06.07.165,implicit_time,2021.1.4,Linux x86_64,59.95563283
cursorjump,135,0,0.5,10,NA,0,NA,0,2,0.5,FALSE,errorclamp,1,"[-0.010417,-0.010417,-0.010417,-0.010417,-0.010417,-0.008333,-0.008333,-0.008333,-0.008333,-0.008333,-0.008333,-0.008333,-0.008333,-0.008333,-0.008333,-0.008333,-0.008333,-0.008333,-0.008333,-0.008333,-0.008333,-0.008333,-0.008333,-0.008333,-0.010417,-0.016667,-0.027083,-0.035417,-0.060417,-0.075,-0.114583,-0.1625,-0.214583,-0.239583,-0.2875,-0.308333,-0.35,-0.3875,-0.420833,-0.4375,-0.472917,-0.489583,-0.522917,-0.55,-0.575,-0.5875,-0.610417,-0.61875,-0.633333,-0.645833,-0.654167,-0.658333,-0.666667,-0.66875,-0.670833,-0.672917,-0.675,-0.677083,-0.679167,-0.679167,-0.679167,-0.675,-0.6625,-0.654167,-0.633333,-0.620833,-0.5875,-0.5125,-0.49375,-0.475,-0.414583,-0.383333,-0.316667,-0.25625,-0.202083,-0.177083,-0.139583,-0.127083,-0.104167,-0.085417,-0.066667,-0.05625,-0.039583,-0.035417,-0.027083]","[-0.004889,-0.004889,-0.004889,-0.004889,-0.004889,-0.004889,-0.004889,-0.004889,-0.004889,-0.004889,-0.004889,-0.004889,-0.004889,-0.004889,-0.004889,-0.004889,-0.004889,-0.004889,-0.004889,-0.004889,-0.004889,-0.004889,-0.004889,-0.004889,-0.001778,0.004444,0.016889,0.026222,0.048,0.063556,0.107111,0.16,0.219111,0.247111,0.303111,0.331111,0.387111,0.443111,0.499111,0.527111,0.573778,0.595556,0.636,0.670222,0.701333,0.710667,0.729333,0.735556,0.748,0.757333,0.766667,0.769778,0.776,0.782222,0.785333,0.791556,0.794667,0.797778,0.804,0.804,0.807111,0.800889,0.785333,0.772889,0.741778,0.726222,0.682667,0.595556,0.570667,0.545778,0.480444,0.446222,0.374667,0.303111,0.244,0.219111,0.178667,0.16,0.128889,0.094667,0.066667,0.054222,0.032444,0.026222,0.013778]","[0.0006,0.0164,0.0331,0.05,0.0669,0.0839,0.0993,0.1168,0.1334,0.1501,0.1667,0.1833,0.2004,0.2172,0.2339,0.2497,0.2666,0.2835,0.3005,0.3166,0.3331,0.3506,0.3663,0.3832,0.3999,0.4165,0.4331,0.4512,0.4671,0.4833,0.4998,0.5166,0.5333,0.55,0.5668,0.5839,0.6008,0.617,0.6335,0.6504,0.6673,0.6835,0.7001,0.7168,0.7335,0.7498,0.7674,0.7836,0.8003,0.8169,0.8341,0.8509,0.8677,0.8844,0.901,0.9168,0.9336,0.9507,0.9679,0.9838,1.0006,1.0174,1.0341,1.051,1.0677,1.0844,1.1011,1.1171,1.1338,1.1505,1.1674,1.1843,1.201,1.2178,1.2344,1.2509,1.2675,1.2839,1.3007,1.3173,1.3341,1.3509,1.3676,1.3844,1.4007]","[1,1,1,1,1,1,1,1,1,1,1,1,1,1,1,1,1,1,1,1,1,1,1,1,1,1,1,1,1,1,1,1,1,1,1,1,1,1,1,1,1,1,1,1,1,1,1,2,2,2,2,2,2,2,2,2,2,2,2,2,2,2,2,2,2,2,2,2,2,2,2,2,2,2,2,2,2,2,2,2,2,2,2,2,2]",330,994.8933,4,298,0,298,0,1,229579,4,SV_73ADPjbMtd0KUBg,304,2022-03-02_15h06.07.165,implicit_time,2021.1.4,Linux x86_64,59.95563283
cursorjump,145,0,0,10,NA,0,NA,0,0,0.5,FALSE,errorclamp,0,"[0.00625,0.00625,0.00625,0.00625,0.00625,0.00625,0.00625,0.008333,0.008333,0.008333,0.008333,0.008333,0.008333,0.008333,0.008333,0.008333,0.008333,0.008333,0.008333,0.008333,0.004167,0,-0.020833,-0.054167,-0.1,-0.127083,-0.1875,-0.216667,-0.28125,-0.345833,-0.377083,-0.433333,-0.483333,-0.508333,-0.552083,-0.572917,-0.610417,-0.639583,-0.6625,-0.672917,-0.6875,-0.691667,-0.702083,-0.708333,-0.714583,-0.71875,-0.725,-0.73125,-0.741667,-0.752083,-0.7625,-0.76875,-0.779167,-0.783333,-0.783333,-0.783333,-0.777083,-0.775,-0.764583,-0.760417,-0.747917,-0.729167,-0.691667,-0.666667,-0.577083,-0.558333,-0.491667,-0.416667,-0.35,-0.31875,-0.258333,-0.20625,-0.18125,-0.14375,-0.116667,-0.104167,-0.08125,-0.064583,-0.058333,-0.052083,-0.05,-0.05,-0.05,-0.05,-0.052083,-0.054167,-0.054167,-0.052083,-0.047917,-0.039583,-0.035417,-0.027083,-0.01875,-0.016667]","[0.001333,0.001333,0.001333,0.001333,0.001333,0.001333,0.001333,0.001333,0.001333,0.001333,0.001333,0.001333,0.001333,0.001333,0.001333,0.001333,0.001333,0.001333,0.001333,0.001333,0.004444,0.007556,0.016889,0.038667,0.072889,0.091556,0.138222,0.163111,0.212889,0.265778,0.290667,0.343556,0.396444,0.421333,0.468,0.489778,0.533333,0.573778,0.604889,0.614222,0.629778,0.632889,0.642222,0.645333,0.651556,0.654667,0.664,0.670222,0.682667,0.698222,0.710667,0.716889,0.723111,0.729333,0.729333,0.729333,0.726222,0.723111,0.716889,0.713778,0.701333,0.682667,0.654667,0.639111,0.589333,0.576889,0.527111,0.464889,0.396444,0.365333,0.303111,0.253333,0.231556,0.197333,0.166222,0.153778,0.128889,0.107111,0.100889,0.091556,0.091556,0.091556,0.091556,0.091556,0.094667,0.097778,0.097778,0.097778,0.091556,0.085333,0.079111,0.063556,0.041778,0.035556]","[0.0005,0.0158,0.0323,0.049,0.0662,0.0827,0.0993,0.1157,0.1326,0.1489,0.166,0.1827,0.1992,0.2158,0.2324,0.2499,0.2667,0.2831,0.2997,0.3166,0.3333,0.3499,0.3665,0.3829,0.3994,0.416,0.4327,0.4493,0.466,0.4828,0.4998,0.5162,0.533,0.5498,0.5664,0.5831,0.5999,0.6166,0.6329,0.65,0.6667,0.6832,0.6998,0.7166,0.7333,0.75,0.7668,0.7833,0.8002,0.8161,0.8334,0.8503,0.8668,0.8835,0.9001,0.9167,0.9334,0.95,0.9671,0.9829,0.9998,1.0167,1.0337,1.0503,1.067,1.0832,1.1001,1.117,1.1337,1.1505,1.1671,1.1838,1.2004,1.2171,1.2336,1.2503,1.2671,1.2835,1.3002,1.3167,1.3334,1.3501,1.3668,1.3835,1.4003,1.4168,1.4334,1.4501,1.4668,1.4834,1.5001,1.5172,1.5337,1.5503]","[1,1,1,1,1,1,1,1,1,1,1,1,1,1,1,1,1,1,1,1,1,1,1,1,1,1,1,1,1,1,1,1,1,1,1,1,1,1,1,1,1,1,1,1,2,2,2,2,2,2,2,2,2,2,2,2,2,2,2,2,2,2,2,2,2,2,2,2,2,2,2,2,2,2,2,2,2,2,2,2,2,2,2,2,2,2,2,2,2,2,2,2,2,2]",330,997.2247,4,299,0,299,0,1,229579,4,SV_73ADPjbMtd0KUBg,304,2022-03-02_15h06.07.165,implicit_time,2021.1.4,Linux x86_64,59.95563283
cursorjump,225,0,0.5,10,NA,0,NA,0,2,0.5,FALSE,errorclamp,1,"[0.010417,0.0125,0.0125,0.0125,0.0125,0.0125,0.014583,0.014583,0.014583,0.016667,0.016667,0.01875,0.01875,0.022917,0.025,0.027083,0.029167,0.029167,0.029167,0.029167,0.029167,0.029167,0.029167,0.029167,0.025,0.0125,0.002083,-0.025,-0.04375,-0.0875,-0.139583,-0.195833,-0.227083,-0.29375,-0.327083,-0.397917,-0.46875,-0.535417,-0.564583,-0.622917,-0.65,-0.7,-0.745833,-0.785417,-0.804167,-0.822917,-0.825,-0.827083,-0.829167,-0.829167,-0.83125,-0.833333,-0.83125,-0.822917,-0.808333,-0.8,-0.785417,-0.76875,-0.758333,-0.73125,-0.691667,-0.666667,-0.6125,-0.55,-0.514583,-0.44375,-0.375,-0.339583,-0.277083,-0.222917,-0.197917,-0.158333,-0.122917,-0.108333,-0.085417,-0.06875,-0.064583,-0.058333,-0.058333,-0.05625,-0.05625,-0.054167,-0.054167,-0.054167,-0.054167,-0.054167,-0.047917,-0.039583,-0.033333,-0.025,-0.01875]","[-0.001778,-0.004889,-0.004889,-0.004889,-0.004889,-0.004889,-0.004889,-0.008,-0.008,-0.008,-0.008,-0.008,-0.011111,-0.011111,-0.014222,-0.014222,-0.014222,-0.017333,-0.017333,-0.017333,-0.017333,-0.017333,-0.017333,-0.017333,-0.020444,-0.029778,-0.036,-0.057778,-0.070222,-0.101333,-0.135556,-0.172889,-0.194667,-0.244444,-0.275556,-0.337778,-0.406222,-0.468444,-0.496444,-0.552444,-0.577333,-0.627111,-0.676889,-0.720444,-0.739111,-0.757778,-0.760889,-0.757778,-0.754667,-0.754667,-0.754667,-0.751556,-0.748444,-0.736,-0.717333,-0.708,-0.695556,-0.676889,-0.667556,-0.639556,-0.599111,-0.577333,-0.533778,-0.487111,-0.462222,-0.412444,-0.359556,-0.334667,-0.284889,-0.241333,-0.222667,-0.185333,-0.154222,-0.138667,-0.113778,-0.098222,-0.092,-0.085778,-0.082667,-0.082667,-0.079556,-0.079556,-0.079556,-0.079556,-0.076444,-0.076444,-0.070222,-0.057778,-0.054667,-0.045333,-0.036]","[0.0006,0.0164,0.0333,0.05,0.0666,0.0831,0.0996,0.1163,0.1329,0.1496,0.1661,0.1829,0.1995,0.2164,0.233,0.2495,0.2661,0.2827,0.3002,0.3166,0.3327,0.3491,0.3664,0.3831,0.3997,0.4163,0.433,0.4497,0.4664,0.4832,0.4998,0.5163,0.533,0.5498,0.5663,0.583,0.5999,0.6166,0.6333,0.6498,0.6666,0.6832,0.6998,0.7165,0.7332,0.7503,0.7669,0.7836,0.8001,0.8169,0.8334,0.85,0.8668,0.8836,0.9002,0.9169,0.9338,0.9502,0.967,0.9839,1.0005,1.0171,1.0339,1.0506,1.0666,1.0836,1.1005,1.1173,1.1339,1.1505,1.1671,1.1835,1.2003,1.2169,1.2333,1.2501,1.267,1.2836,1.3003,1.3169,1.3337,1.3504,1.3669,1.3835,1.4001,1.4168,1.4338,1.4505,1.4671,1.4835,1.5003]","[1,1,1,1,1,1,1,1,1,1,1,1,1,1,1,1,1,1,1,1,1,1,1,1,1,1,1,1,1,1,1,1,1,1,1,1,1,1,1,1,1,1,2,2,2,2,2,2,2,2,2,2,2,2,2,2,2,2,2,2,2,2,2,2,2,2,2,2,2,2,2,2,2,2,2,2,2,2,2,2,2,2,2,2,2,2,2,2,2,2,2]",350,999.2426,4,300,0,300,0,1,229579,4,SV_73ADPjbMtd0KUBg,304,2022-03-02_15h06.07.165,implicit_time,2021.1.4,Linux x86_64,59.95563283
cursorjump,235,0,0,10,NA,0,NA,0,0,0.5,FALSE,errorclamp,0,"[0.014583,0.014583,0.014583,0.014583,0.014583,0.014583,0.014583,0.014583,0.014583,0.014583,0.014583,0.014583,0.014583,0.014583,0.014583,0.014583,0.014583,0.014583,0.014583,0.014583,0.014583,0.014583,0.0125,0.008333,0.002083,-0.01875,-0.035417,-0.077083,-0.129167,-0.185417,-0.216667,-0.275,-0.329167,-0.354167,-0.397917,-0.433333,-0.452083,-0.485417,-0.502083,-0.533333,-0.560417,-0.58125,-0.591667,-0.602083,-0.60625,-0.608333,-0.60625,-0.595833,-0.589583,-0.575,-0.55625,-0.545833,-0.522917,-0.491667,-0.472917,-0.429167,-0.383333,-0.360417,-0.316667,-0.277083,-0.258333,-0.222917,-0.19375,-0.183333,-0.166667,-0.160417,-0.152083,-0.14375,-0.133333,-0.129167,-0.11875,-0.114583,-0.10625,-0.097917,-0.0875,-0.085417,-0.077083,-0.072917,-0.064583,-0.05625,-0.05,-0.045833,-0.039583,-0.035417,-0.027083,-0.01875,-0.0125,-0.010417]","[0.004444,0.004444,0.004444,0.004444,0.004444,0.004444,0.004444,0.004444,0.004444,0.004444,0.004444,0.004444,0.004444,0.004444,0.001333,0.001333,0.001333,-0.001778,-0.001778,-0.001778,-0.001778,-0.001778,-0.004889,-0.011111,-0.020444,-0.042222,-0.060889,-0.101333,-0.151111,-0.216444,-0.253778,-0.340889,-0.431111,-0.471556,-0.549333,-0.617778,-0.648889,-0.714222,-0.742222,-0.788889,-0.829333,-0.857333,-0.866667,-0.882222,-0.885333,-0.882222,-0.866667,-0.841778,-0.829333,-0.804444,-0.776444,-0.760889,-0.720444,-0.661333,-0.627111,-0.552444,-0.484,-0.449778,-0.387556,-0.334667,-0.309778,-0.266222,-0.232,-0.219556,-0.204,-0.197778,-0.191556,-0.185333,-0.179111,-0.176,-0.172889,-0.169778,-0.163556,-0.160444,-0.154222,-0.151111,-0.144889,-0.141778,-0.135556,-0.126222,-0.12,-0.113778,-0.101333,-0.095111,-0.076444,-0.060889,-0.048444,-0.039111]","[0.0005,0.0166,0.0337,0.0497,0.0669,0.0832,0.1001,0.1166,0.1335,0.1502,0.167,0.1838,0.2006,0.2164,0.234,0.2504,0.2669,0.2837,0.3004,0.3171,0.3337,0.3505,0.3671,0.3839,0.4005,0.4172,0.4338,0.4506,0.4669,0.4835,0.5004,0.5174,0.5343,0.55,0.5668,0.5836,0.6001,0.6168,0.6335,0.6502,0.6669,0.6835,0.7002,0.717,0.7337,0.7503,0.767,0.7837,0.8005,0.8172,0.8341,0.8506,0.8673,0.8839,0.9004,0.9172,0.9337,0.9506,0.9673,0.9841,1.0007,1.0173,1.0339,1.0507,1.0671,1.0836,1.1005,1.1174,1.134,1.1502,1.1674,1.1838,1.2002,1.2169,1.2339,1.2501,1.2672,1.2834,1.3012,1.317,1.3341,1.3502,1.3668,1.3844,1.4006,1.4174,1.4339,1.4506]","[1,1,1,1,1,1,1,1,1,1,1,1,1,1,1,1,1,1,1,1,1,1,1,1,1,1,1,1,1,1,1,1,1,1,1,1,1,1,1,1,2,2,2,2,2,2,2,2,2,2,2,2,2,2,2,2,2,2,2,2,2,2,2,2,2,2,2,2,2,2,2,2,2,2,2,2,2,2,2,2,2,2,2,2,2,2,2,2]",350,1001.2105,4,301,0,301,0,1,229579,4,SV_73ADPjbMtd0KUBg,304,2022-03-02_15h06.07.165,implicit_time,2021.1.4,Linux x86_64,59.95563283
cursorjump,45,0,0.5,10,NA,0,NA,0,2,0.5,FALSE,errorclamp,1,"[0.020833,0.020833,0.020833,0.020833,0.020833,0.020833,0.020833,0.01875,0.014583,0.008333,0.002083,0,-0.004167,-0.00625,-0.008333,-0.008333,-0.008333,-0.008333,-0.008333,-0.00625,-0.00625,-0.004167,-0.002083,0.00625,0.022917,0.035417,0.066667,0.104167,0.125,0.177083,0.239583,0.272917,0.341667,0.408333,0.439583,0.502083,0.560417,0.5875,0.6375,0.677083,0.691667,0.71875,0.74375,0.75625,0.777083,0.791667,0.797917,0.814583,0.835417,0.85,0.872917,0.8875,0.891667,0.895833,0.8875,0.88125,0.866667,0.845833,0.83125,0.791667,0.735417,0.6625,0.622917,0.5375,0.49375,0.402083,0.308333,0.2625,0.179167,0.108333,0.079167,0.022917,-0.027083]","[0.007556,0.007556,0.007556,0.007556,0.007556,0.007556,0.007556,0.007556,0.004444,0.004444,0.001333,0.001333,0.001333,0.001333,0.001333,0.001333,0.001333,0.001333,0.001333,0.001333,0.001333,0.001333,0.004444,0.010667,0.023111,0.032444,0.054222,0.082222,0.100889,0.135111,0.178667,0.200444,0.244,0.290667,0.312444,0.352889,0.390222,0.405778,0.44,0.461778,0.474222,0.489778,0.508444,0.514667,0.533333,0.545778,0.552,0.564444,0.576889,0.583111,0.598667,0.608,0.611111,0.614222,0.614222,0.611111,0.604889,0.595556,0.586222,0.561333,0.527111,0.486667,0.464889,0.412,0.384,0.321778,0.256444,0.225333,0.163111,0.110222,0.085333,0.044889,0.004444]","[0.0006,0.0172,0.0338,0.0497,0.0672,0.0837,0.0998,0.1166,0.1332,0.1501,0.1666,0.1833,0.2003,0.2165,0.2334,0.25,0.2667,0.2833,0.2999,0.3168,0.3337,0.3499,0.3667,0.3834,0.4004,0.4168,0.4335,0.4502,0.4671,0.4839,0.5,0.517,0.5335,0.5504,0.5667,0.5836,0.6002,0.6169,0.6338,0.65,0.667,0.6838,0.7006,0.7169,0.7338,0.7506,0.7668,0.784,0.8002,0.8173,0.8337,0.8509,0.8669,0.8838,0.9008,0.9171,0.9342,0.9507,0.9679,0.984,1.0013,1.0183,1.0338,1.0506,1.0676,1.084,1.101,1.1172,1.1341,1.1511,1.1675,1.1844,1.2007]","[1,1,1,1,1,1,1,1,1,1,1,1,1,1,1,1,1,1,1,1,1,1,1,1,1,1,1,1,1,1,1,1,1,1,1,1,1,1,1,1,1,1,1,1,1,2,2,2,2,2,2,2,2,2,2,2,2,2,2,2,2,2,2,2,2,2,2,2,2,2,2,2,2]",370,1002.928,4,302,0,302,0,1,229579,4,SV_73ADPjbMtd0KUBg,304,2022-03-02_15h06.07.165,implicit_time,2021.1.4,Linux x86_64,59.95563283
cursorjump,35,0,0,10,NA,0,NA,0,0,0.5,FALSE,errorclamp,0,"[0.0125,0.0125,0.0125,0.0125,0.010417,0.010417,0.008333,0.008333,0.008333,0.008333,0.008333,0.00625,0.00625,0.00625,0.00625,0.00625,0.00625,0.00625,0.00625,0.00625,0.008333,0.016667,0.027083,0.058333,0.102083,0.127083,0.183333,0.252083,0.289583,0.370833,0.410417,0.4875,0.560417,0.63125,0.6625,0.716667,0.760417,0.779167,0.8125,0.827083,0.847917,0.866667,0.879167,0.8875,0.897917,0.904167,0.914583,0.927083,0.935417,0.939583,0.94375,0.94375,0.9375,0.916667,0.88125,0.858333,0.8,0.76875,0.7,0.625,0.547917,0.510417,0.447917,0.420833,0.372917,0.33125,0.29375,0.279167,0.252083,0.241667,0.225,0.2125,0.197917,0.191667,0.179167,0.175,0.172917,0.172917,0.170833,0.16875,0.164583,0.160417,0.152083,0.1375,0.120833,0.114583,0.1,0.09375,0.079167,0.06875,0.058333,0.054167,0.045833,0.04375,0.0375]","[0.001333,0.001333,0.001333,0.001333,0.001333,-0.001778,-0.001778,-0.001778,-0.004889,-0.004889,-0.004889,-0.008,-0.008,-0.008,-0.008,-0.008,-0.008,-0.008,-0.008,-0.008,-0.008,-0.001778,0.007556,0.029333,0.060444,0.076,0.110222,0.150667,0.169333,0.212889,0.231556,0.272,0.309333,0.346667,0.362222,0.393333,0.415111,0.424444,0.44,0.446222,0.455556,0.464889,0.468,0.471111,0.474222,0.474222,0.477333,0.480444,0.483556,0.486667,0.486667,0.489778,0.489778,0.489778,0.483556,0.477333,0.458667,0.446222,0.415111,0.374667,0.328,0.306222,0.262667,0.244,0.209778,0.181778,0.16,0.150667,0.135111,0.128889,0.119556,0.110222,0.100889,0.094667,0.085333,0.082222,0.079111,0.076,0.072889,0.069778,0.066667,0.063556,0.057333,0.048,0.041778,0.038667,0.032444,0.029333,0.023111,0.02,0.016889,0.013778,0.010667,0.010667,0.007556]","[0.0003,0.0161,0.0331,0.0503,0.0662,0.0832,0.1002,0.1161,0.1328,0.1498,0.1669,0.1827,0.1997,0.2166,0.2336,0.2496,0.2667,0.2836,0.2998,0.3169,0.3327,0.3497,0.3666,0.3834,0.4003,0.4163,0.4333,0.4503,0.4665,0.4835,0.4997,0.517,0.5331,0.55,0.567,0.5831,0.6002,0.6172,0.6332,0.6501,0.6666,0.6836,0.7006,0.7167,0.7341,0.75,0.7669,0.7835,0.8004,0.8167,0.8339,0.85,0.867,0.8836,0.9002,0.9216,0.9334,0.9508,0.9668,0.9838,1.0004,1.0175,1.0334,1.0502,1.0672,1.0841,1.1001,1.1171,1.1341,1.1502,1.1672,1.1841,1.2005,1.2176,1.2338,1.2507,1.2678,1.2837,1.3006,1.3178,1.3338,1.3506,1.3677,1.384,1.401,1.4172,1.4344,1.4506,1.4676,1.4845,1.5004,1.5177,1.5337,1.5506,1.5674]","[1,1,1,1,1,1,1,1,1,1,1,1,1,1,1,1,1,1,1,1,1,1,1,1,1,1,1,1,1,1,1,1,1,1,1,1,1,1,1,1,2,2,2,2,2,2,2,2,2,2,2,2,2,2,2,2,2,2,2,2,2,2,2,2,2,2,2,2,2,2,2,2,2,2,2,2,2,2,2,2,2,2,2,2,2,2,2,2,2,2,2,2,2,2,2]",370,1005.2966,4,303,0,303,0,1,229579,4,SV_73ADPjbMtd0KUBg,304,2022-03-02_15h06.07.165,implicit_time,2021.1.4,Linux x86_64,59.95563283
cursorjump,225,0,0.5,10,NA,0,NA,0,2,0.5,FALSE,errorclamp,1,"[0.029167,0.029167,0.03125,0.03125,0.03125,0.03125,0.029167,0.029167,0.029167,0.029167,0.029167,0.029167,0.029167,0.029167,0.029167,0.029167,0.029167,0.029167,0.029167,0.029167,0.029167,0.033333,0.0375,0.04375,0.04375,0.041667,0.022917,-0.00625,-0.022917,-0.06875,-0.127083,-0.160417,-0.229167,-0.3,-0.33125,-0.391667,-0.447917,-0.475,-0.527083,-0.572917,-0.595833,-0.639583,-0.677083,-0.69375,-0.720833,-0.7375,-0.74375,-0.752083,-0.760417,-0.7625,-0.7625,-0.7625,-0.760417,-0.754167,-0.745833,-0.7375,-0.722917,-0.714583,-0.689583,-0.65,-0.597917,-0.56875,-0.514583,-0.489583,-0.441667,-0.391667,-0.335417,-0.30625,-0.252083,-0.229167,-0.191667,-0.16875,-0.154167,-0.147917,-0.1375,-0.135417,-0.127083,-0.120833,-0.116667,-0.1125,-0.102083,-0.095833,-0.089583,-0.085417,-0.08125,-0.077083,-0.064583,-0.060417,-0.052083,-0.05,-0.052083,-0.052083,-0.05,-0.047917,-0.041667,-0.0375]","[0.007556,0.007556,0.007556,0.007556,0.007556,0.007556,0.007556,0.007556,0.007556,0.007556,0.007556,0.007556,0.004444,0.004444,0.004444,0.001333,0.001333,0.001333,0.001333,0.001333,0.001333,0.004444,0.007556,0.010667,0.010667,0.007556,-0.004889,-0.023556,-0.036,-0.070222,-0.116889,-0.144889,-0.216444,-0.294222,-0.331556,-0.396889,-0.456,-0.484,-0.533778,-0.583556,-0.605333,-0.645778,-0.68,-0.695556,-0.723556,-0.748444,-0.760889,-0.788889,-0.810667,-0.816889,-0.816889,-0.82,-0.82,-0.82,-0.807556,-0.801333,-0.785778,-0.773333,-0.742222,-0.689333,-0.617778,-0.580444,-0.512,-0.477778,-0.415556,-0.353333,-0.281778,-0.244444,-0.176,-0.148,-0.104444,-0.076444,-0.060889,-0.051556,-0.042222,-0.039111,-0.029778,-0.026667,-0.020444,-0.017333,-0.008,-0.001778,0.007556,0.010667,0.013778,0.013778,0.016889,0.016889,0.013778,0.004444,-0.008,-0.011111,-0.014222,-0.017333,-0.017333,-0.017333]","[0.0001,0.0167,0.0329,0.05,0.0662,0.0831,0.1,0.1161,0.1335,0.1496,0.1666,0.1829,0.1998,0.2167,0.2338,0.2499,0.2668,0.2838,0.2998,0.3167,0.3337,0.3496,0.3668,0.3836,0.4006,0.4168,0.4339,0.4497,0.4668,0.4838,0.5,0.517,0.5331,0.55,0.5669,0.584,0.5998,0.6168,0.6338,0.6509,0.6669,0.6837,0.7006,0.7167,0.7336,0.7499,0.7669,0.7833,0.8004,0.8171,0.8338,0.85,0.8671,0.8833,0.9007,0.917,0.9336,0.9505,0.967,0.984,1.0002,1.0175,1.0337,1.0506,1.0677,1.0836,1.1009,1.117,1.134,1.1509,1.167,1.1843,1.2005,1.2176,1.2337,1.2505,1.2674,1.2844,1.3006,1.3177,1.3338,1.3507,1.3677,1.3847,1.4006,1.4176,1.4346,1.4505,1.4674,1.4843,1.5012,1.5172,1.5341,1.551,1.5679,1.5848]","[1,1,1,1,1,1,1,1,1,1,1,1,1,1,1,1,1,1,1,1,1,1,1,1,1,1,1,1,1,1,1,1,1,1,1,1,1,1,1,1,1,1,2,2,2,2,2,2,2,2,2,2,2,2,2,2,2,2,2,2,2,2,2,2,2,2,2,2,2,2,2,2,2,2,2,2,2,2,2,2,2,2,2,2,2,2,2,2,2,2,2,2,2,2,2,2]",390,1007.3988,4,304,0,304,0,1,229579,4,SV_73ADPjbMtd0KUBg,304,2022-03-02_15h06.07.165,implicit_time,2021.1.4,Linux x86_64,59.95563283
cursorjump,215,0,0,10,NA,0,NA,0,0,0.5,FALSE,errorclamp,0,"[0,0,0.002083,0.002083,0.002083,0.002083,0.002083,0.002083,0.002083,0.002083,0.002083,0.002083,0.002083,0.002083,0.002083,0.002083,0,0,0,-0.002083,-0.016667,-0.041667,-0.058333,-0.1,-0.127083,-0.189583,-0.258333,-0.329167,-0.364583,-0.433333,-0.466667,-0.53125,-0.589583,-0.64375,-0.666667,-0.710417,-0.725,-0.75,-0.764583,-0.772917,-0.775,-0.78125,-0.785417,-0.789583,-0.789583,-0.7875,-0.783333,-0.766667,-0.752083,-0.716667,-0.666667,-0.60625,-0.572917,-0.504167,-0.470833,-0.408333,-0.354167,-0.310417,-0.289583,-0.254167,-0.2375,-0.210417,-0.195833,-0.175,-0.15625,-0.145833,-0.139583,-0.13125,-0.120833,-0.116667,-0.104167,-0.095833,-0.091667,-0.0875,-0.085417,-0.083333,-0.072917,-0.058333,-0.052083,-0.04375,-0.039583]","[-0.017333,-0.017333,-0.017333,-0.017333,-0.017333,-0.017333,-0.017333,-0.017333,-0.017333,-0.017333,-0.017333,-0.017333,-0.017333,-0.017333,-0.017333,-0.017333,-0.017333,-0.017333,-0.017333,-0.026667,-0.042222,-0.067111,-0.082667,-0.123111,-0.148,-0.210222,-0.281778,-0.356444,-0.390667,-0.456,-0.487111,-0.536889,-0.577333,-0.611556,-0.627111,-0.658222,-0.670667,-0.692444,-0.708,-0.720444,-0.723556,-0.732889,-0.736,-0.745333,-0.748444,-0.748444,-0.745333,-0.723556,-0.708,-0.658222,-0.596,-0.524444,-0.487111,-0.415556,-0.384444,-0.331556,-0.288,-0.250667,-0.235111,-0.204,-0.191556,-0.169778,-0.160444,-0.148,-0.138667,-0.129333,-0.123111,-0.113778,-0.104444,-0.101333,-0.095111,-0.088889,-0.088889,-0.082667,-0.076444,-0.070222,-0.054667,-0.036,-0.029778,-0.017333,-0.011111]","[0.0002,0.0161,0.033,0.049,0.0661,0.0823,0.0995,0.1155,0.1326,0.1496,0.1666,0.1827,0.1996,0.2158,0.233,0.249,0.2659,0.2823,0.2993,0.3164,0.3324,0.3493,0.3664,0.3826,0.3996,0.4161,0.4332,0.4496,0.4659,0.4832,0.4996,0.5159,0.533,0.5497,0.5662,0.5829,0.6,0.616,0.6332,0.6497,0.6667,0.6828,0.6998,0.7162,0.7332,0.7496,0.7664,0.7829,0.8001,0.8162,0.8337,0.8499,0.8664,0.8828,0.8997,0.9162,0.9333,0.9497,0.9669,0.9832,1.0001,1.017,1.0332,1.0505,1.0668,1.0829,1.1,1.1169,1.1339,1.15,1.1672,1.1833,1.2002,1.217,1.2338,1.2499,1.2668,1.2839,1.3,1.317,1.3338]","[1,1,1,1,1,1,1,1,1,1,1,1,1,1,1,1,1,1,1,1,1,1,1,1,1,1,1,1,1,1,1,1,1,1,1,2,2,2,2,2,2,2,2,2,2,2,2,2,2,2,2,2,2,2,2,2,2,2,2,2,2,2,2,2,2,2,2,2,2,2,2,2,2,2,2,2,2,2,2,2,2]",390,1009.2499,4,305,0,305,0,1,229579,4,SV_73ADPjbMtd0KUBg,304,2022-03-02_15h06.07.165,implicit_time,2021.1.4,Linux x86_64,59.95563283
cursorjump,135,0,0.5,10,NA,0,NA,0,2,0.5,FALSE,errorclamp,1,"[-0.00625,-0.00625,-0.00625,-0.00625,-0.00625,-0.00625,-0.00625,-0.00625,-0.00625,-0.00625,-0.00625,-0.00625,-0.00625,-0.00625,-0.00625,-0.00625,-0.008333,-0.010417,-0.010417,-0.0125,-0.014583,-0.01875,-0.025,-0.03125,-0.0375,-0.054167,-0.066667,-0.10625,-0.160417,-0.21875,-0.247917,-0.3,-0.325,-0.372917,-0.41875,-0.4625,-0.48125,-0.51875,-0.535417,-0.575,-0.610417,-0.639583,-0.65,-0.660417,-0.6625,-0.666667,-0.66875,-0.66875,-0.66875,-0.66875,-0.670833,-0.672917,-0.679167,-0.685417,-0.6875,-0.69375,-0.695833,-0.697917,-0.695833,-0.6875,-0.68125,-0.664583,-0.654167,-0.63125,-0.591667,-0.570833,-0.552083,-0.508333,-0.48125,-0.416667,-0.347917,-0.2875,-0.2625,-0.2125,-0.189583,-0.152083,-0.125,-0.104167,-0.09375,-0.075,-0.066667,-0.047917,-0.0375]","[-0.004889,-0.004889,-0.004889,-0.004889,-0.004889,-0.008,-0.008,-0.008,-0.008,-0.008,-0.008,-0.008,-0.008,-0.008,-0.008,-0.008,-0.011111,-0.011111,-0.011111,-0.014222,-0.014222,-0.014222,-0.014222,-0.011111,-0.008,0.004444,0.013778,0.038667,0.079111,0.135111,0.169333,0.240889,0.278222,0.352889,0.427556,0.496,0.527111,0.58,0.601778,0.636,0.657778,0.667111,0.670222,0.673333,0.670222,0.670222,0.670222,0.670222,0.670222,0.670222,0.673333,0.679556,0.688889,0.698222,0.704444,0.707556,0.710667,0.710667,0.707556,0.701333,0.695111,0.676444,0.667111,0.639111,0.598667,0.573778,0.552,0.505333,0.480444,0.424444,0.362222,0.293778,0.259556,0.200444,0.175556,0.135111,0.107111,0.082222,0.069778,0.044889,0.032444,0.010667,-0.004889]","[0.0003,0.0159,0.0329,0.0498,0.0667,0.0826,0.0999,0.1159,0.1328,0.1497,0.1666,0.1835,0.1996,0.2167,0.2328,0.25,0.2668,0.2826,0.2994,0.3165,0.3326,0.3496,0.3665,0.3835,0.3997,0.4169,0.433,0.4502,0.4663,0.4829,0.5001,0.5162,0.5331,0.5502,0.5663,0.5833,0.6003,0.6172,0.6331,0.6501,0.6664,0.6834,0.7,0.7171,0.7331,0.7502,0.7664,0.7835,0.7997,0.8168,0.834,0.8501,0.8664,0.8836,0.9003,0.9167,0.9334,0.9505,0.9666,0.984,1.0002,1.0167,1.0336,1.0502,1.0666,1.0835,1.1007,1.1167,1.1337,1.1503,1.1668,1.1839,1.2001,1.2172,1.2335,1.2503,1.2673,1.2835,1.3007,1.3168,1.3341,1.3503,1.3675]","[1,1,1,1,1,1,1,1,1,1,1,1,1,1,1,1,1,1,1,1,1,1,1,1,1,1,1,1,1,1,1,1,1,1,1,1,1,1,1,1,1,1,1,1,1,1,1,1,1,1,1,1,2,2,2,2,2,2,2,2,2,2,2,2,2,2,2,2,2,2,2,2,2,2,2,2,2,2,2,2,2,2,2]",410,1011.1346,4,306,0,306,0,1,229579,4,SV_73ADPjbMtd0KUBg,304,2022-03-02_15h06.07.165,implicit_time,2021.1.4,Linux x86_64,59.95563283
cursorjump,145,0,0,10,NA,0,NA,0,0,0.5,FALSE,errorclamp,0,"[-0.033333,-0.033333,-0.03125,-0.03125,-0.029167,-0.027083,-0.025,-0.016667,-0.008333,-0.002083,0.002083,0.004167,0.00625,0.008333,0.010417,0.010417,0.0125,0.0125,0.0125,0.0125,0.0125,0.0125,0.0125,0.0125,0.0125,0.008333,-0.004167,-0.029167,-0.045833,-0.091667,-0.11875,-0.18125,-0.247917,-0.314583,-0.345833,-0.404167,-0.43125,-0.479167,-0.520833,-0.55625,-0.572917,-0.602083,-0.614583,-0.639583,-0.66875,-0.685417,-0.71875,-0.75,-0.7625,-0.783333,-0.789583,-0.804167,-0.814583,-0.822917,-0.825,-0.833333,-0.84375,-0.847917,-0.85625,-0.8625,-0.8625,-0.858333,-0.845833,-0.833333,-0.804167,-0.764583,-0.704167,-0.68125,-0.658333,-0.589583,-0.516667,-0.44375,-0.410417,-0.354167,-0.314583,-0.302083,-0.283333,-0.272917,-0.26875,-0.2625,-0.254167,-0.25,-0.239583,-0.225,-0.21875,-0.208333,-0.204167,-0.202083,-0.195833,-0.183333,-0.175,-0.15625,-0.133333,-0.120833,-0.089583,-0.060417,-0.05,-0.035417]","[0.016889,0.016889,0.016889,0.016889,0.016889,0.016889,0.016889,0.013778,0.013778,0.010667,0.010667,0.007556,0.007556,0.004444,0.004444,0.004444,0.004444,0.004444,0.004444,0.004444,0.004444,0.004444,0.004444,0.004444,0.004444,0.004444,0.004444,0.010667,0.016889,0.035556,0.051111,0.088444,0.135111,0.175556,0.197333,0.234667,0.256444,0.293778,0.334222,0.371556,0.387111,0.421333,0.436889,0.474222,0.511556,0.527111,0.561333,0.586222,0.598667,0.617333,0.626667,0.642222,0.651556,0.657778,0.660889,0.667111,0.670222,0.673333,0.679556,0.682667,0.682667,0.673333,0.657778,0.645333,0.620444,0.586222,0.524,0.502222,0.480444,0.415111,0.340444,0.265778,0.234667,0.181778,0.147556,0.135111,0.119556,0.110222,0.107111,0.100889,0.094667,0.091556,0.082222,0.076,0.072889,0.072889,0.072889,0.072889,0.069778,0.069778,0.066667,0.063556,0.057333,0.054222,0.044889,0.029333,0.023111,0.013778]","[0.0003,0.0162,0.033,0.0499,0.0669,0.0831,0.1002,0.1171,0.133,0.15,0.1671,0.1833,0.2004,0.2166,0.2334,0.2506,0.2668,0.2839,0.2998,0.3168,0.3337,0.3505,0.3666,0.3835,0.4008,0.4168,0.4336,0.4505,0.4667,0.4841,0.5,0.517,0.5334,0.5507,0.5669,0.5836,0.6001,0.6171,0.6336,0.6502,0.6674,0.6836,0.7006,0.7168,0.7338,0.7504,0.7669,0.784,0.8003,0.8171,0.8337,0.8509,0.8672,0.8838,0.9007,0.9172,0.9341,0.9504,0.9675,0.9839,1.0005,1.0178,1.034,1.051,1.067,1.0843,1.1004,1.1172,1.1339,1.1513,1.1676,1.1839,1.2012,1.2174,1.2347,1.2509,1.2672,1.2843,1.3012,1.3173,1.3344,1.3505,1.3677,1.3848,1.4011,1.4174,1.434,1.4511,1.4682,1.4844,1.5013,1.5183,1.5344,1.5515,1.5676,1.5845,1.6015,1.6174]","[1,1,1,1,1,1,1,1,1,1,1,1,1,1,1,1,1,1,1,1,1,1,1,1,1,1,1,1,1,1,1,1,1,1,1,1,1,1,1,1,1,1,1,1,1,1,1,1,2,2,2,2,2,2,2,2,2,2,2,2,2,2,2,2,2,2,2,2,2,2,2,2,2,2,2,2,2,2,2,2,2,2,2,2,2,2,2,2,2,2,2,2,2,2,2,2,2,2]",410,1013.269,4,307,0,307,0,1,229579,4,SV_73ADPjbMtd0KUBg,304,2022-03-02_15h06.07.165,implicit_time,2021.1.4,Linux x86_64,59.95563283
cursorjump,315,0,0.5,10,NA,0,NA,0,2,0.5,FALSE,errorclamp,1,"[0.002083,0.004167,0.004167,0.004167,0.004167,0.004167,0.004167,0.004167,0.004167,0.004167,0.004167,0.004167,0.004167,0.004167,0.004167,0.004167,0.004167,0.004167,0.004167,0.004167,0.00625,0.00625,0.0125,0.016667,0.033333,0.054167,0.08125,0.095833,0.13125,0.15,0.195833,0.252083,0.322917,0.364583,0.447917,0.4875,0.55,0.595833,0.627083,0.639583,0.658333,0.666667,0.675,0.68125,0.6875,0.691667,0.697917,0.7,0.7,0.695833,0.691667,0.685417,0.679167,0.675,0.6625,0.635417,0.616667,0.570833,0.520833,0.495833,0.4375,0.370833,0.333333,0.264583,0.20625,0.18125,0.135417,0.089583,0.066667,0.027083,-0.00625]","[-0.011111,-0.011111,-0.011111,-0.011111,-0.008,-0.008,-0.008,-0.008,-0.008,-0.008,-0.008,-0.008,-0.008,-0.008,-0.008,-0.008,-0.008,-0.008,-0.008,-0.008,-0.008,-0.008,-0.011111,-0.011111,-0.020444,-0.036,-0.057778,-0.070222,-0.104444,-0.126222,-0.185333,-0.250667,-0.331556,-0.375111,-0.465333,-0.505778,-0.577333,-0.633333,-0.68,-0.698667,-0.729778,-0.745333,-0.767111,-0.788889,-0.810667,-0.82,-0.832444,-0.835556,-0.835556,-0.829333,-0.826222,-0.823111,-0.816889,-0.813778,-0.801333,-0.779556,-0.760889,-0.723556,-0.676889,-0.652,-0.589778,-0.508889,-0.459111,-0.362667,-0.281778,-0.247556,-0.194667,-0.138667,-0.107556,-0.057778,-0.023556]","[0.0003,0.016,0.033,0.0492,0.0664,0.0825,0.0998,0.1159,0.133,0.1489,0.1659,0.1827,0.1999,0.2161,0.2331,0.2491,0.266,0.283,0.3001,0.3161,0.3333,0.3494,0.3662,0.3833,0.3995,0.4166,0.4328,0.4498,0.4666,0.4827,0.4996,0.5167,0.5328,0.5498,0.5669,0.5828,0.6002,0.6163,0.6335,0.6498,0.6669,0.6829,0.7,0.7163,0.7329,0.7497,0.7667,0.7829,0.8002,0.8164,0.8333,0.8499,0.8664,0.8836,0.8999,0.917,0.9332,0.9499,0.967,0.9833,1.0005,1.0167,1.0332,1.0505,1.0667,1.0833,1.1004,1.1166,1.1337,1.1507,1.1666]","[1,1,1,1,1,1,1,1,1,1,1,1,1,1,1,1,1,1,1,1,1,1,1,1,1,1,1,1,1,1,1,1,1,1,1,1,1,1,1,1,2,2,2,2,2,2,2,2,2,2,2,2,2,2,2,2,2,2,2,2,2,2,2,2,2,2,2,2,2,2,2]",430,1015.1205,4,308,0,308,0,1,229579,4,SV_73ADPjbMtd0KUBg,304,2022-03-02_15h06.07.165,implicit_time,2021.1.4,Linux x86_64,59.95563283
cursorjump,325,0,0,10,NA,0,NA,0,0,0.5,FALSE,errorclamp,0,"[-0.002083,-0.002083,-0.002083,-0.004167,-0.004167,-0.004167,-0.004167,-0.004167,-0.004167,-0.004167,-0.004167,-0.004167,-0.004167,-0.004167,-0.004167,-0.004167,-0.004167,-0.004167,-0.004167,-0.004167,0,0.010417,0.03125,0.045833,0.085417,0.133333,0.158333,0.210417,0.26875,0.302083,0.377083,0.452083,0.485417,0.541667,0.583333,0.6,0.629167,0.65,0.660417,0.677083,0.689583,0.695833,0.704167,0.70625,0.70625,0.704167,0.70625,0.70625,0.708333,0.708333,0.708333,0.714583,0.725,0.733333,0.747917,0.754167,0.75625,0.747917,0.727083,0.708333,0.666667,0.6125,0.583333,0.516667,0.483333,0.416667,0.35625,0.295833,0.266667,0.21875,0.204167,0.183333,0.172917,0.164583,0.160417,0.152083,0.147917,0.141667,0.1375,0.135417,0.135417,0.135417,0.135417,0.135417,0.13125,0.125,0.11875,0.104167,0.09375,0.072917,0.05625,0.05,0.047917,0.045833,0.04375,0.039583,0.035417,0.03125]","[-0.004889,-0.004889,-0.004889,-0.004889,-0.004889,-0.004889,-0.004889,-0.004889,-0.004889,-0.004889,-0.004889,-0.004889,-0.004889,-0.004889,-0.004889,-0.004889,-0.004889,-0.004889,-0.004889,-0.004889,-0.008,-0.011111,-0.023556,-0.036,-0.070222,-0.116889,-0.141778,-0.194667,-0.256889,-0.291111,-0.359556,-0.424889,-0.452889,-0.502667,-0.543111,-0.558667,-0.589778,-0.614667,-0.627111,-0.648889,-0.667556,-0.676889,-0.689333,-0.692444,-0.692444,-0.692444,-0.692444,-0.692444,-0.695556,-0.695556,-0.692444,-0.692444,-0.698667,-0.704889,-0.717333,-0.726667,-0.726667,-0.720444,-0.701778,-0.689333,-0.652,-0.602222,-0.574222,-0.502667,-0.462222,-0.378222,-0.300444,-0.225778,-0.188444,-0.123111,-0.101333,-0.070222,-0.054667,-0.045333,-0.042222,-0.032889,-0.029778,-0.020444,-0.014222,-0.004889,0.004444,0.016889,0.023111,0.029333,0.032444,0.032444,0.029333,0.026222,0.023111,0.023111,0.023111,0.023111,0.023111,0.023111,0.023111,0.023111,0.023111,0.02]","[0.0002,0.016,0.0331,0.0495,0.0666,0.0828,0.0998,0.1161,0.1331,0.1492,0.1659,0.1829,0.2001,0.2162,0.2333,0.2493,0.2664,0.2826,0.2999,0.3161,0.3333,0.3496,0.3667,0.3829,0.3995,0.4168,0.4331,0.4496,0.4664,0.4828,0.4998,0.5164,0.5336,0.5498,0.5668,0.5831,0.6003,0.6166,0.6332,0.65,0.6669,0.6832,0.6998,0.7163,0.7333,0.7502,0.7667,0.7832,0.8005,0.8166,0.8339,0.85,0.8666,0.8837,0.9,0.9171,0.9331,0.9501,0.9674,0.9837,0.9999,1.0171,1.0334,1.0504,1.0666,1.0838,1.1001,1.1172,1.1334,1.1503,1.1674,1.1834,1.2006,1.2168,1.2338,1.2508,1.267,1.2842,1.3003,1.3174,1.3335,1.3504,1.3674,1.3837,1.4007,1.4168,1.4338,1.4509,1.467,1.4843,1.5003,1.5173,1.5342,1.5502,1.5673,1.5846,1.6007,1.6169]","[1,1,1,1,1,1,1,1,1,1,1,1,1,1,1,1,1,1,1,1,1,1,1,1,1,1,1,1,1,1,1,1,1,1,1,1,1,1,1,1,2,2,2,2,2,2,2,2,2,2,2,2,2,2,2,2,2,2,2,2,2,2,2,2,2,2,2,2,2,2,2,2,2,2,2,2,2,2,2,2,2,2,2,2,2,2,2,2,2,2,2,2,2,2,2,2,2,2]",430,1017.6219,4,309,0,309,0,1,229579,4,SV_73ADPjbMtd0KUBg,304,2022-03-02_15h06.07.165,implicit_time,2021.1.4,Linux x86_64,59.95563283
cursorjump,45,0,0.5,10,NA,0,NA,0,2,0.5,FALSE,errorclamp,1,"[-0.010417,-0.0125,-0.014583,-0.016667,-0.01875,-0.01875,-0.01875,-0.01875,-0.016667,-0.016667,-0.016667,-0.016667,-0.016667,-0.016667,-0.016667,-0.016667,-0.016667,-0.014583,-0.014583,-0.014583,-0.014583,-0.014583,-0.014583,-0.0125,-0.00625,0.016667,0.033333,0.077083,0.129167,0.158333,0.220833,0.289583,0.327083,0.402083,0.477083,0.514583,0.589583,0.658333,0.691667,0.754167,0.810417,0.835417,0.877083,0.895833,0.897917,0.897917,0.895833,0.897917,0.895833,0.891667,0.8875,0.86875,0.847917,0.8375,0.816667,0.7875,0.739583,0.708333,0.63125,0.589583,0.508333,0.4375,0.3625,0.325,0.247917,0.210417,0.14375,0.095833,0.060417,0.04375,0.01875,0.00625,-0.010417,-0.014583,-0.020833,-0.020833,-0.01875,-0.01875,-0.016667,-0.014583,-0.014583,-0.0125]","[0.016889,0.013778,0.010667,0.007556,0.007556,0.007556,0.007556,0.007556,0.007556,0.007556,0.007556,0.007556,0.007556,0.004444,0.004444,0.004444,0.004444,0.001333,0.001333,0.001333,0.001333,0.001333,0.001333,0.001333,0.010667,0.035556,0.054222,0.097778,0.150667,0.178667,0.231556,0.284444,0.309333,0.352889,0.393333,0.408889,0.446222,0.477333,0.492889,0.520889,0.548889,0.561333,0.586222,0.595556,0.595556,0.595556,0.595556,0.595556,0.595556,0.595556,0.595556,0.589333,0.58,0.573778,0.564444,0.552,0.527111,0.514667,0.474222,0.449333,0.399556,0.352889,0.306222,0.281333,0.231556,0.209778,0.166222,0.132,0.107111,0.097778,0.076,0.066667,0.054222,0.051111,0.048,0.044889,0.044889,0.044889,0.041778,0.041778,0.041778,0.038667]","[0.0003,0.0171,0.0334,0.0506,0.0666,0.0836,0.1007,0.1168,0.1339,0.15,0.167,0.1839,0.1999,0.2172,0.2332,0.2504,0.2674,0.2834,0.3005,0.3175,0.3336,0.3507,0.3674,0.3843,0.4005,0.4176,0.4338,0.4508,0.4677,0.4837,0.5006,0.5175,0.5336,0.5509,0.5671,0.5842,0.6004,0.6176,0.6338,0.6509,0.6671,0.6844,0.7005,0.7177,0.7339,0.7508,0.7678,0.784,0.8006,0.8177,0.8339,0.851,0.8672,0.8842,0.9004,0.9172,0.9341,0.951,0.9679,0.984,1.0011,1.0174,1.0345,1.0509,1.068,1.084,1.1013,1.1173,1.1341,1.1511,1.1683,1.1845,1.2015,1.2178,1.2348,1.2507,1.2678,1.2849,1.3012,1.3182,1.334,1.351]","[1,1,1,1,1,1,1,1,1,1,1,1,1,1,1,1,1,1,1,1,1,1,1,1,1,1,1,1,1,1,1,1,1,1,1,1,1,1,1,1,2,2,2,2,2,2,2,2,2,2,2,2,2,2,2,2,2,2,2,2,2,2,2,2,2,2,2,2,2,2,2,2,2,2,2,2,2,2,2,2,2,2]",450,1019.4903,4,310,0,310,0,1,229579,4,SV_73ADPjbMtd0KUBg,304,2022-03-02_15h06.07.165,implicit_time,2021.1.4,Linux x86_64,59.95563283
cursorjump,35,0,0,10,NA,0,NA,0,0,0.5,FALSE,errorclamp,0,"[-0.0125,-0.0125,-0.0125,-0.0125,-0.0125,-0.0125,-0.0125,-0.0125,-0.0125,-0.0125,-0.0125,-0.0125,-0.0125,-0.0125,-0.0125,-0.0125,-0.0125,-0.0125,-0.0125,-0.014583,-0.016667,-0.01875,-0.020833,-0.01875,-0.004167,0.008333,0.047917,0.075,0.139583,0.214583,0.295833,0.339583,0.425,0.46875,0.55625,0.6375,0.675,0.74375,0.795833,0.833333,0.845833,0.860417,0.864583,0.864583,0.854167,0.833333,0.820833,0.797917,0.7875,0.766667,0.741667,0.708333,0.685417,0.635417,0.608333,0.554167,0.49375,0.41875,0.377083,0.295833,0.258333,0.197917,0.15625,0.122917,0.110417,0.09375,0.091667,0.089583,0.095833,0.104167,0.110417,0.120833,0.127083,0.1375,0.141667,0.14375,0.141667,0.135417,0.129167,0.116667,0.1,0.08125,0.072917,0.060417,0.05625,0.05,0.04375,0.035417]","[0.016889,0.016889,0.016889,0.016889,0.016889,0.016889,0.016889,0.016889,0.016889,0.016889,0.016889,0.016889,0.016889,0.016889,0.016889,0.016889,0.016889,0.016889,0.016889,0.016889,0.010667,0.007556,0.004444,0.004444,0.013778,0.023111,0.051111,0.066667,0.107111,0.147556,0.188,0.209778,0.250222,0.272,0.309333,0.346667,0.362222,0.390222,0.412,0.424444,0.430667,0.433778,0.436889,0.436889,0.430667,0.424444,0.418222,0.405778,0.402667,0.393333,0.380889,0.368444,0.359111,0.340444,0.331111,0.306222,0.275111,0.231556,0.203556,0.150667,0.122667,0.082222,0.051111,0.029333,0.02,0.010667,0.007556,0.007556,0.010667,0.016889,0.02,0.026222,0.026222,0.029333,0.029333,0.029333,0.029333,0.026222,0.026222,0.02,0.013778,0.007556,0.004444,0.001333,0.001333,-0.001778,-0.001778,-0.001778]","[0.0002,0.0164,0.0336,0.0497,0.0669,0.0831,0.1001,0.1162,0.1331,0.1501,0.1672,0.1833,0.2,0.2164,0.2336,0.2506,0.2669,0.284,0.2999,0.3171,0.3333,0.3501,0.367,0.384,0.4001,0.4173,0.4332,0.4501,0.4674,0.4837,0.5001,0.517,0.5335,0.5501,0.5674,0.5836,0.6003,0.6169,0.6335,0.6504,0.6676,0.6837,0.701,0.7171,0.7341,0.7506,0.7672,0.7838,0.8004,0.8172,0.8342,0.8506,0.8674,0.884,0.9007,0.9171,0.934,0.951,0.9672,0.9842,1.0006,1.0179,1.0342,1.0505,1.0677,1.084,1.1009,1.1178,1.1348,1.151,1.1679,1.184,1.2012,1.2175,1.2345,1.2514,1.2674,1.2846,1.3011,1.3176,1.3347,1.3511,1.3683,1.3843,1.4013,1.4177,1.4349,1.4512]","[1,1,1,1,1,1,1,1,1,1,1,1,1,1,1,1,1,1,1,1,1,1,1,1,1,1,1,1,1,1,1,1,1,1,1,1,1,1,1,1,1,2,2,2,2,2,2,2,2,2,2,2,2,2,2,2,2,2,2,2,2,2,2,2,2,2,2,2,2,2,2,2,2,2,2,2,2,2,2,2,2,2,2,2,2,2,2,2]",450,1021.4588,4,311,0,311,0,1,229579,4,SV_73ADPjbMtd0KUBg,304,2022-03-02_15h06.07.165,implicit_time,2021.1.4,Linux x86_64,59.95563283
cursorjump,135,0,0.5,10,NA,0,NA,0,2,0.5,FALSE,errorclamp,1,"[0.016667,0.016667,0.016667,0.016667,0.01875,0.01875,0.016667,0.016667,0.016667,0.016667,0.016667,0.016667,0.016667,0.016667,0.016667,0.016667,0.016667,0.016667,0.014583,0.010417,0.008333,0,-0.0125,-0.022917,-0.047917,-0.085417,-0.13125,-0.158333,-0.2125,-0.239583,-0.29375,-0.345833,-0.370833,-0.41875,-0.466667,-0.4875,-0.529167,-0.564583,-0.58125,-0.610417,-0.633333,-0.64375,-0.6625,-0.675,-0.679167,-0.683333,-0.685417,-0.685417,-0.685417,-0.689583,-0.691667,-0.695833,-0.702083,-0.70625,-0.7125,-0.714583,-0.716667,-0.714583,-0.70625,-0.697917,-0.679167,-0.664583,-0.629167,-0.55625,-0.508333,-0.466667,-0.3875,-0.35,-0.289583,-0.241667,-0.204167,-0.1875,-0.160417,-0.15,-0.133333,-0.116667,-0.1,-0.091667,-0.085417,-0.083333,-0.083333,-0.085417,-0.089583,-0.091667,-0.097917,-0.097917,-0.095833,-0.0875,-0.077083,-0.070833,-0.060417,-0.05,-0.04375,-0.03125,-0.022917]","[-0.001778,-0.001778,-0.001778,-0.001778,-0.001778,-0.001778,-0.001778,-0.001778,-0.001778,-0.001778,-0.001778,-0.001778,-0.001778,-0.001778,-0.001778,-0.001778,-0.001778,-0.001778,-0.001778,-0.001778,-0.001778,-0.001778,0.001333,0.007556,0.023111,0.048,0.085333,0.107111,0.153778,0.175556,0.222222,0.265778,0.287556,0.337333,0.387111,0.415111,0.471111,0.524,0.545778,0.586222,0.611111,0.620444,0.632889,0.642222,0.642222,0.645333,0.645333,0.645333,0.645333,0.648444,0.651556,0.657778,0.670222,0.676444,0.685778,0.692,0.695111,0.695111,0.685778,0.676444,0.648444,0.629778,0.58,0.499111,0.464889,0.44,0.384,0.359111,0.303111,0.253333,0.206667,0.181778,0.141333,0.119556,0.082222,0.051111,0.026222,0.016889,0.010667,0.007556,0.007556,0.010667,0.013778,0.016889,0.026222,0.029333,0.038667,0.044889,0.048,0.044889,0.044889,0.038667,0.035556,0.029333,0.02]","[0.0003,0.0164,0.0333,0.0497,0.0662,0.0834,0.0998,0.1166,0.1327,0.1495,0.1659,0.1832,0.1994,0.2165,0.2329,0.25,0.2664,0.2835,0.2999,0.3168,0.3333,0.3499,0.3664,0.3837,0.4,0.4166,0.4335,0.45,0.4667,0.4832,0.5004,0.5169,0.5334,0.5503,0.5666,0.5836,0.6001,0.6168,0.6336,0.65,0.6667,0.6838,0.7002,0.717,0.7335,0.7502,0.7669,0.7836,0.8002,0.817,0.8339,0.8506,0.8672,0.8838,0.9007,0.9173,0.9337,0.9504,0.9673,0.9838,1.0005,1.0174,1.034,1.0509,1.0676,1.0842,1.1008,1.1174,1.1341,1.1509,1.1676,1.1843,1.2009,1.2176,1.2342,1.2508,1.2676,1.2843,1.3008,1.3177,1.3346,1.3511,1.3676,1.3842,1.401,1.4178,1.4344,1.4513,1.4679,1.4842,1.501,1.5179,1.5346,1.5512,1.568]","[1,1,1,1,1,1,1,1,1,1,1,1,1,1,1,1,1,1,1,1,1,1,1,1,1,1,1,1,1,1,1,1,1,1,1,1,1,1,1,1,1,1,1,1,1,1,1,1,1,1,1,1,2,2,2,2,2,2,2,2,2,2,2,2,2,2,2,2,2,2,2,2,2,2,2,2,2,2,2,2,2,2,2,2,2,2,2,2,2,2,2,2,2,2,2]",470,1023.5443,4,312,0,312,0,1,229579,4,SV_73ADPjbMtd0KUBg,304,2022-03-02_15h06.07.165,implicit_time,2021.1.4,Linux x86_64,59.95563283
cursorjump,145,0,0,10,NA,0,NA,0,0,0.5,FALSE,errorclamp,0,"[-0.00625,-0.00625,-0.00625,-0.00625,-0.00625,-0.00625,-0.00625,-0.00625,-0.00625,-0.00625,-0.00625,-0.00625,-0.00625,-0.00625,-0.00625,-0.00625,-0.00625,-0.00625,-0.00625,-0.00625,-0.0125,-0.020833,-0.041667,-0.058333,-0.097917,-0.15,-0.210417,-0.24375,-0.31875,-0.35625,-0.433333,-0.5,-0.558333,-0.585417,-0.639583,-0.664583,-0.714583,-0.75625,-0.7875,-0.797917,-0.8125,-0.816667,-0.820833,-0.820833,-0.820833,-0.820833,-0.820833,-0.820833,-0.820833,-0.820833,-0.822917,-0.822917,-0.822917,-0.822917,-0.8125,-0.785417,-0.739583,-0.7125,-0.629167,-0.6125,-0.547917,-0.464583,-0.389583,-0.35625,-0.30625,-0.2875,-0.260417,-0.239583,-0.229167,-0.204167,-0.177083,-0.1625,-0.1375,-0.114583,-0.10625,-0.091667,-0.0875,-0.085417,-0.085417,-0.083333,-0.08125,-0.077083,-0.070833,-0.070833,-0.066667,-0.060417,-0.054167,-0.045833,-0.039583,-0.035417,-0.033333]","[0.007556,0.007556,0.007556,0.007556,0.007556,0.007556,0.007556,0.007556,0.007556,0.007556,0.007556,0.007556,0.007556,0.007556,0.007556,0.007556,0.007556,0.007556,0.007556,0.007556,0.010667,0.013778,0.029333,0.038667,0.060444,0.094667,0.138222,0.163111,0.212889,0.237778,0.287556,0.328,0.368444,0.387111,0.418222,0.436889,0.474222,0.517778,0.558222,0.570667,0.589333,0.595556,0.595556,0.595556,0.595556,0.592444,0.592444,0.592444,0.592444,0.592444,0.592444,0.592444,0.592444,0.592444,0.586222,0.570667,0.548889,0.533333,0.480444,0.464889,0.412,0.349778,0.293778,0.265778,0.225333,0.203556,0.172444,0.147556,0.138222,0.116444,0.097778,0.088444,0.069778,0.057333,0.054222,0.051111,0.051111,0.048,0.048,0.048,0.044889,0.041778,0.038667,0.038667,0.035556,0.032444,0.032444,0.029333,0.026222,0.023111,0.023111]","[0.0005,0.0171,0.0331,0.0502,0.0668,0.0836,0.1005,0.117,0.1341,0.1504,0.167,0.1835,0.2003,0.2173,0.234,0.2503,0.2668,0.284,0.3007,0.3176,0.3344,0.3508,0.3674,0.3841,0.4006,0.4175,0.4343,0.4503,0.4674,0.4843,0.5007,0.5176,0.5338,0.5505,0.567,0.5837,0.6005,0.6167,0.634,0.6504,0.6672,0.684,0.7076,0.7178,0.7342,0.7507,0.7679,0.7832,0.8006,0.8178,0.8348,0.8505,0.8682,0.8846,0.9009,0.9177,0.9349,0.9506,0.9674,0.9844,1.0012,1.018,1.0339,1.0512,1.0682,1.085,1.102,1.1177,1.1345,1.151,1.168,1.1843,1.2014,1.2179,1.2348,1.2515,1.2675,1.2847,1.3016,1.3176,1.3346,1.3512,1.3678,1.3847,1.4018,1.4177,1.4346,1.4515,1.4679,1.4846,1.5015]","[1,1,1,1,1,1,1,1,1,1,1,1,1,1,1,1,1,1,1,1,1,1,1,1,1,1,1,1,1,1,1,1,1,1,1,1,1,1,2,2,2,2,2,2,2,2,2,2,2,2,2,2,2,2,2,2,2,2,2,2,2,2,2,2,2,2,2,2,2,2,2,2,2,2,2,2,2,2,2,2,2,2,2,2,2,2,2,2,2,2,2]",470,1025.563,4,313,0,313,0,1,229579,4,SV_73ADPjbMtd0KUBg,304,2022-03-02_15h06.07.165,implicit_time,2021.1.4,Linux x86_64,59.95563283
cursorjump,45,0,0.5,10,NA,0,NA,0,2,0.5,FALSE,errorclamp,1,"[-0.002083,-0.002083,-0.002083,-0.002083,-0.002083,-0.002083,-0.002083,-0.002083,-0.002083,0,0,0,0,0,0,0,0,0,0,0,0,0,0.002083,0.008333,0.027083,0.039583,0.075,0.097917,0.152083,0.2125,0.279167,0.314583,0.391667,0.427083,0.497917,0.55625,0.610417,0.635417,0.685417,0.708333,0.75,0.785417,0.814583,0.827083,0.847917,0.85625,0.866667,0.866667,0.866667,0.864583,0.860417,0.854167,0.835417,0.810417,0.777083,0.75625,0.702083,0.66875,0.59375,0.520833,0.452083,0.416667,0.34375,0.308333,0.239583,0.18125,0.13125,0.110417,0.070833,0.05625,0.027083,0.00625]","[-0.004889,-0.004889,-0.004889,-0.004889,-0.004889,-0.004889,-0.004889,-0.004889,-0.004889,-0.004889,-0.004889,-0.004889,-0.004889,-0.004889,-0.004889,-0.004889,-0.004889,-0.004889,-0.004889,-0.004889,-0.004889,-0.004889,-0.001778,0.004444,0.023111,0.038667,0.079111,0.100889,0.153778,0.206667,0.259556,0.287556,0.340444,0.362222,0.402667,0.433778,0.464889,0.480444,0.508444,0.520889,0.545778,0.570667,0.592444,0.601778,0.623556,0.632889,0.645333,0.645333,0.645333,0.645333,0.648444,0.648444,0.642222,0.629778,0.608,0.592444,0.555111,0.533333,0.483556,0.430667,0.377778,0.349778,0.293778,0.265778,0.212889,0.169333,0.128889,0.113333,0.085333,0.072889,0.051111,0.032444]","[0.0005,0.0165,0.0334,0.0496,0.0663,0.0833,0.0999,0.1165,0.1336,0.15,0.1666,0.1836,0.2002,0.2166,0.2329,0.2504,0.2665,0.2835,0.3,0.3167,0.3338,0.3503,0.3663,0.3838,0.3997,0.4169,0.4338,0.4496,0.4668,0.4839,0.4998,0.5172,0.5332,0.5502,0.5673,0.5839,0.6006,0.6175,0.6334,0.6504,0.6671,0.6836,0.7005,0.7171,0.7337,0.7507,0.7669,0.7841,0.8003,0.8179,0.8338,0.8504,0.867,0.8837,0.9003,0.9171,0.934,0.9506,0.9672,0.984,1.0007,1.0173,1.0335,1.051,1.067,1.0841,1.1005,1.1178,1.134,1.1506,1.1672,1.1842]","[1,1,1,1,1,1,1,1,1,1,1,1,1,1,1,1,1,1,1,1,1,1,1,1,1,1,1,1,1,1,1,1,1,1,1,1,1,1,1,1,1,2,2,2,2,2,2,2,2,2,2,2,2,2,2,2,2,2,2,2,2,2,2,2,2,2,2,2,2,2,2,2]",490,1027.264,4,314,0,314,0,1,229579,4,SV_73ADPjbMtd0KUBg,304,2022-03-02_15h06.07.165,implicit_time,2021.1.4,Linux x86_64,59.95563283
cursorjump,35,0,0,10,NA,0,NA,0,0,0.5,FALSE,errorclamp,0,"[-0.0125,-0.0125,-0.0125,-0.0125,-0.0125,-0.0125,-0.0125,-0.0125,-0.0125,-0.0125,-0.0125,-0.0125,-0.0125,-0.0125,-0.0125,-0.0125,-0.0125,-0.0125,-0.0125,-0.0125,-0.0125,-0.0125,-0.0125,-0.0125,-0.0125,-0.008333,0.004167,0.025,0.039583,0.072917,0.09375,0.1375,0.191667,0.25625,0.2875,0.35,0.379167,0.433333,0.483333,0.529167,0.552083,0.591667,0.608333,0.641667,0.672917,0.7,0.7125,0.735417,0.745833,0.764583,0.78125,0.7875,0.802083,0.810417,0.8125,0.8125,0.8125,0.8125,0.808333,0.8,0.791667,0.772917,0.747917,0.733333,0.708333,0.683333,0.666667,0.627083,0.56875,0.535417,0.470833,0.414583,0.389583,0.339583,0.289583,0.2625,0.214583,0.177083,0.160417,0.133333,0.108333,0.095833,0.075,0.0625,0.060417,0.058333,0.058333,0.058333,0.060417,0.060417,0.060417,0.060417,0.058333,0.05625,0.047917,0.039583,0.035417]","[-0.017333,-0.017333,-0.017333,-0.017333,-0.017333,-0.017333,-0.017333,-0.017333,-0.017333,-0.017333,-0.017333,-0.017333,-0.017333,-0.017333,-0.017333,-0.017333,-0.017333,-0.017333,-0.017333,-0.017333,-0.017333,-0.017333,-0.017333,-0.017333,-0.017333,-0.014222,-0.008,0.010667,0.02,0.051111,0.066667,0.100889,0.138222,0.175556,0.194222,0.231556,0.250222,0.284444,0.315556,0.346667,0.359111,0.384,0.393333,0.415111,0.430667,0.449333,0.455556,0.471111,0.477333,0.486667,0.496,0.499111,0.508444,0.511556,0.514667,0.514667,0.514667,0.514667,0.511556,0.508444,0.505333,0.499111,0.489778,0.483556,0.474222,0.461778,0.452444,0.430667,0.399556,0.380889,0.340444,0.3,0.281333,0.237778,0.194222,0.172444,0.132,0.104,0.091556,0.072889,0.057333,0.051111,0.035556,0.029333,0.026222,0.026222,0.029333,0.029333,0.032444,0.032444,0.032444,0.032444,0.032444,0.032444,0.029333,0.023111,0.02]","[0.0003,0.012,0.0293,0.0446,0.062,0.0787,0.0946,0.1115,0.1287,0.1452,0.1614,0.1783,0.1946,0.2112,0.2286,0.2451,0.2617,0.2786,0.2952,0.3119,0.3287,0.345,0.3614,0.3787,0.3953,0.412,0.4288,0.4456,0.4623,0.4785,0.4953,0.5123,0.53,0.5458,0.5622,0.5794,0.5956,0.612,0.6291,0.6461,0.6623,0.6795,0.6955,0.7128,0.7292,0.7461,0.7623,0.7797,0.7958,0.813,0.8289,0.8458,0.8631,0.879,0.896,0.9123,0.9293,0.9464,0.9625,0.9797,0.9954,1.0124,1.0292,1.046,1.0633,1.0792,1.0962,1.1123,1.1294,1.1461,1.1634,1.1793,1.1962,1.2125,1.2292,1.246,1.2632,1.2793,1.2962,1.3125,1.3293,1.3461,1.3631,1.3791,1.396,1.4131,1.4301,1.446,1.4631,1.48,1.4958,1.5129,1.53,1.546,1.5632,1.5801,1.596]","[1,1,1,1,1,1,1,1,1,1,1,1,1,1,1,1,1,1,1,1,1,1,1,1,1,1,1,1,1,1,1,1,1,1,1,1,1,1,1,1,1,1,1,1,1,1,1,1,1,1,1,1,1,2,2,2,2,2,2,2,2,2,2,2,2,2,2,2,2,2,2,2,2,2,2,2,2,2,2,2,2,2,2,2,2,2,2,2,2,2,2,2,2,2,2,2,2]",490,1029.3818,4,315,0,315,0,1,229579,4,SV_73ADPjbMtd0KUBg,304,2022-03-02_15h06.07.165,implicit_time,2021.1.4,Linux x86_64,59.95563283
cursorjump,225,0,0.5,10,NA,0,NA,0,2,0.5,FALSE,errorclamp,1,"[-0.010417,-0.010417,-0.010417,-0.010417,-0.010417,-0.010417,-0.010417,-0.010417,-0.010417,-0.010417,-0.010417,-0.010417,-0.010417,-0.010417,-0.010417,-0.010417,-0.010417,-0.010417,-0.010417,-0.010417,-0.010417,-0.010417,-0.010417,-0.010417,-0.010417,-0.010417,-0.010417,-0.010417,-0.014583,-0.022917,-0.041667,-0.070833,-0.091667,-0.139583,-0.164583,-0.222917,-0.285417,-0.35,-0.38125,-0.441667,-0.470833,-0.527083,-0.579167,-0.622917,-0.641667,-0.675,-0.6875,-0.70625,-0.716667,-0.71875,-0.71875,-0.7125,-0.708333,-0.69375,-0.679167,-0.6625,-0.654167,-0.635417,-0.625,-0.604167,-0.585417,-0.572917,-0.56875,-0.558333,-0.552083,-0.53125,-0.5,-0.479167,-0.429167,-0.370833,-0.341667,-0.28125,-0.225,-0.197917,-0.145833,-0.097917,-0.05625,-0.039583,-0.010417]","[-0.011111,-0.011111,-0.011111,-0.011111,-0.011111,-0.011111,-0.011111,-0.011111,-0.011111,-0.011111,-0.011111,-0.011111,-0.011111,-0.011111,-0.011111,-0.011111,-0.011111,-0.011111,-0.011111,-0.011111,-0.011111,-0.011111,-0.011111,-0.011111,-0.011111,-0.011111,-0.011111,-0.011111,-0.014222,-0.023556,-0.039111,-0.060889,-0.073333,-0.107556,-0.126222,-0.172889,-0.225778,-0.288,-0.319111,-0.378222,-0.409333,-0.465333,-0.518222,-0.568,-0.586667,-0.624,-0.636444,-0.655111,-0.667556,-0.670667,-0.670667,-0.664444,-0.658222,-0.645778,-0.633333,-0.620889,-0.614667,-0.602222,-0.592889,-0.574222,-0.555556,-0.543111,-0.536889,-0.524444,-0.515111,-0.490222,-0.449778,-0.424889,-0.372,-0.319111,-0.294222,-0.247556,-0.200889,-0.179111,-0.138667,-0.104444,-0.076444,-0.064,-0.039111]","[0.0005,0.0167,0.0333,0.0492,0.066,0.0828,0.0999,0.1161,0.133,0.1495,0.1663,0.1827,0.1994,0.2161,0.2325,0.2495,0.2663,0.2833,0.3,0.3169,0.333,0.3496,0.366,0.3829,0.3997,0.4163,0.4341,0.45,0.4665,0.4834,0.5002,0.5166,0.5334,0.5501,0.5664,0.5831,0.6004,0.617,0.6336,0.65,0.6667,0.6831,0.7009,0.7168,0.7337,0.7505,0.7674,0.7832,0.8008,0.8175,0.8335,0.8504,0.867,0.8837,0.9006,0.918,0.9338,0.9503,0.9671,0.9841,1.0013,1.0172,1.0345,1.0502,1.0672,1.084,1.101,1.1178,1.1335,1.1502,1.1672,1.1839,1.2008,1.218,1.2343,1.2508,1.2677,1.2837,1.3006]","[1,1,1,1,1,1,1,1,1,1,1,1,1,1,1,1,1,1,1,1,1,1,1,1,1,1,1,1,1,1,1,1,1,1,1,1,1,1,1,1,1,1,1,1,1,1,1,2,2,2,2,2,2,2,2,2,2,2,2,2,2,2,2,2,2,2,2,2,2,2,2,2,2,2,2,2,2,2,2]",510,1031.1999,4,316,0,316,0,1,229579,4,SV_73ADPjbMtd0KUBg,304,2022-03-02_15h06.07.165,implicit_time,2021.1.4,Linux x86_64,59.95563283
cursorjump,235,0,0,10,NA,0,NA,0,0,0.5,FALSE,errorclamp,0,"[0.0125,0.0125,0.0125,0.0125,0.0125,0.010417,0.010417,0.010417,0.010417,0.010417,0.010417,0.010417,0.010417,0.010417,0.0125,0.0125,0.0125,0.010417,0.010417,0.008333,0.002083,-0.00625,-0.0125,-0.03125,-0.04375,-0.075,-0.1125,-0.135417,-0.183333,-0.233333,-0.258333,-0.30625,-0.33125,-0.379167,-0.422917,-0.4625,-0.479167,-0.508333,-0.522917,-0.545833,-0.566667,-0.583333,-0.589583,-0.6,-0.602083,-0.604167,-0.604167,-0.602083,-0.6,-0.589583,-0.58125,-0.560417,-0.533333,-0.495833,-0.477083,-0.433333,-0.410417,-0.366667,-0.327083,-0.2875,-0.266667,-0.227083,-0.189583,-0.175,-0.145833,-0.122917,-0.1125,-0.09375,-0.079167,-0.072917,-0.064583,-0.058333,-0.05625,-0.052083,-0.04375,-0.041667,-0.033333,-0.029167,-0.027083,-0.025,-0.025,-0.025,-0.027083,-0.027083,-0.025,-0.022917,-0.01875,-0.016667,-0.010417]","[-0.008,-0.008,-0.008,-0.008,-0.008,-0.008,-0.008,-0.008,-0.008,-0.008,-0.008,-0.008,-0.008,-0.008,-0.008,-0.008,-0.008,-0.011111,-0.011111,-0.014222,-0.020444,-0.032889,-0.039111,-0.057778,-0.070222,-0.101333,-0.141778,-0.166667,-0.228889,-0.294222,-0.328444,-0.4,-0.434222,-0.505778,-0.583556,-0.658222,-0.692444,-0.754667,-0.779556,-0.823111,-0.857333,-0.882222,-0.891556,-0.907111,-0.913333,-0.919556,-0.919556,-0.916444,-0.913333,-0.888444,-0.872889,-0.829333,-0.776444,-0.711111,-0.676889,-0.605333,-0.571111,-0.505778,-0.446667,-0.4,-0.378222,-0.340889,-0.303556,-0.291111,-0.266222,-0.244444,-0.235111,-0.216444,-0.197778,-0.191556,-0.179111,-0.172889,-0.169778,-0.160444,-0.151111,-0.144889,-0.138667,-0.129333,-0.126222,-0.12,-0.116889,-0.113778,-0.104444,-0.095111,-0.085778,-0.073333,-0.057778,-0.051556,-0.039111]","[0.0006,0.0164,0.0334,0.0489,0.0659,0.0827,0.0993,0.1157,0.1323,0.1488,0.166,0.1826,0.1991,0.2159,0.2327,0.2493,0.2663,0.2828,0.2993,0.3161,0.3328,0.3494,0.3665,0.3829,0.3995,0.4162,0.433,0.4498,0.4668,0.4833,0.4999,0.5169,0.5329,0.5499,0.5671,0.5827,0.5996,0.6168,0.6334,0.6495,0.6666,0.6832,0.7001,0.7169,0.7333,0.7501,0.7671,0.7835,0.8006,0.8165,0.8334,0.8505,0.8665,0.8835,0.9005,0.9163,0.9333,0.9504,0.9672,0.9842,0.9999,1.0168,1.0339,1.0509,1.067,1.0834,1.1,1.117,1.1336,1.1503,1.167,1.1837,1.2004,1.2173,1.2336,1.2502,1.2668,1.2836,1.3006,1.3173,1.3338,1.3503,1.367,1.3837,1.4004,1.417,1.4339,1.4505,1.4671]","[1,1,1,1,1,1,1,1,1,1,1,1,1,1,1,1,1,1,1,1,1,1,1,1,1,1,1,1,1,1,1,1,1,1,1,1,1,1,1,2,2,2,2,2,2,2,2,2,2,2,2,2,2,2,2,2,2,2,2,2,2,2,2,2,2,2,2,2,2,2,2,2,2,2,2,2,2,2,2,2,2,2,2,2,2,2,2,2,2]",510,1033.1847,4,317,0,317,0,1,229579,4,SV_73ADPjbMtd0KUBg,304,2022-03-02_15h06.07.165,implicit_time,2021.1.4,Linux x86_64,59.95563283
cursorjump,315,0,0.5,10,NA,0,NA,0,2,0.5,FALSE,errorclamp,1,"[0.002083,0.002083,0.002083,0.002083,0.002083,0.002083,0.002083,0.002083,0.002083,0.002083,0.002083,0.002083,0.002083,0,0,-0.002083,-0.002083,-0.004167,-0.004167,-0.004167,-0.004167,0.002083,0.008333,0.035417,0.054167,0.097917,0.14375,0.191667,0.214583,0.266667,0.295833,0.358333,0.425,0.483333,0.50625,0.547917,0.5625,0.583333,0.591667,0.59375,0.59375,0.595833,0.597917,0.608333,0.616667,0.620833,0.620833,0.6125,0.60625,0.591667,0.575,0.5625,0.525,0.45625,0.4125,0.316667,0.239583,0.208333,0.152083,0.102083,0.08125,0.04375,0.016667,0.00625,-0.010417,-0.025,-0.03125,-0.045833,-0.05625,-0.060417,-0.064583,-0.066667,-0.066667,-0.066667,-0.066667,-0.066667,-0.066667,-0.0625,-0.058333,-0.052083,-0.045833,-0.04375,-0.041667,-0.041667,-0.039583,-0.0375,-0.033333]","[-0.020444,-0.020444,-0.020444,-0.020444,-0.020444,-0.020444,-0.020444,-0.020444,-0.020444,-0.020444,-0.020444,-0.023556,-0.023556,-0.023556,-0.026667,-0.026667,-0.029778,-0.029778,-0.029778,-0.032889,-0.032889,-0.039111,-0.042222,-0.054667,-0.067111,-0.104444,-0.157333,-0.222667,-0.263111,-0.353333,-0.4,-0.502667,-0.592889,-0.658222,-0.686222,-0.739111,-0.757778,-0.782667,-0.795111,-0.798222,-0.798222,-0.801333,-0.807556,-0.823111,-0.835556,-0.838667,-0.838667,-0.832444,-0.829333,-0.82,-0.801333,-0.785778,-0.736,-0.661333,-0.617778,-0.515111,-0.415556,-0.372,-0.294222,-0.225778,-0.194667,-0.154222,-0.132444,-0.129333,-0.123111,-0.113778,-0.104444,-0.088889,-0.079556,-0.076444,-0.073333,-0.073333,-0.073333,-0.073333,-0.073333,-0.073333,-0.073333,-0.070222,-0.067111,-0.057778,-0.048444,-0.042222,-0.036,-0.029778,-0.023556,-0.020444,-0.017333]","[0.0007,0.0168,0.0334,0.0501,0.0667,0.0831,0.1,0.1168,0.1333,0.1495,0.1674,0.1841,0.2008,0.2174,0.2341,0.2501,0.2668,0.2834,0.3009,0.3177,0.3336,0.3502,0.3668,0.3835,0.4002,0.4169,0.4335,0.4511,0.467,0.4834,0.501,0.5175,0.5342,0.5508,0.5671,0.5835,0.6004,0.6169,0.6342,0.6508,0.6674,0.6842,0.7008,0.7175,0.7343,0.751,0.7675,0.7843,0.8008,0.8176,0.8344,0.8513,0.8677,0.8844,0.9012,0.9176,0.9341,0.9509,0.9676,0.9843,1.0009,1.0175,1.0342,1.0509,1.0676,1.0843,1.1007,1.1174,1.1341,1.1508,1.1674,1.184,1.2007,1.2175,1.2341,1.2512,1.2676,1.2841,1.3011,1.3176,1.334,1.3512,1.3677,1.3841,1.4015,1.4177,1.4342]","[1,1,1,1,1,1,1,1,1,1,1,1,1,1,1,1,1,1,1,1,1,1,1,1,1,1,1,1,1,1,1,1,1,1,1,1,1,2,2,2,2,2,2,2,2,2,2,2,2,2,2,2,2,2,2,2,2,2,2,2,2,2,2,2,2,2,2,2,2,2,2,2,2,2,2,2,2,2,2,2,2,2,2,2,2,2,2]",530,1035.1358,4,318,0,318,0,1,229579,4,SV_73ADPjbMtd0KUBg,304,2022-03-02_15h06.07.165,implicit_time,2021.1.4,Linux x86_64,59.95563283
cursorjump,305,0,0,10,NA,0,NA,0,0,0.5,FALSE,errorclamp,0,"[0.008333,0.00625,0.00625,0.00625,0.00625,0.00625,0.00625,0.00625,0.00625,0.00625,0.00625,0.00625,0.00625,0.00625,0.004167,0.004167,0.004167,0.004167,0.004167,0.004167,0.00625,0.008333,0.016667,0.033333,0.041667,0.066667,0.08125,0.11875,0.16875,0.229167,0.258333,0.316667,0.366667,0.391667,0.439583,0.48125,0.495833,0.520833,0.527083,0.535417,0.5375,0.533333,0.529167,0.51875,0.5125,0.5125,0.514583,0.514583,0.510417,0.5,0.485417,0.479167,0.4625,0.433333,0.4125,0.347917,0.279167,0.252083,0.208333,0.172917,0.15625,0.125,0.102083,0.095833,0.085417,0.079167,0.070833,0.0625,0.05,0.045833,0.035417,0.03125,0.027083,0.025,0.025,0.025,0.025,0.022917,0.020833,0.020833,0.01875]","[-0.036,-0.036,-0.039111,-0.039111,-0.036,-0.036,-0.036,-0.032889,-0.032889,-0.032889,-0.032889,-0.029778,-0.029778,-0.029778,-0.029778,-0.029778,-0.026667,-0.026667,-0.026667,-0.023556,-0.026667,-0.026667,-0.039111,-0.067111,-0.088889,-0.144889,-0.182222,-0.266222,-0.359556,-0.456,-0.505778,-0.596,-0.673778,-0.708,-0.770222,-0.813778,-0.832444,-0.857333,-0.866667,-0.882222,-0.888444,-0.885333,-0.882222,-0.872889,-0.863556,-0.860444,-0.857333,-0.848,-0.841778,-0.82,-0.795111,-0.782667,-0.754667,-0.717333,-0.686222,-0.602222,-0.499556,-0.456,-0.387556,-0.340889,-0.316,-0.272444,-0.238222,-0.225778,-0.210222,-0.204,-0.185333,-0.163556,-0.144889,-0.135556,-0.123111,-0.12,-0.107556,-0.092,-0.082667,-0.076444,-0.067111,-0.060889,-0.054667,-0.042222,-0.029778]","[0.0005,0.0167,0.0336,0.0501,0.0673,0.0831,0.1001,0.1171,0.1338,0.1497,0.1672,0.1837,0.2005,0.2171,0.234,0.2504,0.2671,0.2839,0.3007,0.3165,0.3341,0.3508,0.3673,0.3842,0.4001,0.4167,0.4334,0.4503,0.467,0.4835,0.5003,0.5169,0.5337,0.5504,0.567,0.5836,0.6003,0.6171,0.6339,0.6503,0.6669,0.6837,0.7007,0.7173,0.7341,0.7507,0.7674,0.784,0.8007,0.8173,0.8342,0.8509,0.8674,0.8841,0.9008,0.9174,0.9342,0.951,0.9677,0.9839,1.0008,1.0175,1.0338,1.0506,1.0673,1.0839,1.1006,1.1172,1.134,1.1505,1.1672,1.1838,1.2008,1.2173,1.2338,1.2511,1.2675,1.2841,1.3006,1.3173,1.3345]","[1,1,1,1,1,1,1,1,1,1,1,1,1,1,1,1,1,1,1,1,1,1,1,1,1,1,1,1,1,1,1,1,1,1,1,1,2,2,2,2,2,2,2,2,2,2,2,2,2,2,2,2,2,2,2,2,2,2,2,2,2,2,2,2,2,2,2,2,2,2,2,2,2,2,2,2,2,2,2,2,2]",530,1036.9875,4,319,0,319,0,1,229579,4,SV_73ADPjbMtd0KUBg,304,2022-03-02_15h06.07.165,implicit_time,2021.1.4,Linux x86_64,59.95563283
